from_bus,to_bus,resistance,reactance,susceptance,line_rating,line_status,P_from,Q_from,P_to,Q_to
2,5,0.00360973104959,0.0948427322648515,0,14700.4154818872,1,23.9790637289082,3.15390967509148,-23.9579003136018,-2.59785823964278
2,6,0.0005441077321502,0.123297779584469,0,110.676149314049,1,11.4682185529874,-0.805663182609421,-11.4674977566776,0.968999557529764
3,7,0.0002350634072682,0.0010668432439796,0,3717.19969487025,1,-551.90120718981,4.71844785465692e-12,552.624702080008,3.28360609007516
8,9,0.0026088667761249,0.0042673079028,0,521.412221095221,1,-222.051117689522,45.696036041649,223.402502175534,-43.4855844579739
8,10,0.0103978862914716,0.0302621763718255,0,253.35191282846,1,45.9682731270686,-17.6747196772933,-45.7140880801088,18.4145039475336
8,11,0.0070797371060004,0.0273516068764467,0,145.701911644501,1,69.9924152873777,-8.59064346061371,-69.6375853336565,9.96148100116918
8,12,0.0888528798017968,0.0672157169671912,0,507.934515931407,1,5.94025514583364,-9.93512375800142,-5.82026039099757,10.0258977823955
4,14,0.159843263383881,0.256030038817118,0,171.753367271216,1,-8.95013882185989,-0.24037229464726,9.08231782506757,0.452090915786729
12,15,0.002202167236881,0.0089909455862449,0,550.596804248372,1,-215.804072211013,26.0359658401796,216.849649354336,-21.7671133005526
13,15,0.0035810605448088,0.0478556697184032,0,4376.39325978074,1,-18.0392043876195,7.17687730049977,18.0526233367269,-6.99755254784161
12,16,0.0004874013173086,0.0049392516142863,0,680.262394794141,1,222.249572222578,-36.3130570828144,-222.001189683825,38.8301283584318
14,16,0.0014025481494884,0.013172227509447,0,422.706578463922,1,0.572288241496711,12.4835009014711,-0.570097947850962,-12.462930451733
8,17,0.0488463988496598,0.115458744204346,0,120.520335170371,1,7.66789586663189,-6.55876726430097,-7.6177716142486,6.67724648427723
11,17,0.005437131405371,0.0112555796241325,0,118.755199882195,1,-78.002786789438,-17.960655288264,78.3555997680931,18.6910247197913
14,17,0.0012418970892568,0.008841172953081,0,1567.12290649971,1,-134.072417102866,19.6605333158694,134.300453620455,-18.0371215943466
9,18,0.0013543568390982,0.0130135820812418,0,263.44403524986,1,102.667497109951,1.98047114443357,-102.524686448842,-0.60824913707973
10,18,0.0016033245021214,0.0129223588823589,0,193.344180362174,1,-101.729353928661,0.492770320154398,101.896357028965,0.853229191319599
13,19,0.0100782901837028,0.213949005409581,0,21.7810154277982,1,-2.05843821572416,0.758452483797546,2.05892039365962,-0.748216472743915
15,19,0.0107517810588265,0.210246587808009,0,20.6214122817095,1,2.0594347935726,-0.738157597299787,-2.05892039365962,0.748216472743826
14,20,0.0080970468716114,0.0045845226960538,0,359.255871816962,1,275.641391430007,-290.502104306936,-262.656185760272,297.854287275587
11,21,0.0002301975253643,0.0161216776439628,0,1086.76552230798,1,147.640372123094,7.99917428709557,-147.58940353976,-4.42963517419189
20,21,0.0003246759679972,0.0095962240612965,0,210.910376194529,1,-170.133924563489,0.382308551869598,170.229491938962,2.44231057115914
16,24,0.0005163416672072,0.0045342776729959,0,700.950414869861,1,244.178602164247,-24.7170414840029,-243.866557917685,27.4572721297875
22,24,0.0022284644327523,0.0633129794040989,0,51.2635895553164,1,3.10891009262719,0.648190765439171,-3.10868477793269,-0.641789341928566
23,24,9.57986421964858e-05,0.0015779563810772,0,1306.93687225027,1,-479.196452844162,-1.3455903058456899e-11,479.417413847796,3.63958003643349
6,25,0.0103924233084117,0.124283161398922,0,111.405565164334,1,11.4674977566775,-0.968999557529933,-11.4537305926981,1.13364129815943
24,25,0.0001381752755852,0.0032454511782212,0,2088.96064509798,1,-280.16881844477,-40.0131886313305,280.279874632105,42.6216685674819
22,26,0.0153887518346042,0.132898729606931,0,47.8231611074479,1,-3.1089100926272,-0.648190765439169,3.11046601241995,0.661627837272506
25,26,0.0007383778950817,0.0502405486147364,0,54.9542172888115,1,6.08102088263605,-0.275942063594977,-6.08074727700978,0.294558678284295
12,27,0.0241263463070263,0.708367931180382,0,97.0761278362167,1,-0.62523962056848,0.251193460242454,0.625349693326731,-0.24796164009656
18,27,0.653112684706084,0.653520217099195,0,97.0761278362167,1,0.628329419877095,-0.244980054242097,-0.625349693326722,0.24796164009657
24,29,0.0162393810535987,0.0786609871033284,0,201.742364269536,1,-12.4794131079738,9.55812580705417,12.5196787354211,-9.36308549173161
20,30,0.0002254355355015,0.00381677279815,0,822.626115717207,1,-253.835939818969,-200.598797124107,254.075895319775,204.66140254347
29,30,0.0756603171377574,0.0346121374625515,0,207.589141683493,1,6.27900186406905,-33.1964672419243,-5.40288013717118,33.597264473452
25,31,0.0311348626198487,0.0500392943986201,0,50.1413728354944,1,3.73011294036041,21.7520458197487,-3.57846584705091,-21.5083218104456
29,31,5.40176430965405e-05,0.0096379055185866,0,158.042812998969,1,-25.651993526192,50.3236368596183,25.6537419228563,-50.0116854138682
28,32,0.0010866453391968,0.0124065732774721,0,285.168590898721,1,72.6191529704204,36.7846848159846,-72.5462531478398,-35.9523645012162
29,32,0.0958839347051643,0.028860956406643,0,1351.76043382043,1,6.85331292670153,-7.76408412596243,-6.74898869125571,7.79548560339049
31,32,8.32338315613114e-05,0.0032653601991961,0,423.696142685395,1,362.74627937499,-23.7360028935349,-362.633591516301,28.156878897819
26,33,0.0582794718149452,0.18105648818133,0,2.48648043474031,1,2.97028126458966,-0.956186515557226,-2.96460778867352,0.973812269414789
28,33,0.0628955827118075,0.252331698440992,0,4.61032387483692,1,3.34796953629099,-3.27427352379226,-3.33400590115547,3.33029443365965
30,33,0.121602489867719,0.172248117209368,0,8.74715838820699,1,-6.2278600745226,4.40432814620064,6.29861368982902,-4.3041067030744
25,34,0.106434548338924,0.0010215174050177,0,624.855393801684,1,-6.66899022834962,6.59299285612384,6.7625919477269,-6.5920945032208
13,37,0.0104426884773131,0.0392837945221269,0,1398.49445066183,1,20.0976426033438,-7.93532978429688,-20.0491719260411,8.11766904794936
25,37,0.0487532541333439,0.084818918403118,0,540.579188922465,1,-16.0945211413175,4.7018468425985,16.2315865150882,-4.46338610883998
34,37,0.0481904621546595,0.116315163738858,0,476.00737634399,1,-5.61002644696888,5.01675908929192,5.63694051974317,-4.95179779525881
34,38,0.0046600494162743,0.243210446435954,0,24.206493404461,1,-1.15256550075805,1.57533541392886,1.15274057355049,-1.56619827219401
37,38,0.0241529655487456,0.189988416979678,0,41.3990122450237,1,3.17549246062781,-0.0366131275526167,-3.17307591061531,0.0556218290100221
31,39,0.0017902040961554,0.0018364466825553,0,764.032523934195,1,-384.821555450793,95.2560101178576,387.70402048589,-92.2990884111909
39,41,0.0040765442024397,0.0331334397266524,0,307.53091343389,1,57.5377289486035,-9.12998937697809,-57.3974745397307,10.2699527312335
40,41,0.0017964917457509,0.0075803947066502,0,619.31841079235,1,227.697935081118,25.9377515116622,-226.754433486571,-21.9565951774149
16,42,0.0033334234939081,0.020971489942591,0,17745.1327194711,1,-21.6073145325695,-1.65015642270126,21.6230201180883,1.74896460874503
36,42,0.340778646116228,1.28444128670659,0,97.0761278362167,1,0.0,0.0,0.0,0.0
38,42,0.0540799235608814,0.481527114018813,0,2.6307310548264,1,0.750394397266262,0.725812604338827,-0.749808863456384,-0.720599016983921
40,42,0.0017508036190084,0.0214604008105575,0,680.78688745952,1,20.7757811170811,1.02677600848014,-20.7682056112984,-0.933919568914317
28,43,0.0059984126888464,0.0139329540721733,0,170.869598216544,1,-37.1068933689199,-27.7353828881779,37.2372236692203,28.0381106567547
35,43,1.50322142506497,0.517124585919358,0,97.0761278362167,1,0.0,0.0,0.0,0.0
38,43,0.0211338262322846,0.390250394456219,0,97.0761278362167,1,1.26994093979848,0.784763838844989,-1.26947305162834,-0.77612396734456
39,44,0.0024424303033068,0.004303377866269,0,1057.09662050775,1,-445.241749434496,101.429077788164,450.404795806228,-92.3321797319335
40,44,0.0001601011731399,0.024191897811488,0,100.636140938233,1,-101.578541071809,1.92082857135342,101.595066538131,0.576232410154126
7,46,0.0005281451653339,0.003310247119326,0,2317.14846258068,1,-300.740949247473,74.9177105596017,301.252231106396,-71.7131573197841
28,46,0.0006959704419983,0.0191975541320342,0,492.284889433223,1,-38.8602291377926,-5.77502840401507,38.8711042276596,6.07500540564352
37,47,0.0112258668633794,0.353782780812083,0,39.1020362617315,1,-4.99484756941811,1.33412798370202,4.99782429135412,-1.24031670150507
40,47,0.0743411168901972,0.266939680607433,0,102.549516270856,1,-7.80320619382499,2.2681183430314,7.85229689518864,-2.09184635935697
45,48,7.10293203619887e-05,0.0045335595285425,0,493.058229885159,1,204.320991698507,-34.3746224595972,-204.288650897033,36.4388256355915
41,49,0.0183844228630138,0.0434229932534136,0,240.247257353579,1,-57.5696396997536,11.6866424461823,58.2116290292375,-10.1702990433644
43,49,0.0253581808172773,0.0216557821540698,0,111.859181970945,1,-31.6723061453599,37.7098418228248,32.2872844155838,-37.184652908627
46,49,0.0022593663758252,0.0104213517710355,0,322.169530948601,1,-122.729725315751,-17.7142311556959,123.080435812517,19.3318871037068
5,50,0.0007915658829772,0.0199999835478671,0,644.738957339595,1,23.957900313602,2.5978582396433,-23.953259458842,-2.48060076197294
47,51,0.0033952739499248,0.0433742988170044,0,276.5983555201,1,53.7912036701973,-3.57654083388045,-53.6925273246477,4.83712167688869
48,51,0.0702217832033605,0.170219058385511,0,9.7356858058492,1,-4.32440584508839,-13.9267215090481,4.48230073413578,14.3094619937165
50,51,0.0001168712406671,0.0147191347607028,0,115.126991797016,1,-62.7425195670223,-36.0537164249994,62.7487068087458,36.8329572733488
1,52,0.001837751686822,0.0021810991342976,0,5366.3293373718,1,3952.68146653262,-1717.43656464629,-3611.35071603291,2122.53819494951
45,52,0.0004752647007279,4.35084104877943e-05,0,474.273458989828,1,-204.320991698547,34.3746224595938,204.537387424357,-34.3548123747044
51,52,0.0001719999566722,0.0014632556588088,0,1338.48520824802,1,-602.239728967106,1990.94893954297,609.681428130644,-1927.64015375677
2,53,0.0005806048999176,0.036501467610639,0,41.7079792560667,1,-35.4472822818955,-2.34824649248207,35.4546265067514,2.80996320506767
46,53,0.0048772180716731,0.0082367380702728,0,386.788895466667,1,-311.828798454404,133.961692074641,317.499911811742,-124.38420863946
7,54,0.0004401745273872,0.0034759622532785,0,1353.01332078386,1,-251.883752832537,-78.2013166496936,252.192330461745,80.6380868955733
42,54,0.106026791064327,0.489675067337538,0,2.5259381326091,1,-0.105005643333506,-0.0944460228465644,0.105026815996762,0.0945438068613517
47,54,0.0097941278491079,0.0264802097843831,0,743.588442170235,1,88.6098287309156,-31.4431614298183,-87.7439911844795,33.7841110500453
50,55,0.0695216644848464,0.478086214116075,0,97.0761278362167,1,-0.552888916475031,-1.05344975664675,0.553883774725873,1.060291192597
4,56,0.0138214718153225,0.113515856749026,0,217.799364674503,1,-9.56968368623879,0.240372294646936,9.58274896949078,-0.133067020517311
46,56,0.0160447934043957,0.010780591841949,0,386.808207638198,1,94.4351884361038,-50.6093090047986,-92.5758527091353,51.8586077065263
50,56,0.0001044364395939,0.0145135394898207,0,107.098533744978,1,71.4017491311732,60.4110237954539,-71.3925128995367,-59.1274640234449
48,57,0.051210069855994,0.0659013679723623,0,67.3669904727474,1,3.01702271923657,-22.5121041265393,-2.73767757124072,22.8715886466959
55,57,0.007212972921522,0.230871831516563,0,97.0761278362167,1,2.01406687482438,5.89122782684571,-2.01127090791758,-5.80173490795408
56,57,0.0186433646347644,0.0372716558044605,0,25465.6329588858,1,-17.5400091680495,7.4019233374365,17.6095534557945,-7.26289098964
57,58,0.0268891692594003,0.680802211555543,0,97.0761278362167,1,-0.664783395460684,-1.78325101948368,0.665784619474524,1.80860083659068
8,59,0.0907539416905029,0.195797599669349,0,76.3450864976128,1,3.29077796290902,-3.49354056340553,-3.26970899146032,3.5389959338315
55,59,0.0030850532710391,0.0665500081742458,0,751.153997328182,1,-20.6560465832221,1.10023463404963,20.6692469948208,-0.81547861118079
57,59,0.0095378652703104,0.152355294352701,0,1635.42765141055,1,-12.1958215811752,-8.0237117296172,12.2167186909179,8.35751653978645
58,59,0.0152982184759923,0.108347948133014,0,437.856377261902,1,-12.7593949905328,0.749939845938854,12.7844488657006,-0.572498533313321
10,60,3.64702834840204e-05,0.0085220760129262,0,1423.31464067077,1,147.44344200877,-18.9072742676844,-147.435331019072,20.8025836578191
50,60,0.0005764488591504,0.0189262194056261,0,4399.07596881024,1,15.8469188111657,-20.8232568518356,-15.8429282795609,20.9542757193362
51,60,0.0001422804426082,0.0020227802032435,0,1659.93233648985,1,613.999384951254,38.5396264544291,-613.460881153045,-30.8837968659095
55,60,0.0001909354098863,0.0030901001753633,0,177.821826710769,1,166.121127827937,41.1706268786183,-166.065200460398,-40.2654979224848
58,60,0.001519446879819,0.0042610709122657,0,482.520820479314,1,104.055546601794,-28.894257840682,-103.877902443612,29.3924354112286
62,65,0.01480657753087,0.0241281500208981,0,1054.18260230146,1,92.6012933353658,-15.273713547523,-91.2998334080326,17.3945156239929
63,66,0.0017639333125418,0.0033563860660966,0,1977.90273823302,1,288.594305689406,-6.77148310124562,-287.111331853959,9.5932636539967
64,66,0.0003304263360652,0.0016078261934359,0,2561.41374581984,1,-538.68676845657,115.883430548398,539.708703862336,-110.910780568507
62,67,0.001080546930254,0.0510648058900017,0,42.2692833403274,1,13.340772316757,2.23323472204749,-13.3387994720025,-2.14000144210203
65,67,0.0321341819044435,0.167668126500961,0,455.384608350388,1,-11.1762187578717,-2.75842042824971,11.2195488323388,2.98450592277513
61,68,0.0034437774057523,0.0243270961146358,0,509.104585185441,1,-65.9423740572664,-4.16812724191678,66.094810515332,5.24494955933574
61,69,0.106587506958705,0.441251636902082,0,18.4160231372527,1,-0.679395098717674,0.745222915037349,0.680494085274504,-0.740673323523566
65,69,0.0034616687387734,0.09848609295121,0,1642.50703893238,1,-15.2551809508981,1.45313136127742,15.2634526447166,-1.21779780750548
68,69,0.045480639149111,0.070004497691806,0,421.941037553466,1,16.0635573234865,-1.7743646700621,-15.9439467299913,1.95847113102886
63,73,4.49560761330597e-05,0.0018308108747756,0,2180.04718462787,1,529.82266125784,126.615268726183,-529.688073251394,-121.134247983059
64,73,3.33636507524455e-05,0.0017539166719715,0,1509.25376349704,1,-529.588190262735,-115.883430548427,529.688073251393,121.134247983059
65,75,0.0095425955967565,0.0174470865710107,0,264.08981836082,1,-74.3775569021007,17.7829549462289,74.9454207156021,-16.7447081700508
70,75,0.0004704406537658,0.0248310476359836,0,147.256697932745,1,60.749164162529,-7.66301308071803,-60.7313035742813,8.60574010491323
62,76,0.065648070374187,0.0758956148165542,0,1198.36978477271,1,9.35783928562774,-0.0885069166123504,-9.30046772116835,0.154834077986843
74,76,0.0007664199560017,0.0395507848947015,0,60.0651760624157,1,43.3761190768697,11.1092022920107,-43.3607405592123,-10.3156002477219
75,76,0.0168361361907871,0.303785339367222,0,3.53572437825038,1,-0.88122966229895,0.205161910390596,0.881368745986655,-0.202652333086675
72,77,0.0328507182374573,0.121196267471215,0,160.165980343645,1,8.35657385212172,1.71860243390349,-8.33266315433959,-1.63038861456234
70,78,0.006719011735559,0.0485493508550778,0,102.803170136911,1,-51.8251010716849,-3.33165674591287,52.0085989971989,4.65755190990078
74,78,0.0013471128612303,0.0189415614978428,0,196.080880056021,1,-107.320488811663,10.8771674850577,107.477366869089,-8.67132753065593
70,79,0.0349683731520876,0.270728972941837,0,11.1623832704736,1,-1.92307900578812,0.718151569814499,1.92457118725848,-0.706598937521457
77,79,0.0200117717398818,0.0659468376175109,0,157.366645117054,1,8.33266315433952,1.63038861456244,-8.31809740199589,-1.58238860151672
72,80,0.0223431328542021,0.0114240135324221,0,70.3472486805559,1,39.0033279068571,-7.1916532543354,-38.6518750153702,7.37135064120386
61,81,0.0003997825613081,0.0238451948260552,0,441.000713099831,1,66.6217691559839,3.42290432688004,-66.603730922719,-2.34700650603864
71,81,0.0001047089423543,0.0024187777819188,0,648.158225329707,1,-387.834536399658,-1.7763568394002499e-12,387.994679739685,3.69931301061961
80,82,0.0187896694346911,0.808427527845074,0,97.0761278362167,1,2.72489714600573e-15,-3.97250100164287e-16,-2.72489714600573e-15,3.97250100164287e-16
74,83,0.030270780529807,0.0101818863963365,0,406.551275785628,1,63.9443697347937,-21.986369777067,-62.5591737780489,22.4522945937183
75,85,0.0418772497493952,0.119503936486343,0,610.484563356015,1,-13.3328874790218,7.9338061547471,13.4346074232194,-7.64353079465227
80,85,0.0057428188493053,0.0244772369292382,0,83.5616738804531,1,38.6518750153702,-7.37135064120421,-38.5615416541963,7.75637255153907
83,85,0.0133146116222232,0.519120415104672,0,23.8264750241033,1,-2.48461288122116,-1.66197796332094,2.4858452250417,1.71002554096138
76,86,0.0069241010640894,0.0377001152023155,0,170.157485885211,1,48.9452208200749,9.17638559237478,-48.7717877235575,-8.23208283623632
83,86,0.0019361110928753,0.0320400005035221,0,519.596133047803,1,65.0437866592697,-20.7903166303978,-64.9502729683896,22.3378407956749
79,89,0.0320354157015523,0.608862619901995,0,97.0761278362167,1,-0.471428258017436,-0.0929115590115291,0.47150334621452,0.0943386794468031
87,89,0.0309711082541541,1.90600992585171,0,97.0761278362167,1,0.471575939768548,0.0988061990909924,-0.471503346214522,-0.0943386794468141
76,90,0.0369090513385202,0.297526852418509,0,3.32808847887822,1,0.484146556109405,0.328819519714861,-0.484018864069758,-0.327790183840403
88,92,0.0205469792688748,0.417315567047735,0,2.99348139655574,1,0.440578426974305,-0.312715052422519,-0.440517380221421,0.313954931042297
90,92,0.207712020692199,0.724817277759631,0,97.0761278362167,1,-0.115823252599662,0.228664862246421,0.115961419553385,-0.228182724549529
91,92,0.477136276530465,1.17660421583156,0,97.0761278362167,1,-0.0328601025440307,-0.361056838548423,0.0335026329371223,0.362641299857483
87,94,0.0005414972727348,0.0634641986387198,0,563.027528759271,1,22.6304358052796,-0.504262190064101,-22.6276343944782,0.83259125195037
88,95,0.0158867996641394,0.0585557702190136,0,1138.15328101297,1,-9.0646441424121,4.54879864824971,9.08127675887743,-4.48749393688714
93,95,0.0139136470003042,0.0395084345390865,0,30.3163189972513,1,22.4651625207353,-2.12601915458094,-22.3932014420266,2.33035591599682
87,96,0.0282125925549025,0.352683659900435,0,6.60053530141813,1,1.68397060973394,0.376671073269899,-1.68312241802266,-0.366067887602003
95,96,0.0054528358178051,0.938779466804359,0,8.38584829481942,1,-1.6829584823569,-0.337844144572542,1.68312241802267,0.366067887602046
95,97,0.0051565740375387,0.0989826165772966,0,131.299886304429,1,6.46131202621527,-2.60205581032962,-6.45875919749528,2.65105843582065
88,98,0.0428085700664828,0.830529948846474,0,97.0761278362167,1,-0.276014192754047,-0.209557305771937,0.276066522335896,0.210572553066322
90,98,0.055021434738885,0.450040634347115,0,6.12756903699799,1,-1.16846455981131,0.317159806148027,1.16928113444649,-0.31048074064287
94,98,0.215146944703585,0.761785264259397,0,6.95320267973123,1,1.44992682533795,-0.0836944173415926,-1.44534765678239,0.0999081875765706
72,99,0.0050961308950198,0.0149172347889968,0,666.379845798827,1,147.430207816332,-4.72346959555044,-146.321392810885,7.96915816096151
93,99,0.0115174621618341,0.0456257916059435,0,1202.19525720608,1,13.3539924177981,-5.92703010670138,-13.3290214040543,6.02595140145007
92,100,0.130758309303965,0.434919009165748,0,3.41221700628072,1,0.291053327730916,-0.44841350635024,-0.290673910483699,0.44967549707265
91,101,0.0079924593846427,0.72934467844908,0,97.0761278362167,1,0.0328601025440454,0.361056838548476,-0.0328493395852791,-0.360074674445694
95,101,0.0053684919747679,0.0824642670070131,0,138.609253189941,1,8.53357113929106,5.09703797579256,-8.52815907694128,-5.01390443349268
88,104,0.0145997627677639,0.0723176128527828,0,340.88971574608,1,8.67809126584345,-5.78824252309783,-8.66192137564281,5.86833751354406
90,104,0.0096404236393612,0.220033110974181,0,21.2147815881949,1,1.76830667648078,-0.218034484554008,-1.76799684612112,0.225106055312713
94,104,0.0107191209440766,0.0969074202209522,0,764.422858272486,1,21.1777075691402,-0.74889683460909,-21.1291368603214,1.18800579834736
97,104,0.0114008039354613,0.0980300885894413,0,133.143258344727,1,6.45875919749532,-2.65105843582066,-6.45311508194388,2.69958950000253
100,104,0.0264504160448106,0.0845873792437805,0,47.5285490483795,1,3.5818359837741,-1.30160020250034,-3.57794793982678,1.3140340125142
100,105,0.0139988480566672,0.0690333569161395,0,24.0088108981658,1,-3.29116207329027,0.851924705427531,3.29279956123339,-0.843849663169377
103,105,0.456247928318939,1.85499727056855,0,97.0761278362167,1,0.0,0.0,0.0,0.0
99,106,0.0106745702240734,0.0095620114395507,0,646.608332965338,1,141.106676631482,-15.0631027406118,-138.928550175036,17.0142136196575
101,106,0.0140881262595776,0.0778182255359284,0,106.522699519191,1,8.56100841652637,5.37397910793789,-8.54618168810169,-5.29208108436453
104,106,0.145342993604389,0.610343048562568,0,2.88217473680886,1,0.477114741510889,2.21916319735668,-0.469538074323201,-2.18734627908221
102,109,0.511719144438661,1.18350021186984,0,97.0761278362167,1,0.0,0.0,0.0,0.0
108,110,0.0019009097419444,0.0046489173386636,0,911.149807264663,1,-226.613041780256,38.173459321843,227.62217272235,-35.7055008332479
102,111,3.76407269088526e-05,0.0030368217063437,0,2476.56140978939,1,375.488919529249,64.023102148225,-375.434306264968,-59.6169506192032
105,111,0.120483858674413,0.170778123659083,0,25.8112697406504,1,-3.14661041310739,-0.156713792095994,3.15871698542559,0.173874080014992
81,112,0.0033957974345712,0.010059475836259,0,142.033106424853,1,-40.7959564505385,14.1795050755321,40.8603052557749,-13.9888826182626
104,112,0.013335314911611,0.0250479166002877,0,118.453478545852,1,41.1130033623448,-13.5142360770769,-40.8603052557744,13.9888826182633
79,113,0.0198281665504418,0.231369918404421,0,113.680513498362,1,6.86495447275493,2.38189909804973,-6.8543256441898,-2.25787395474706
88,113,0.0600523101664205,0.303177132486867,0,97.0761278362167,1,0.221988642348194,1.76171623304263,-0.220061456936323,-1.7519867397838
105,113,0.054502968442378,0.823463180329776,0,97.0761278362167,1,-0.146189148126044,1.00056345526565,0.146753322438436,-0.992039575065741
106,113,0.0070981083638409,0.0475133973275545,0,171.503579368101,1,-16.2602571434343,-9.53478625621139,16.2865254536157,9.71062136534168
111,113,0.0888480198774672,0.0808786574927635,0,19.8032254620592,1,9.45926751419741,4.80009356680298,-9.35889167492807,-4.70872109574499
62,114,0.196600033627524,0.29567622478618,0,95.7081351860253,1,4.25554354839944,0.0620707025087804,-4.22000736633309,-0.0086261330302213
76,114,0.0184321518939427,0.231614442609844,0,22.166599388708,1,2.35047215820963,0.858213390731915,-2.34930647147441,-0.843565622799587
86,114,0.002397373978159,0.0149457077686139,0,520.897362434581,1,-86.0604282538786,-14.1057579594376,86.2471038562121,15.2695309149398
99,114,0.0003500183671146,0.0845351069102113,0,5054.80530885959,1,18.5437375834552,1.06799317820079,-18.5425139817189,-0.772473533195375
110,114,0.0080064027679089,0.0176727320663395,0,179.505118308063,1,61.4541306124577,14.3486812656093,-61.1352760366856,-13.6448656259149
81,115,0.0006490751117379,0.0037197235845214,0,1352.70274653102,1,-280.594992366424,-15.5318115801123,281.115728254939,18.516047966299
84,115,0.002409400565416,0.80583154480668,0,97.0761278362167,1,0.0,0.0,0.0,0.0
111,115,0.0009410834688917,0.0065327214170052,0,657.886472372026,1,268.23148260216,14.7733178347672,-267.549583651799,-10.0397782237627
107,116,0.0025070080030426,0.0017690064527903,0,2511.8700148504,1,-317.948685070981,-1.1990408665951699e-12,320.589417597629,1.86336576272079
108,116,0.0045964577678426,0.0021718837445429,0,966.771749720543,1,226.613041780258,-38.173459321839,-224.172932365691,39.326441518147
111,116,0.0020420513401906,0.0210828207807612,0,490.490883883761,1,94.584839163183,39.8696651376144,-94.3688188875084,-37.6393995867811
115,116,0.0429568659879541,0.165152176250692,0,5.65777482921815,1,2.05506162087618,3.57883960997057,-2.04766634442161,-3.55040769408566
65,118,0.0028291870488898,0.0057940283930233,0,790.182042741474,1,-231.186452048467,-33.87218150325,232.758124248315,37.0908846830261
115,118,0.0007372525495823,0.0431226153471088,0,112.625533012448,1,-15.6212062240191,-12.0551093525096,15.624107747951,12.224822296202
117,118,0.0119564898533742,0.0150479078652272,0,114.37388907142,1,51.7448188711595,-40.5836484461389,-51.2277534368898,41.2344040701224
63,119,0.0004582485659662,0.0005261957997433,0,1998.16198784441,1,-818.41696694724,-119.843785624944,821.579981569904,123.475799192653
67,119,0.0002474081875831,0.0249784271870012,0,159.813300558784,1,2.11925063966415,-0.844504480672191,-2.11923775822136,0.845804996163719
117,119,0.0003997032711182,0.001198464989454,0,1245.17870320803,1,579.161046759123,-190.681876598026,-577.675001574232,195.137614780645
62,120,0.0005955087760837,0.0147201424607728,0,290.550883110773,1,-119.55544848615,13.0669150395796,119.641403019486,-10.9422394232457
68,120,0.0032687552712421,0.0182025557659516,0,871.961970107586,1,-82.1583678388179,-3.47058488927322,82.3809308969537,4.7099607803961
117,120,0.0008798203981779,0.321189394049606,0,38.5394145687055,1,-5.37637072533836,0.061154095986329,5.37662507351468,0.0316988735517902
123,127,0.0097872574345558,0.226745863864725,0,22.9659877687237,1,1.1524835101115,0.395177049097164,-1.15233662491409,-0.391774092630721
124,127,0.0030723573730331,0.0260130060022334,0,280.608229931991,1,101.006132599144,-9.53024944791484,-100.685921537339,12.2414094014486
125,127,0.0031432453798119,0.0072759472809932,0,293.863014933189,1,204.818228200763,17.8528127349702,-203.492616225657,-14.7843017915116
126,127,0.000168434616887,0.0031068674902072,0,1845.65033979363,1,-305.171775415629,2.24820162486594e-12,305.33087438791,2.93466648268968
125,130,0.0001556079954872,0.0006918673307417,0,1609.16523138842,1,595.880362469419,-312.476996257457,-595.177499177899,315.60208085133
125,133,0.0004840356765356,0.005531319947748,0,180.762389439101,1,96.589811771262,-38.9073906077589,-96.5374450090135,39.5058120272238
132,133,0.0313338319722381,0.138260643309562,0,611.345051788365,1,14.1011238099013,-4.10580135621295,-14.0337207604199,4.40321754809723
124,134,0.0070193679731424,0.0106686040137246,0,265.262728438656,1,-103.739748399854,10.9724409291913,104.513211860922,-9.79686851059374
132,134,2.40265933975159e-06,0.0021056073295583,0,897.090640921067,1,-438.227795167415,67.3188819550066,438.232505360852,-63.1910317590632
130,135,0.0053612845675894,0.0325731179245057,0,167.789165305391,1,17.2274938558219,-0.801491087007919,-17.2116234743441,0.897913465052999
131,136,4.47338132936933e-05,0.009883859393847,0,1234.02167568934,1,280.294849682474,7.77124325542262,-280.259677455614,1.4654943925052099e-12
129,137,0.0064561089289217,0.0549451857983481,0,360.138500782497,1,15.5583025902247,-0.838814580825784,-15.542629456805,0.972201925628344
128,138,0.110057517988939,1.70468630950343,0,97.0761278362167,1,0.0,0.0,0.0,0.0
129,138,0.0034131374976498,0.0113473125804661,0,846.514516420038,1,-168.587282538509,53.1739175541,169.653858562813,-49.6279802612303
132,138,0.0021184558427433,0.0057679278371734,0,615.830221328066,1,243.58961230126,-62.7162521902676,-242.252926753072,66.3556510521071
135,138,0.000753101283681,0.0136967713723748,0,711.414248586816,1,-72.5572627153665,17.4879935311438,72.599068190258,-16.7276707908824
133,139,0.0011717173815567,0.0051280156855329,0,356.061048848563,1,110.571165769433,-43.9090295753261,-110.406257060185,44.6307517764408
131,140,5.90577447357715e-05,0.0038683882763287,0,706.781669669372,1,232.428129399671,5.44894155321221,-232.396207196666,-3.35797996275261
135,140,0.0600288919483984,0.0403041219879735,0,3220.53879408603,1,9.74388882230086,-9.3237278440572,-9.6350889367025,9.39677739934807
140,143,0.0017774670110433,0.0046906078473114,0,391.997100592867,1,202.819593205346,1.93088123078118,-202.087901748359,-8.826273045769989e-13
135,144,0.0045355444279837,0.022326676747909,0,119.009779337653,1,98.3225539556524,-11.0627716961086,-97.8800739085541,13.2409245365947
140,144,0.0058728657595978,0.0317095007136298,0,141.975922652281,1,39.2117029280234,-7.96967866737837,-39.1176161528364,8.47768358134369
142,144,0.0023866461104137,0.003738665789584,0,847.28786549933,1,-242.277618991464,1.93178806284777e-12,243.69510140952,2.22047709569986
130,145,0.0002251726915747,0.0032447971956488,0,814.898360455553,1,342.108046807774,-233.587195004452,-341.723481097511,239.128887158498
139,145,0.0031123680906509,0.0127919051885595,0,167.62551847782,1,23.3698852548698,-48.2440666850638,-23.2811239335245,48.6088777787359
122,146,0.184850670395225,0.365597489652846,0,9.94973246515485,1,-5.52512463320303,1.503962575502,5.58573514509556,-1.38408715959409
130,146,0.0036191779477693,0.208106220184383,0,10.6640814894962,1,5.58692183393782,-1.31585140742505,-5.58573514509554,1.38408715959423
141,147,0.0042123608477925,0.0588634313644284,0,447.428160894372,1,-4.55744955422151,-2.404775808152,4.55858285344695,2.42061250486017
122,148,9.98611036704001e-05,0.0039396409153255,0,875.278265896838,1,273.43546058229,82.4407381329562,-273.354010444488,-79.2274320142549
145,148,0.0106460511530864,0.0015781067260228,0,1207.47672441074,1,169.238981647829,-293.139599457751,-157.263828902708,294.914724226595
147,148,0.0090559879996556,0.0507953523866938,0,2029.84889076294,1,-1.25453378397775,-2.62952788989849,1.25531010122261,2.63388228038771
139,150,0.0067321553768398,0.040294732446218,0,341.446737068582,1,20.4808088301588,1.67405711861524,-20.4525964024471,-1.5051940780781
144,150,0.0007753612390217,0.043476594989391,0,30.9761140105449,1,-29.7690486975004,-3.40276311547478,29.7760096973073,3.79308514099817
145,150,0.0029763835255876,0.137695414250833,0,8.70958454253722,1,2.80540213660861,5.40183452051849,-2.8043194823936,-5.35174805842628
149,152,0.0003883084342694,0.0046594793191371,0,451.79073344794,1,205.577879440724,-41.9401686285391,-205.40402119976,44.0263681718439
149,154,0.0333032997108494,0.0579868836667014,0,214.077346962609,1,7.35083102154764,-5.52823611041723,-7.32217645596473,5.57812873293219
153,154,0.0342748665930753,0.226415436515404,0,29.4267436446159,1,-2.50553727005682,0.468879516589977,2.50779791946935,-0.453945952307397
153,155,0.0080178636889321,0.0404992722219542,0,1088.26387903235,1,-29.1633159728903,-3.26670337683389,29.2334057286083,3.62073584819028
147,156,0.015400942451725,0.311771576242555,0,97.0761278362167,1,-2.06536977240188,0.777028102492119,2.06612715967948,-0.761695805387301
147,157,0.230808217195083,0.277857054224195,0,7.0895306819164,1,-1.23867929706722,-0.568112717453195,1.24300807821849,0.573323894046869
149,157,0.131179951211704,0.417418369637603,0,7.15368423026685,1,0.343566077460975,-2.00041226494035,-0.338069557152992,2.01790235031121
151,157,3.1133556198818e-05,0.0003700522445777,0,1209.94240456257,1,830.438475424701,55.2619710019883,-830.222818901483,-52.6986859096828
153,157,0.0026851576657388,0.0030252073583808,0,1434.9604453317,1,-260.887697617396,2.79782386024041,262.743081356377,-0.707473408420256
156,157,0.0415123746953445,0.684849830779848,0,97.0761278362167,1,0.591882112865865,-0.98480688588362,-0.591326310876779,0.993976221556803
152,158,2.70362967249265e-05,0.0046475356653868,0,470.074604447778,1,205.404021199758,-44.0263681718466,-205.391916175566,46.1072201552005
137,159,0.0028161632725905,0.0570045012056966,0,382.103396065588,1,15.5426294568051,-0.972201925628353,-15.5357928152322,1.11058855490518
149,159,0.0041043036132636,0.0015214859769202,0,494.802879865636,1,-213.27227653973,49.4688170038987,215.273166744184,-48.7270769489975
156,159,0.0215422338464943,0.0505210051367339,0,5398.29415859124,1,-12.897114943784,-7.57228617568024,12.9459825804485,7.68689091632772
154,160,0.0008348092728073,0.0782442366795861,0,101.538844551653,1,4.81437853649528,-5.12418278062504,-4.81395945686848,5.16346189092573
157,160,0.0004753932504724,0.0011697235712758,0,1633.90526160776,1,531.057314440307,57.8161748901739,-529.699465967616,-54.4751359436817
158,160,4.45094922855292e-05,0.0028738877112009,0,4190.63150725218,1,-328.978984724664,-46.1072201552,329.028613878745,49.3116740527306
130,161,0.0036913282117969,0.0036560432137922,0,1999.60297170341,1,230.25503668036,-79.8975433524458,-228.072750473851,82.0589693265327
148,161,0.0161430933880264,0.0315067477261837,0,98.8772311054098,1,-84.1267033081347,43.8212984502216,85.5893098165391,-40.96670465117
139,162,0.119575848115643,0.141180232471648,0,115.204999094105,1,0.906051439777899,1.9392577900074,-0.900614361382993,-1.93283836665515
150,162,0.006005982152984,0.0883955568543867,0,523.339917435073,1,-10.1592735424045,2.77008177545165,10.1659094031224,-2.67241571710738
141,163,0.0522415038067546,0.0297231299877115,0,300.443110561615,1,4.55744955422156,2.40477580815163,-4.54339442980579,-2.39677905730103
156,163,0.00120900968934,0.0335405326769079,0,37.6142032091829,1,27.6617247787855,6.96030475310627,-27.6517486350685,-6.68354504035977
155,164,0.0017707760773564,0.0330522975002819,0,843.633421815261,1,-29.2334057286082,-3.62073584818958,29.2488853211166,3.90966910367875
156,164,0.0348392780088923,0.045369597661944,0,1066.14373029589,1,-17.4226191075469,2.35848411384504,17.5318373851662,-2.21625414823975
122,166,0.0043635528216497,0.0669217567477983,0,43.2033442337519,1,-13.6147254949187,0.950322337739129,13.6228532169617,-0.825671288535209
159,166,0.0006928626341931,0.004838378239815,0,292.913651222369,1,-177.526874406865,18.9677224416763,177.747883168741,-17.42438046955
165,168,0.0001332130902076,0.0043199031162339,0,608.976362609992,1,-236.129187768991,3.0919711235810598e-12,236.204207371645,2.43277454776122
167,168,0.0006991009855981,0.004288367170556,0,783.122831911964,1,236.597909507626,4.84778947362904,-236.204207371647,-2.43277454776377
161,169,0.0068929858074086,0.0081711221914637,0,515.175994691775,1,142.483440657313,-41.092264675365,-140.958160743669,42.900370610702
163,169,0.0030680536456625,0.0147153223629819,0,372.18564818384,1,-142.090354200023,30.2035685676496,142.750461142882,-27.0374940526413
167,169,0.0221333459883025,0.0393824316081206,0,9.33706656466798,1,1.84979268276659,15.965174056429,-1.79230039920998,-15.8628765580589
150,170,0.0376433753908016,0.150015507821278,0,8.01508426430004,1,3.64017972993812,0.293775220056141,-3.63517711341734,-0.273838908553544
159,170,0.0161497955329844,0.0301030577231843,0,78.5126783851173,1,-35.252915746552,18.0529229185235,35.5064313866931,-17.5803722949995
162,170,0.0023249811069937,0.0156540634328682,0,495.42429091207,1,90.5423395474343,-12.778706608464,-90.3479429808239,14.0875758184962
167,170,0.0015382724472875,0.0089742242100264,0,484.83004855474,1,-95.5586371391822,-14.1943417516112,95.7030065376256,15.0365874493626
163,171,0.0006766300331499,0.0297203928009112,0,45.852654922144,1,-30.4679716556039,-10.9046502081922,30.4751962554886,11.2219845502754
164,171,0.0024047620585557,0.0302737689786822,0,56.367049759871,1,30.5008726855021,11.5452274705693,-30.4751962554888,-11.2219845502761
162,172,0.02574819337731,0.161897786427772,0,30.6284347332739,1,1.76407986601659,-0.354765904427328,-1.76324618158227,0.360007890244275
123,173,0.123445406035096,0.279412525596785,0,8.44186928721122,1,-0.709092152091891,-0.319298237746533,0.709846950861771,0.321006687152496
121,174,6.27634527516548e-05,0.0012224273296153,0,2076.06838916409,1,529.329798107951,24.3125631590256,-529.15357017239,-20.8802178174729
164,174,0.0001184482485609,0.008411159383101,0,347.353345370088,1,-130.381557015433,-13.2386424260117,130.401979172528,14.688845534622
166,174,0.0161973586404438,0.0392647678748444,0,191.732041436457,1,-12.790569076572,6.87422619076227,12.8247217973391,-6.79143499727312
167,174,0.0005090020136489,0.0026362593874597,0,462.875183552318,1,-368.927728773676,-9.37224629034464,369.624846372557,12.9828072801513
167,175,0.01422703441531,0.0094809497362254,0,1252.4078128772,1,169.925102661411,2.75362451189275,-165.793036593404,-1.19348975147204e-13
123,176,0.0498409217823123,0.391293960703924,0,10.9822298934314,1,-0.443391358019631,-0.0758788113506725,0.443493326928474,0.0766793546950349
121,177,0.0086547447808076,0.233041544632752,0,3.37461919070865,1,-1.54528591674823,1.92350114083773,1.54581279728943,-1.90931411877433
173,177,0.0279122260299868,0.415596694206791,0,97.0761278362167,1,0.795140827085125,0.101908409455937,-0.794960119062246,-0.099217772856598
176,177,0.137753983208804,0.0822146275652632,0,6.42593670307689,1,0.757241938877631,-2.00471863939263,-0.750852678227305,2.00853189163077
125,178,8.20422228604704e-06,0.0003647008426244,0,1669.38199177786,1,-897.288402441437,333.531574130222,897.363412927949,-330.197146236539
124,179,0.0344617711470201,0.447475670408209,0,44.3348379735954,1,2.73361580071018,-1.44219148127864,-2.73028247461072,1.48547371203471
173,179,0.0036551035623898,0.89211258482014,0,2.65482435570764,1,-1.10491786754956,-0.336977774454766,1.10496700402461,0.348970667959155
173,180,0.0516213922800636,1.16892295600991,0,97.0761278362167,1,-0.400069910397327,-0.0859373221536358,0.400156988912646,0.0879091418011808
176,180,0.22595109030044,0.0131194515084834,0,22.3910924393749,1,-1.20073526580604,1.92803928469754,1.21250870865914,-1.92735568050517
179,180,0.210340131605272,0.0831757787442782,0,25.6953198581458,1,1.62531547058607,-1.83444437999384,-1.6126656975717,1.83944653870402
182,187,0.0029207198667508,0.0098548674978197,0,185.36302500468,1,-52.3029560598716,-1.97396883645803,52.3838692212592,2.24697977919907
186,187,0.0010388892857979,0.0232263081368873,0,1934.50854760528,1,-13.5954808803168,8.73320446818621,13.5982040790583,-8.67232227991562
185,190,0.0033523290112523,0.0078032794390293,0,586.459666464232,1,-138.985179291469,73.6992890726985,139.81262868012,-71.7732195313053
189,191,0.0010278220115113,0.0049156932285817,0,845.966757506375,1,717.105297080575,-67.3193634286001,-711.773245263849,92.8205987751593
190,191,0.0001411396531877,0.004531058936686,0,998.844975215476,1,-711.041052398,116.326459483012,711.773245263849,-92.8205987751622
192,193,0.0186459167396942,0.0592343876986768,0,48.5464546825668,1,-4.05452644763721,12.3821605137979,4.0861792121244,-12.2816059446907
184,194,0.0002102477222796,0.0045007456187457,0,504.730831621808,1,221.303229085365,-14.7545926571922,-221.19980230766,16.9686362224229
193,194,0.0032280427179897,0.0018387029916623,0,631.918400229672,1,-219.611837153988,17.8731460241208,221.199802307648,-16.9686362224328
186,196,0.0026975979048635,0.139893399890953,0,1423.47239220873,1,-14.0690089738059,3.77117696338077,14.0747545227418,-3.47322137354532
186,197,0.245917504328041,0.139094441385168,0,376.857848720411,1,4.90216159008488,-3.23710898607718,-4.81696377113005,3.28529808537345
193,197,0.0223400327775138,0.0292037642385628,0,8379.99869798745,1,20.0396267056255,-5.59154007942656,-19.9416447025823,5.71962598444714
195,197,0.0059995656966956,0.154187390788917,0,43.1924551881762,1,5.28905525440744,5.40524449829157,-5.28561871807716,-5.31692634379426
190,198,0.0374399626549385,0.140216744401346,0,161.487162452118,1,8.35213005415852,-0.772099123079833,-8.32580668055458,0.870683028796364
192,199,0.0400120600659305,0.0749386809306068,0,1533.87232853412,1,-24.5806196395426,13.9071259979399,24.8997618385939,-13.3094038265048
195,199,0.0038886923054747,0.0647122058458852,0,1333.00582883367,1,-28.5701807565763,1.24431479867601,28.602032097919,-0.714272718839801
197,199,0.0088613275834844,0.0436637686355658,0,171.748756375353,1,-61.5225090679066,-7.37724535344618,61.8692252270239,9.08567267556929
192,200,4.66453698385154e-05,0.0002939547202563,0,1984.2322208729,1,-925.978457024963,148.261352298246,926.388664584937,-145.676262953759
198,200,0.007435310263872,0.23711730883952,0,169.267803696206,1,8.3258066805546,-0.870683028796368,-8.32057904580131,1.03739600247292
192,201,0.0001825800418056,0.0015741032782165,0,1040.2588284578,1,468.213555408053,10.3979136145326,-467.813098859332,-6.9454006241164
195,201,0.0156630883875873,0.0503868885840661,0,497.307440896188,1,23.2811255021691,-6.64955929696717,-23.18916132287,6.94540062413113
188,202,0.0006502579828996,0.0018116933235755,0,929.281162334855,1,-478.286567877633,16.9348069916446,479.792993004147,-12.7377338053963
192,202,0.0005692382366224,0.0001748509028681,0,1363.15584270103,1,498.095862235547,-11.6898267057932,-496.682807209411,12.1238698378711
200,205,4.23798611319069e-05,0.0006616780702957,0,3556.64365673293,1,-714.994886337024,47.5004945199697,715.21249589859,-44.1029497680729
199,206,0.0714848225491221,0.267883927286037,0,2.34497001389202,1,4.60592712770273,-0.438313696893631,-4.59061544783214,0.495693050871317
203,206,0.0444435138545142,0.353155317173852,0,8.15857241630426,1,-1.0140423426395,0.37601260834445,1.01456371155658,-0.371869726980916
203,207,0.116651478275226,0.34094483125487,0,7.84661425044768,1,1.01404234263949,-0.376012608344449,-1.01267389875128,0.380012247932783
206,207,0.0011775549654564,0.0711268807731032,0,486.961994381514,1,10.7180130221557,-1.50849788227898,-10.7166270282634,1.59221492753051
206,208,0.06737429099313,0.208108203222392,0,110.994842443471,1,-9.8915703299884,4.84887432167684,9.97371582160897,-4.59514028734437
208,209,0.02464321849889,0.637393177553985,0,22.4873816141014,1,-3.39259321823442,2.0449004840718,3.39650282980888,-1.94377896276739
204,211,3.28933848976355e-06,0.000154977156873,0,612.477560011748,1,-440.433371590849,-34.076469978956,440.439921192157,34.3850543926454
210,211,0.000238283489332,0.075910059814274,0,48.0124761617567,1,30.0867775595961,13.3716803321637,-30.0841945284015,-12.5488031238765
204,213,0.0021972776799185,0.0090004710421033,0,1798.26532613742,1,-126.345890652025,34.0764699790628,126.729824534176,-32.5038031195394
210,213,0.0050634384012262,0.0118935682130286,0,539.828206079009,1,111.293751959389,39.3013522691993,-110.588369646228,-37.6444717083912
196,214,0.0940732586367969,0.10067073859507,0,1183.18618423561,1,-14.0747545227416,3.47322137354566,14.2751188950902,-3.25880518721632
208,214,0.188572355345099,0.147915711506143,0,65.1387800304293,1,-6.58112260337461,2.55023980327255,6.67609870530058,-2.47574077255965
210,214,0.213886652663001,0.207828392786579,0,40.0013553073561,1,-1.01476940276615,-0.546885841965865,1.01761161643914,0.549647550993804
213,215,0.0083666349327465,0.0115236355020046,0,841.731206104114,1,-16.1414548879471,70.148274827932,16.5839791111747,-69.5387719763944
211,217,0.0002427904504579,0.0030943824192911,0,454.348388168032,1,-410.355726663761,-21.8362512688726,410.774013905066,27.167353391172
209,218,0.0126267313939508,0.0153271298011313,0,933.853685526472,1,89.4294974958409,1.27011527690305,-88.3831564881707,-1.48492329543615e-13
209,219,0.0179723351185818,0.00748488969788,0,1111.28841660063,1,-92.8260003256499,0.673663685864641,94.4303527993063,-0.0055033593067604
210,219,0.0024458175356999,0.0401675184961884,0,1035.84996455961,1,-40.0746931606012,4.11960359154212,40.1143876092651,-3.46770398021323
216,219,0.0006230267332485,0.0124684044080942,0,357.601791079012,1,153.011246444137,-1.82587202496706,-152.865359903928,4.74544559052685
215,220,0.0382807076875513,0.095313753512277,0,84.028849191748,1,29.4090703197281,-8.41597147783973,-29.0383595055195,9.33899096478899
197,222,0.003207379615194,0.0169633914368859,0,516.864883203652,1,91.5667362596956,3.68924762741815,-91.2922394278247,-2.23747148431634
202,222,0.0541861205487077,0.129970798835505,0,391.764315272892,1,13.9436707691337,2.02128971489376,-13.8354970052199,-1.76182418448574
220,222,0.010788796034414,0.101039283470416,0,66.0903090007591,1,29.0383595055195,-9.33899096478917,-28.9338806804441,10.3174565498065
199,223,0.0010829353283885,0.0376033055949213,0,1676.7545896747,1,-119.976946291239,5.37631756666993,120.133235483472,0.0505903036761193
214,223,0.0045617243146348,0.0869226090465642,0,765.717663193188,1,-21.9688292168301,5.18489840878186,21.9919187891136,-4.74493191229297
215,223,0.026849845066113,0.0032398601472742,0,496.229558777094,1,-70.6866451260514,77.9547434542331,73.7637115617677,-77.5834465290164
216,223,0.0052020671575044,0.0102800049554136,0,1082.1416033726,1,117.40116796586,-58.3000799153471,-116.507352243221,60.0663835365335
221,224,0.0002186757450737,0.0053423405687237,0,274.931552168795,1,186.786479956974,93.2036504604397,-186.690351460384,-90.8551907948689
185,225,0.0040222492219328,0.0056995507048304,0,557.779554111962,1,138.985179291465,-73.699289072698,-137.992374692476,75.1060990040831
221,225,0.0003467693683868,0.0039362435452371,0,331.37649419183,1,-194.936697844492,-92.6435357929818,195.099654677685,94.493289090949
221,226,0.0100460515587808,0.0502068124867298,0,35.333742574994,1,-0.312931262914514,-1.49676699724233,0.313168229488805,1.49795127708515
217,227,0.0004390370747637,0.0547163371782855,0,1421.70776163531,1,25.4603453695575,0.360640349475,-25.45745163631,-9.13505382449387e-13
212,228,0.0098019686330727,0.0012553478422896,0,261.281836653647,1,178.783334773218,-81.446923129175,-174.995772749757,81.9319999531966
224,228,0.0019250807116896,0.0042795585091105,0,330.640928016846,1,189.945246054427,83.8130873119986,-189.099073491597,-81.9319999531965
224,229,0.0018900285769574,0.0685325083616846,0,194.783992333421,1,8.52833344792465,9.50641623534982,-8.52518984099076,-9.39242892790401
221,231,0.0367495630222636,0.0583088795290152,0,189.733813235977,1,8.46314915043013,0.93665232978172,-8.4362705586084,-0.894005276495849
202,232,0.0258013353648234,0.198662805825102,0,97.0761278362167,1,1.17615693292219,2.13340073524251,-1.17461703395798,-2.12154395943653
231,232,0.0819194757297053,0.336103509809406,0,4.19091149826031,1,0.285265666115794,-0.265033410699871,-0.285139441288246,0.265551292524507
182,233,0.0070433920633593,0.110735184388147,0,98.4152427198925,1,7.77147120511606,1.24985691130464,-7.76705817151953,-1.18047583970928
224,233,0.0012375336079247,0.105558016761443,0,98.9851784039724,1,-8.20133296057104,-1.97703311736099,8.20223111556533,2.05364312563446
226,233,0.0737478904929223,0.406574091765517,0,97.0761278362167,1,0.435885498677061,0.877095618655712,-0.435172944045858,-0.873167285925401
182,234,0.021659824083392,0.10957462085431,0,27.4104896779945,1,3.58785284778848,0.551881249726557,-3.58496656616769,-0.537279874708044
224,234,0.0230496633971638,0.375222010847268,0,24.6685259040827,1,-3.58189508139608,-0.487279635119064,3.58496656616773,0.537279874707995
183,235,0.0093726768324211,0.0233853301177213,0,362.566316322307,1,-68.6451363785201,2.48412401759879e-13,69.0928289366695,1.11701688330426
202,235,0.0383833765086549,0.0938856727828849,0,19.8274113160935,1,1.7699865032318,-3.54082648260659,-1.76393771089796,3.55562181822952
207,235,0.0008810499415169,0.0646260261298146,0,11240.4314180496,1,11.7293009270147,-1.97222717546334,-11.7280511441171,2.06390018783886
229,235,0.0110855562020176,0.0046211050174491,0,666.966253711879,1,-150.212003335711,14.2330226465695,152.820928104314,-13.1454709605165
230,235,0.0001813091203237,0.0085203200875066,0,311.24049433032,1,208.081535951658,-0.73446222430068,-208.003031885583,4.42363003858019
231,235,0.035631778393962,0.404167003435303,0,6.67903354404358,1,0.420203638786186,-1.96865818848529,-0.418736300387339,1.98530203255983
182,236,0.0606129469384625,0.746811942181365,0,97.0761278362167,1,0.525229817308476,0.17223067542598,-0.525042543277115,-0.169923272632604
230,236,0.157139398533553,0.112115285044712,0,70.4496373232438,1,5.14143223724847,-0.776330424823651,-5.09894643547231,0.806643050561938
222,237,0.009477604101571,0.0491968989180591,0,74.3641130970081,1,-31.7106364165453,-6.31816088100409,31.8123254806234,6.84601439259936
230,237,0.0039593760235487,0.0614456230610234,0,32.5280302762717,1,27.5954253532457,9.13713783163467,-27.5619688322023,-8.61792551920377
236,237,0.0090311073491218,0.168561303641954,0,83.1801214515855,1,5.62398897874935,-0.636719777929213,-5.6210538721757,0.691502139743559
181,238,0.0005891591245304,0.0134850359692237,0,326.073077976164,1,-119.028759186148,1.98729921407903e-12,119.112752813354,1.92249773770847
186,238,0.0160829755381355,0.0354108449563681,0,844.745075105735,1,22.7623282640377,-9.26727244548988,-22.6648066488685,9.48199159285553
188,238,0.0011843126147515,0.0119917116795058,0,262.028134800138,1,-106.515323956491,-16.934806991657,106.654663180905,18.3456809315291
226,238,0.0240857369490728,0.0469793590057977,0,24.5645107137308,1,-0.749053728165769,-2.37504689574101,0.750558269364511,2.37798151141269
230,238,0.0002423903421899,0.0053637144568921,0,344.881423756407,1,203.956870306071,34.4229281231507,-203.853167614754,-32.1281517735075
229,239,0.0068200475193733,0.0697737060828844,0,159.773108084321,1,-9.16353483378913,-4.84059371866481,9.17110685246152,4.91806059903481
231,239,0.0266287549833908,0.0721162465205361,0,114.608060625963,1,7.7308012537065,3.1276968756814,-7.71198047874322,-3.07672627462226
232,239,0.0111351521727532,0.259042181457772,0,5.98984815871061,1,1.45975647524626,1.85599266691198,-1.45912637371836,-1.84133432441302
184,240,0.0232968800685376,0.0770385024352928,0,312.072494699285,1,-6.70880017928241,2.04946728842467,6.72026418164744,-2.0115579386955
187,240,0.0070196389156652,0.0133251969345197,0,364.678964833682,1,-65.9820733003171,6.42534250071864,66.292959488592,-5.83519538164968
190,240,0.0002389404089874,0.0018931159817075,0,1371.58976655866,1,503.171042508883,-43.7811408286175,-502.561908999526,48.6072829886824
230,240,0.0007964376687201,0.0022895058468968,0,1055.15622614657,1,-437.715081434102,155.032641309067,439.432436892061,-150.095788725845
241,245,0.0053383601041069,0.0160492294247999,0,114.540549282006,1,-40.3360670710857,4.61764965467094,40.4248462910021,-4.35074408052318
244,246,0.0073306239275651,0.097099413149612,0,121.563423313167,1,7.85643043311682,-6.16297860862604,-7.8490407379778,6.26086046267329
243,250,0.0074900168643357,0.0215716683725564,0,474.786809795202,1,-80.7245634343321,9.57567358739198e-13,81.2389985794832,1.48160205128789
247,250,0.0358757964843517,0.0029184050614584,0,324.278693332131,1,55.9505968648377,-15.9881409080316,-54.7358101294637,16.0869607282035
242,251,0.0030004747609304,0.0094760251373316,0,259.127132608732,1,-107.45770141452,34.6899416069855,107.840278438407,-33.4816963177628
246,251,0.0083133445583005,0.194319002401714,0,1751.77332604864,1,-19.8945749900155,1.23787554532642,19.9276061068168,-0.465794751604408
248,252,0.0065178082332816,0.0345430861936924,0,485.047945832985,1,136.121381153363,6.41471292066007,-134.911012500893,-6.10622663543836e-14
244,253,0.0029955234043309,0.0098895437910457,0,1003.70642347582,1,172.377915961631,-14.1610030827568,-171.471928437229,17.152067443583
246,253,0.0016063654039637,0.0260909334146735,0,89.40081027566,1,38.4903606140448,32.6802587198662,-38.4494062128912,-32.0150685016879
250,253,0.0047623069138638,0.0026867356256604,0,370.773720795933,1,-207.773297214752,-13.6511495736835,209.921334650115,14.8630010581057
246,254,0.0199116005520775,0.19077214048336,0,71.3236527772599,1,-6.04123347846065,0.859632459853913,6.04864765649228,-0.788597556892704
251,254,0.0573824910641632,0.439850786882292,0,75.7404231581572,1,6.07001429668458,-0.624817049506003,-6.04864765649232,0.788597556892618
255,256,0.000529724863177,0.0021025966632022,0,718.133667684447,1,-395.673082447674,235.284092617588,396.795653089082,-230.828358237524
256,257,0.000537162862474,0.0015079813352958,0,1276.87917391996,1,481.63420222876,1.63305258178402,-480.381102561081,1.88478351995486
249,260,0.0085082853103049,0.0445107203772509,0,123.780753918813,1,-12.4169791555262,4.24523257199058,12.4316848330272,-4.16830046695066
258,260,0.0003457906064763,0.0001691904268705,0,2494.04575878044,1,816.913552577123,-97.0565074611404,-814.57335338053,98.2015336521882
246,261,0.0057501643536691,0.0968561968538673,0,57.6889716111136,1,4.33916561604337,3.54327792668458,-4.33736103180319,-3.51288137527214
255,264,0.0742051778728325,0.218925880916326,0,97.0761278362167,1,-0.24162205983518,1.89556781545736,0.244331705361834,-1.88757360870658
257,264,0.0077120639500073,0.0764081614649454,0,97.0761278362167,1,0.244613315893401,-1.88478351994384,-0.244331705361866,1.88757360870649
256,265,0.0002554727208745,0.0001357579018437,0,4264.60453461135,1,-990.944920220939,229.195305655744,993.60268172385,-227.782974335198
262,265,0.0001127960331072,0.0002405502345366,0,2276.38257611129,1,994.776133642436,-225.280456059719,-993.602681723785,227.782974335169
261,266,0.0013681072489466,0.0423071671970096,0,254.784390494049,1,-66.5938253173723,4.89370603971656,66.655275552226,-2.99342712353496
263,268,0.000180874596108,0.0010689952650944,0,815.633330277425,1,560.231957997791,-31.808946799256,-559.662435161998,35.1749098915079
267,268,0.0001289271426793,0.0009890280762707,0,775.057139881166,1,-559.256480132993,38.2890789721559,559.662435161998,-35.1749098914966
260,269,0.0400368167808411,0.0041709035695759,0,112.691594625672,1,39.2295953916118,0.0645314972085441,-38.6101527007826,-1.10328413072125e-13
260,270,0.0001413426046265,0.0013019630059719,0,2994.13538330068,1,601.486651959263,32.2369858091682,-600.971086811981,-27.4879099682171
266,270,0.0015874569493095,0.0209877669756932,0,290.016686004334,1,-66.6552755522256,2.99342712353492,66.7265781510754,-2.05073552482961
255,271,0.0223900638226467,4.11646691764439e-05,0,324.629494449778,1,-5.81878950257523,100.240682145004,8.07616752961159,-100.236531901377
260,271,0.0003923385231737,0.0037778452784692,0,588.029673111629,1,161.425421196626,-126.334750491636,-161.259685651763,127.930625504291
244,272,0.0038174535675801,0.007599709044423,0,180.044203213834,1,-180.234346394747,20.3239816913841,181.504047757493,-17.7962860012196
271,272,0.0093593938119217,0.0257560694408119,0,166.321542572171,1,61.0593191251827,-15.7309273176167,-60.6883409999376,16.7518201817104
272,273,0.0092974322741831,0.0886846161118219,0,32.9810704124738,1,6.91896988412688,-2.17401883593575,-6.91407957401165,2.22066561565377
270,275,0.732035143487633,0.684706547316517,0,97.0761278362167,1,0.413203785954323,-0.786911013400767,-0.407375562678086,0.792362421945785
267,276,6.13331508358159e-05,0.0010547453512835,0,875.904636589087,1,559.256480132998,-38.2890789721449,-559.063359425371,41.6101731248221
274,276,0.0202895590162796,0.0399017081723053,0,1353.48341475264,1,-15.9440977853806,6.65071461975388,16.00483897803,-6.53126020769951
276,277,9.49371262140031e-05,0.0032427243750279,0,1601.11779553369,1,299.615022473046,13.7596481189769,-299.529458572565,-10.8370807654301
259,278,3.23820127453078e-05,0.0025386948451305,0,840.261965550486,1,-238.446159546626,23.3752369544141,238.464729299131,-21.919399871908
270,278,0.0368249392713136,0.196133526529257,0,9.74180052857147,1,4.26352549857035,-2.75957612442112,-4.25395271892869,2.81056176260432
274,278,0.0070985637628788,0.0611884439176536,0,391.48337255156,1,14.5006128958638,-4.13747766790838,-14.4844216702623,4.27704335087834
275,278,0.001195927347055,0.188600818049252,0,97.0761278362167,1,0.407375562678055,-0.79236242194576,-0.407366041097482,0.793863999687554
276,278,0.0011786585936988,0.007742783752208,0,482.068494435957,1,211.737870742792,-42.4489957043919,-211.187176057818,46.0665910640997
279,280,0.0001829151517354,0.0103987188011407,0,834.764173760167,1,-149.559164102523,1.94566585065559e-12,149.600110778453,2.32781683091093
259,281,0.0050419362683868,0.115234749957875,0,97.0761278362167,1,-1.21873312354756,2.56143775477168,1.21913840810017,-2.55217487210201
271,281,0.0063968915512512,0.0156233804170372,0,164.473393919458,1,92.124198996971,-11.963166285285,-91.5738150637335,13.3073906629379
273,282,0.0092966537276254,0.0883880521334757,0,26.3195499253855,1,6.91407957401176,-2.22066561565379,-6.90918967340036,2.26715640716126
245,283,0.0106106334799608,0.0259157311910477,0,103.243740778128,1,-31.8670944523351,14.0265841626758,31.9964964579712,-13.7105288017984
259,283,0.0120022502255925,0.132830787203667,0,97.0761278362167,1,1.42183342760508,2.65853477478955,-1.42074357788033,-2.64647323681537
277,283,0.0014291799255142,0.0108579233728205,0,356.343867055967,1,135.487591735132,-2.27724821670014,-135.224312924035,4.27745904078884
249,284,0.0085023167507971,0.0444685707211038,0,127.03547093495,1,12.4169791555262,-4.24523257198987,-12.4022837940535,4.32209182577628
274,284,0.102272010228305,0.0805452974162456,0,111.762834967341,1,1.44348488951696,-2.51323695184524,-1.43486739351392,2.52002374304059
276,284,0.0073633751298021,0.0346320007046288,0,95.7132680358174,1,31.7056272314992,-6.38956533172008,-31.6284567163941,6.75251972238753
281,284,0.0089138240748841,0.0191665075658071,0,197.116356269008,1,-45.2644759055236,14.0271093828415,45.465607903961,-13.5946352912068
277,285,3.1737370861413e-05,0.0182032017337353,0,880.661246403975,1,96.0259500233226,13.1143289821266,-96.0229592664853,-11.3989584719713
280,286,0.0106422949831002,0.0918472823504559,0,36.2267353088415,1,-6.86406979874886,2.34159090243438,6.86966748650504,-2.29328060764663
282,286,0.0751393771208314,0.0496671947187504,0,31.3728218830696,1,6.90918967340015,-2.26715640716115,-6.8696674865049,2.29328060764634
255,288,6.06998536152329e-05,0.0007432760886288,0,2471.35710660374,1,504.340974447659,31.8488062563366,-504.185962703353,-29.9506711516031
259,288,0.411046542145357,0.731076099071425,0,97.0761278362167,1,1.0437640813326,-0.439326086215762,-1.03849785370208,0.448692454152714
280,288,0.00188638869855,0.0190684229552398,0,1007.84397828075,1,-79.2989478559934,11.2721361726163,79.4199669382271,-10.0488235820243
281,288,0.0145370799744876,0.0528977603027655,0,98.3313344924521,1,18.3667968690775,-8.43065763311075,-18.3071404057226,8.64773653097695
245,289,0.0036402657132077,0.0276171299777447,0,97.0761278362167,1,-8.55775183866674,-9.67584008215406,8.56386242080269,9.72219844013763
261,289,0.005591941311373,0.0326233431679019,0,286.991754593596,1,-54.5731610678497,-1.3808246644445,54.7410396510118,2.36022704441902
281,289,0.0007490446270974,0.0170992626260335,0,221.702502941037,1,62.8800635469113,-16.3516675405661,-62.848292596674,17.076937841339
288,289,0.13498391230156,0.314305633385766,0,50.5265151538281,1,-0.0813159183919713,-0.135488475142473,0.0813496592261809,0.135567039573496
285,291,0.00057603083415,0.0267157603898427,0,312.478879687817,1,70.065098883798,15.0343649015033,-70.0352875500241,-13.6517436896047
290,291,0.0023243445637,0.0358190961124422,0,272.21172235664,1,50.0642112419241,19.9276324115874,-49.9967230658478,-18.8876121396009
288,292,0.0002890926601716,0.0025787406273206,0,471.819491624087,1,271.849779499052,31.0385542236395,-271.633116113284,-29.1058912670564
290,292,0.0001566635338291,0.0063915442028048,0,1028.48403667329,1,169.325498091018,29.6007472654683,-169.279208201972,-27.7122167009299
291,292,0.0120561063121489,0.0326883130760503,0,105.169612527439,1,-24.099237907241,-9.39474212084977,24.1812280317057,9.61704597155017
283,293,0.0022617453387607,0.0147521482373037,0,754.683580063285,1,104.648560043943,12.0795429978242,-104.395954057199,-10.4319300246851
285,293,0.0195177432173767,0.0451424086431736,0,206835.50253007,1,25.9578603826873,-3.63540642953162,-25.8227198157348,3.94797180298152
287,294,0.0010740253225318,0.0076449717575575,0,246.531795953662,1,181.080346358291,2.54817242407382,-180.722359200663,-1.7874590696464998e-12
241,296,0.119847109575443,0.0403911943719331,0,543.227311736764,1,1.2837081640394,8.44685231649053,-1.19544173485577,-8.41710452774283
242,296,0.006649775956962,0.0037510552632646,0,527.427134079917,1,189.432678896954,-84.0852120635769,-186.576263463778,85.6964802046436
295,296,0.0067924821313162,0.0053697858096847,0,240.246079012026,1,-179.923825063552,75.9414884739036,182.609025107688,-73.8187079035011
242,297,0.0069277172123689,0.0272111634758726,0,177.894963670145,1,130.816547039344,-2.19742425667817,-129.630674424982,6.85537615941278
287,297,0.0001177305095376,0.0007099191023897,0,271.842858580993,1,-181.080346358289,-2.54817242407695,181.119587528484,2.78479805689804
292,297,0.0145146815824624,0.0281820517665245,0,580.991216428654,1,50.7780496516866,-5.48450339427309,-50.3978411562972,6.22272527246323
296,297,0.187589999776209,0.316304221428538,0,98.5608365578642,1,5.16268009094707,-3.46066777340163,-5.08883899640957,3.58517467646138
295,298,0.0013150523759143,0.0085256944543071,0,267.661180724363,1,179.923825063551,-75.9414884739035,-179.403959331175,79.3118609949359
248,299,0.0009534398195668,0.0366004401599369,0,40.087283441564,1,43.7709854626557,28.2783046409692,-43.7450942162571,-27.284397112638
292,299,0.0017503607534288,0.012298623505832,0,645.109023523461,1,122.658232046401,52.6855653907105,-122.344989941295,-50.4846209800631
293,299,0.0021358736113574,0.0105322526925605,0,237.292265282359,1,130.218673872935,6.48395822170597,-129.850277750276,-4.66735211066714
298,299,4.98502871355887e-05,0.0032405980073068,0,1354.72844980693,1,-295.892297420704,-79.3118609949299,295.940361907828,82.4363702033609
241,300,0.0008048070117143,0.0151651768783611,0,275.456222565771,1,39.0523589070462,-13.0645019711595,-39.0385893540519,13.3239650519432
248,300,0.0085893015748338,0.0157784327792337,0,504.604434459724,1,53.3549831020882,-11.3780633345531,-53.0993470591264,11.8476633462282
52,102,0.0005850800811818,0.0230202272185529,0,329.695087788339,1,136.019723964513,-119.474229783205,-135.816745845798,127.460491089134
8,87,0.0025461388087889,0.0943989725441114,0,649.635100687675,1,24.8017756970525,0.556758681965266,-24.7859823547822,0.0287849177032805
20,66,0.0003655468063413,0.0011388828815031,0,556.836205308185,1,555.155988462416,-97.6377987033759,-553.974910704398,101.317516914551
21,85,0.0001907537924884,0.0313518324808816,0,545.005110185899,1,-22.6400883992026,1.98732460303209,22.6410890059354,-1.82286729784732
70,163,0.0059988224523168,0.0369944717224685,0,21.9122633503562,1,-7.00098408505607,10.2765182568148,7.01037672524426,-10.2185942617969
78,129,0.0002158978981135,0.0024769897874779,0,476.514369151469,1,-399.530105017224,4.01377562075893,399.875326359627,-0.0530620287130357
93,157,0.0211578359325377,0.004224265059679,0,175.35769044615,1,-35.8191549385321,8.05304926128211,36.1088108946058,-7.99521803797214
117,148,0.0003680658982247,0.0020132072897679,0,1353.10662214085,1,-512.257299769321,268.880766478943,513.489232554102,-262.14247294296
132,184,0.0018510962029437,0.0291682457014728,0,194.601750378569,1,108.651634924631,-0.496828408515747,-108.433699460955,3.93089906431027
159,237,0.0013030912131626,0.213633582370753,0,22.1083230492143,1,0.0964336440145784,2.90895211756444,-0.0963231778119353,-2.8908418806423
135,219,0.0068308132123127,0.215725281426504,0,2111.47730804843,1,-18.2975565882427,2.0005925439681,18.3206194953564,-1.27223825100642
172,184,0.0393691115142967,0.15706312531765,0,26.3447784840417,1,1.76324618158231,-0.36000789024419,-1.76197147407249,0.36509333763323
206,280,0.0108210885040288,0.0758214591173879,0,60.2267720236484,1,2.74960904410844,-3.46419976328783,-2.74748239701812,3.47910080446828
237,250,0.078567195125231,0.296450289768841,0,9.09591403808938,1,1.46702040156639,3.97125086750295,-1.45275199226701,-3.9174132058097
217,270,0.0006937595003709,0.0019584866704925,0,1326.94824011289,1,-527.599260540859,-27.5279937406469,529.567779376383,33.085132630891
212,247,0.0016050743121869,0.0028536792425575,0,187.27260861498,1,-178.783334773221,81.4469231291703,179.403548807487,-80.3442377880051
297,43,0.0037993347885117,0.040663814805953,0,207.311990948146,1,3.99776704920451,-19.4480741652304,-3.98255266665813,19.6109118377945
291,52,0.0116019017733444,0.0480472687989803,0,2008.59003869109,1,-3.58149592485737,41.9340979500574,3.79039005953615,-41.0689990347657
259,15,0.0004168240048951,0.0023630726692939,0,1007.46524899682,1,237.199295161233,-28.1558833977648,-236.961707484634,29.5028234456963
300,58,0.0019186197172545,0.0126900075698715,0,448.827324399242,1,92.1379364131787,-25.1716283981708,-91.9619362307328,26.3357171581532
