from_bus,to_bus,resistance,reactance,susceptance,line_rating,line_status,P_from,Q_from,P_to,Q_to
1,9,0.0061464929857248,0.0422512392191696,0,1259.97726517252,1,-32.5385291835888,15.0202334242825,32.6175196034053,-14.4772501114503
4,9,0.115768067521706,0.201640287826848,0,134.898319374845,1,16.3832753792646,-5.9835011491775,-16.0321841215156,6.59501815711871
6,9,0.0008523843904508,0.0032897569133856,0,1420.68606876543,1,-408.393203896335,29.2427160722127,409.842856877358,-23.6478154971233
7,9,0.0009750222781202,0.0034710239761174,0,1730.36889312194,1,650.334500816824,-44.2914520156593,-646.191663375003,59.0397181962458
8,9,0.0006266027104127,0.0061603908227656,0,489.0581623652,1,-219.453296500959,30.5591248927135,219.763471015752,-27.5096707447665
2,12,0.0004267249045566,0.0012828516159316,0,1388.51899307254,1,-646.271287752457,1.83242310214382e-11,648.094300320105,5.48047370399587
4,13,0.0002634566455212,0.0011431666226216,0,4395.60662859947,1,836.606264539797,-113.218364428291,-834.734353160097,121.340788539264
8,13,0.0586088437888195,0.31337404692992,0,60.328266859647,1,-13.7616386909824,1.35209404616553,13.8746350845396,-0.747916675509563
4,14,0.0001147825929394,0.0013070776467826,0,3198.70547948926,1,742.298373602446,-0.924730843543264,-741.667872629457,8.10451052061808
6,15,0.044166560417385,0.181892189813485,0,24.2602998272189,1,-0.208880380219941,1.14425696521233,0.209486596327761,-1.14176037108525
10,16,0.0085457697108429,0.0202034445092793,0,671.749467789083,1,118.268834976937,-34.6859769063692,-116.981084674403,37.7304062157665
11,16,0.0083657506147029,1.02069155261784,0,91.9503674479621,1,0.0,0.0,0.0,0.0
10,17,0.0026456198901204,0.021708450190107,0,766.6259148296,1,-118.268834976937,34.6859769063685,118.66749980517,-31.414760357626
13,18,0.0011551932772653,0.0044254410125161,0,1943.92801173637,1,387.320228117597,-73.4885139602484,-385.527341674785,80.3568998407359
13,19,0.0403497324273712,0.0465045669641589,0,1447.16845649772,1,62.3264858090544,-34.5415813483228,-60.2804800602598,36.8996790513284
15,19,0.0240597615842614,0.108171363645468,0,119.408237525194,1,-0.307947603675969,-1.50230578149938,0.308523955878549,1.50489702927525
17,19,0.0164340851381869,0.0411015142792474,0,1064.4140140801,1,-65.8808993228796,45.9588046640566,66.9413094259619,-43.3067275555829
14,20,0.0013569438312843,0.0007964002918876,0,2229.4602261033,1,577.868611604036,-8.10451052062896,-573.343342210567,10.7604243342595
15,20,0.0080695626046559,0.194409656757402,0,193.51861563277,1,-19.53535766562,0.0796591394387572,19.566726950996,0.676080954720921
18,23,4.42004857256306e-05,0.000663741365373,0,2494.49319028614,1,385.52734167478,-80.3568998407498,-385.458741507879,81.3870416524541
3,24,0.0033823973064809,0.0105371080116272,0,235.398759863275,1,189.885980840987,-11.5424224037828,-188.656912307227,15.3713126021956
15,24,0.0102292312845045,0.17971957811814,0,256.238528355197,1,-17.6030940534799,0.106494312890414,17.6353820863319,0.460781123652887
16,25,0.002141634182342,0.0160909444305877,0,1590.07677913008,1,-158.944768735003,45.0724466810473,159.527806647672,-40.6918523054814
17,25,0.0045155331209174,0.0181642676822136,0,1502.59595874334,1,141.082100579853,-21.0751243234593,-140.163265452091,24.7712476315114
22,25,0.0402304140060733,0.163539845927531,0,91.9503674479621,1,19.6184799163598,-14.8883234932407,-19.3645411955784,15.9206046739754
23,26,4.79474826003008e-05,0.0020759154528408,0,1276.34156677191,1,526.336119199343,5.7515892956187,-526.203274565763,3.85247389544929e-12
20,28,0.00226636973191,0.0122297641784246,0,496.738821906997,1,175.199759293976,-11.4365052889791,-174.491251751889,15.2597473824253
23,28,0.0158125852723852,0.0802033819901969,0,57.9627990068413,1,9.40836811198278,9.82276339572218,-9.37911418545758,-9.67438387375298
22,29,0.0121343905617833,0.0168470439524873,0,291.240479203167,1,-79.0267467892013,37.9236917829158,79.9969960041199,-36.576625270974
21,30,0.0091895629592423,1.16368124277708,0,91.9503674479621,1,0.0,0.0,0.0,0.0
29,31,0.0012509172219366,0.0273945864300825,0,490.555517192603,1,97.3499311720605,15.1091810348646,-97.2244699812424,-12.3616311768778
30,31,0.0067380005536442,0.018376380612312,0,213.101496913548,1,-133.725518511332,-1.5321077739827199e-12,135.008770020695,3.49977978921945
13,32,0.0315754786056373,0.178849143467177,0,50.8210120214991,1,9.01867256144671,3.12665673876777,-8.98994321415667,-2.96392859078408
28,33,0.0876274137355233,0.210200674671033,0,115.943599924314,1,-3.79875727597615,-1.81431264430001,3.81458131412025,1.85227135324866
15,34,0.330104232095376,0.929277897728054,0,4.14796558989699,1,-1.19836842522241,1.3653790451644,1.20946567464653,-1.33413912875995
24,34,0.0067454721652268,0.0080603948683593,0,899.512990010976,1,180.928351803652,-16.5011124493096,-178.6701875002,19.1994700316424
29,34,0.00034505245739,0.0109224648461139,0,757.322790164849,1,-177.346927176181,21.4674442361095,177.460721825552,-17.865330902882
27,36,0.0015498465974676,0.0017881112645832,0,1201.46626883813,1,-496.738421170455,-3.64153152077051e-12,500.728264349359,4.60321914683851
33,36,0.0057081830099062,0.0285979461996631,0,275.53150776329,1,157.117807415825,10.345810236152,-155.696563956202,-3.22539312191833
35,36,0.0012652556541904,0.0049176645977897,0,1183.7952768203,1,346.578127331919,7.38831804259236,-345.031700393154,-1.37782602491207
31,38,0.0898721127154599,0.180749228513474,0,5017.13426410697,1,-37.7843000394524,8.86185138765985,39.197711220894,-6.01922342556058
33,38,4.28542260519171e-05,0.0145132404489547,0,409.971448947167,1,-160.932388729945,-12.1980815894011,160.943598824531,15.9945519300795
35,39,0.0070508386684046,0.0020653311145157,0,1545.03372186079,1,-188.215007907833,35.7941844515056,190.847279335303,-35.0231397096416
4,40,0.034681388186518,0.0614144120784293,0,26.7462326987019,1,21.2901266722444,-9.27418199229431,-21.1036765035719,9.60435122973541
24,40,0.0731899826552429,0.0411675482074722,0,1054.48220768986,1,-9.90682158275651,0.669018723463058,9.98000772587898,-0.627853334897447
32,41,0.044769209208784,0.120565348007248,0,53.8551310041204,1,8.98994321415645,2.963928590784,-8.94920938474017,-2.85423068889929
37,41,0.0006793574781473,0.018207403224658,0,300.214263698264,1,-185.180290777173,43.9061813711899,185.430858457108,-37.1907378375544
39,42,0.0005735734043459,0.0053563833628164,0,296.636613385673,1,-229.67263443388,48.6921634825215,229.986132353306,-45.7645259261642
40,42,0.0004156232206326,0.0096843465763076,0,408.134959036331,1,231.589836288639,-38.5347823815832,-231.360749832858,43.872676232509
19,43,0.0509130084004499,0.277423998652365,0,8.25477823408261,1,-6.9693533215658,4.90215147499964,7.00687530837889,-4.69769489413543
35,44,0.001938977887882,0.0118654709837026,0,463.596162222287,1,-158.363119424088,-43.1825024941035,158.894468676704,46.4340656906336
40,45,5.33845946419167e-05,0.0141634431542984,0,695.765972462508,1,151.243846252315,34.1797074554315,-151.231011019086,-30.7743974136269
42,45,0.229631627800629,0.242227230921054,0,91.9503674479621,1,1.37461747955206,1.89184969365809,-1.36213528543668,-1.87868283443514
41,46,0.0028641126170355,0.0124267823413438,0,260.459061990375,1,-176.481649072376,40.0449685264594,177.448875345371,-35.8483771292331
43,46,0.0017000337094648,0.0067140769505586,0,401.00258661615,1,-274.174807803067,36.1677536110504,275.521281396525,-30.8500194578741
39,47,0.0383167748398319,0.0167043873623561,0,1034.72606947272,1,38.8253550985778,-13.6690237728799,-38.1816314232476,13.9496582905809
43,47,0.0012184683719697,0.0533804860431833,0,963.737299163391,1,58.6910716404747,-17.1325983686807,-58.6439016410003,19.1990923019853
44,47,0.0017568927588872,0.0957413535082878,0,1397.42384481394,1,24.4329855238423,8.44349208156277,-24.4212448536091,-7.80368771471333
3,48,0.0005511004472721,0.0013457071719915,0,867.573891552507,1,960.322803557563,46.4783135366589,-955.207807549456,-33.9882369147111
12,48,1.2086934303909e-05,0.001234769200681,0,812.403209090147,1,-682.610307003775,-33.0300403152355,682.667720199326,38.8952203349453
40,49,0.001720531579227,0.0003422100207051,0,583.128377631616,1,-365.214717756308,1062.45969307818,386.931308461098,-1058.1403100198
40,50,0.0183524944164422,0.028085672359485,0,176.828193366144,1,-3.02299343652076,52.4319150571582,3.52920005039642,-51.6572436266207
46,50,0.0003254819066621,0.0011068770585203,0,2414.13346682115,1,-452.970156741906,66.6983965871048,453.673230081289,-64.3074318855592
43,52,0.120625299416017,0.0878007342024156,0,107.499374448596,1,5.67003925216844,-14.3374603482283,-5.37308979487623,14.553603897695
44,52,0.0036219145560973,0.0705575821557253,0,410.344040551858,1,20.38544086699,15.0056924362829,-20.3622339201456,-14.5536038976951
13,53,0.0885879610140869,0.0908420095478479,0,1408.9903190725,1,34.4118736323939,-15.689433293915,-33.1465234389681,16.9869792926799
22,53,0.0009934149421884,0.005192060540632,0,1202.22764895857,1,-376.943185860903,-23.0353682896682,378.417572451257,30.7412161809309
45,53,0.0037126637212669,0.0129037180924075,0,499.287944204875,1,145.898188983953,34.8457588899039,-145.054926812661,-31.9149205072073
48,53,0.0012775718146558,0.0209518670716072,0,359.022319704389,1,200.037385467098,23.362164110449,-199.510931305211,-14.7284438822732
15,54,0.0276678292343972,0.224938501981498,0,4.97627941778577,1,0.706150655561159,1.09253365509425,-0.705673728893042,-1.0886562576529
53,54,0.0280105575194486,0.221908848725232,0,5.198063984423,1,-0.705190894415536,-1.08483108412912,0.70567372889296,1.08865625765291
45,55,0.213459336894919,0.18387026350739,0,24.4919087367289,1,6.69495732056904,-2.19267864184291,-6.58801572286857,2.28479632587172
51,55,0.0278144835030216,0.27913168210617,0,32.263923401099,1,-6.57408086600856,2.42463929778066,6.5880157228684,-2.284796325871
6,56,0.0064868365880443,0.0176860104720449,0,169.207024565809,1,109.390036432267,-30.3869730374233,-108.5417916662,32.6996666920125
48,56,0.0319329710837773,0.0723122507051063,0,1228.58092294765,1,72.5027018830239,-28.2691475306655,-70.5380790546393,32.7180382441042
51,56,0.0012554437160337,0.436553322371952,0,3.58949447963237,1,0.221752445309212,-0.312868606313841,-0.221750561367824,0.313523706069965
3,57,0.0002243422465909,0.000876839682036,0,1895.78124556383,1,-1150.20878439855,-34.9358911328606,1153.19161669868,46.5942647355192
4,57,8.29834781113074e-06,0.0005749044009806,0,7404.35471518429,1,-1695.85312499897,144.070013991419,1696.09275615961,-127.468515475986
5,57,4.793767173046e-05,0.0002488456510277,0,7591.73964602508,1,5564.70946018413,-1397.00812576712,-5548.92951809071,1478.9221992227
7,57,0.0013756372018489,0.0144310548597534,0,236.623205056548,1,-183.988878570985,13.6800604800376,184.457132426473,-8.76786628540857
49,57,8.69204478787561e-05,0.0002804295198958,0,3759.94732551747,1,-1935.37746130192,1295.50600317345,1940.06539901806,-1280.38141333156
50,57,0.0030271745562405,0.0020660873105218,0,870.402662557401,1,-564.769694321647,115.964675512187,575.122613787909,-108.898668865163
4,58,0.0184838054177676,0.0121695164106943,0,1028.52464400588,1,79.2750848052057,-14.6692355781844,-78.0774112940323,15.4577694931145
49,58,0.0052613999101081,0.0020065230909486,0,1155.4134166757,1,334.354215325833,-168.151530037538,-327.026346260996,170.94613579594
1,59,0.00114508462821,0.0213372795866654,0,1254.43777151289,1,32.5385291835889,-15.0202334242821,-32.5238133585293,15.2944451863726
51,59,0.0469262208307857,0.0166122304581747,0,749.739774754845,1,-31.9207504586881,15.5079339288177,32.5238133585292,-15.2944451863711
8,60,0.0161290900454763,0.391608295458853,0,24.5913562920779,1,-6.25469281758668,3.01707890007916,6.2625354435314,-2.82666286486113
12,60,0.0015825421874433,0.0205838719469061,0,1189.17714568803,1,34.5160066836629,27.5495666112075,-34.4846161749088,-27.1412753077146
47,60,0.0014366720085892,0.0075861953263331,0,1398.7717074834,1,-413.288008955586,169.827982130416,416.20416801302,-154.429511164125
56,60,0.134094201515154,0.280348559117589,0,153.229367164103,1,-12.3866544039133,8.42735579761931,12.6929169655912,-7.78705765714863
58,60,0.0021774350510811,0.0028420830635078,0,2199.89057536425,1,405.10375755502,-186.403905289052,-400.675004247265,192.184506993876
61,62,0.0056725460096582,0.0004841286805977,0,672.670383194949,1,-186.092227415103,125.725356492915,188.953299790993,-125.481175627378
63,64,0.0607036900981035,0.267442019836779,0,20.7771291709466,1,-5.52003144088488,4.1338130643283,5.54880247419306,-4.00705663076887
61,65,0.0007367110951896,0.005970512222372,0,378.271974002619,1,-297.174115877905,33.9607460445765,297.833220260225,-28.6191802718409
63,65,0.056227735094361,0.0017101889250119,0,42.8341632146531,1,2.54359884994983,-1.72751066858304,-2.53830122694991,1.72767179789348
66,67,0.0258519980083116,0.0893839067915194,0,384.066550592438,1,-21.7491433034546,8.9170918478288,21.8942339885182,-8.41543730391783
61,68,0.0006398921622664,0.0586472631555522,0,1852.33104812367,1,-52.3805247843668,21.6946630478476,52.4010933358559,-19.8095184515498
67,68,0.019241659440481,0.0426653659563709,0,5141.26319252902,1,53.0195929616923,-18.4380924078752,-52.4010933358561,19.8095184515491
66,70,0.0369671707390083,0.0464985633860792,0,1944.0302491692,1,33.7594746803665,-5.81677905345797,-33.3188235382667,6.3710450319591
67,70,0.0019970648887844,0.0904853410024717,0,1295.16074976747,1,43.651899361129,8.19183126427502,-43.6117135341845,-6.37104503195886
71,72,0.0449855810232773,0.291481237101257,0,91.9503674479621,1,0.0,0.0,0.0,0.0
73,74,0.0136156843979039,0.0597389565013185,0,1285.93122610623,1,-46.9091813409456,11.4239453585846,47.2265599245244,-10.0314435316635
65,75,0.0147461640162301,0.0634234396085834,0,8769.81654046881,1,-50.1255453698817,13.3293528004082,50.5219962990723,-11.6242122948768
66,75,0.0083975093263985,0.129668608795825,0,213.972140432145,1,-12.4791266914171,-4.91735446190979,12.4944723387317,5.15431147630716
69,75,0.0222988055005903,1.08801092265624,0,91.9503674479621,1,0.0,0.0,0.0,0.0
73,75,0.0040248483374867,0.0421561130347844,0,60.7086429320432,1,63.178037730985,-4.77763209588962,-63.0164686378042,6.46990081856929
67,76,5.11541441639767e-05,0.0226691114690975,0,432.84591786139,1,-118.56572631134,18.6616984475186,118.573243750014,-15.3303230906756
71,76,0.0314152667472453,0.287588420563567,0,36.3658259141472,1,-5.9221313239886,3.44876032185448,5.93705840775165,-3.31211158741678
74,76,0.0121701722117663,0.0119634330508949,0,494.596988792852,1,150.169797299919,-35.8131789063379,-147.269213001134,38.6644899201168
69,78,0.130571266355105,1.56679859888061,0,91.9503674479621,1,0.0,0.0,0.0,0.0
66,80,0.0431388061108726,0.151160463647795,0,105.534531855929,1,-8.73785873289937,-2.66195631394543,8.77441858668833,2.7900638103706
71,80,0.0667101587219117,0.280932288764256,0,28.3182273425541,1,5.92213132398858,-3.44876032185457,-5.89043373774493,3.58224636989188
73,80,0.0057837107029304,0.0704312002003665,0,2773.54198914368,1,43.1584349405423,-3.09426074035209,-43.0501508653766,4.41289124734629
79,80,0.0263666268647799,0.0720261509464056,0,1916.43523794458,1,-39.7102552819251,12.0306203259065,40.1661660164333,-10.7852014276084
79,81,0.029632032718835,0.54591972372642,0,3.70684028908608,1,-1.31750373943317,-0.0912669694180538,1.31802281079866,0.100829975072482
76,82,0.0175334500480513,0.0862495153107631,0,186.402934232087,1,22.7589108433686,-20.0220552420239,-22.5932848855823,20.8367927034365
73,83,0.0022753196320937,0.0051668336422798,0,413.492199734119,1,213.476320784609,-27.6987589749725,-212.421952211293,30.0930366576028
82,83,0.0061818394928133,0.0849187774033681,0,84.438327153247,1,-5.33841557266866,4.35650660198918,5.341350575951,-4.31618900870629
79,84,0.0505249902832944,0.0890363514996928,0,53.7641184063823,1,5.68121941682863,-5.61553964639478,-5.6488390693008,5.6726010725921
77,85,0.0025832243825867,0.115079346776819,0,419.732711981118,1,-12.5061885090619,-9.01160951209194,12.5125304300163,9.29413399028341
84,85,0.0073405448545993,0.067766739535171,0,1033.11731659347,1,22.4329345043095,5.44558795727441,-22.3938174029937,-5.08446511574927
81,87,0.0500980704174201,0.555978948627709,0,3.62495560198943,1,-1.31802281079866,-0.100829975072482,1.31890039061462,0.11056919056222
82,87,0.0125396369910579,0.17487912752431,0,223.619422633516,1,17.8944200809671,-1.000801793178,-17.8541412779623,1.56253431639422
85,87,0.0004188718850353,0.0428812603253676,0,482.577191619518,1,-86.5348384811414,-9.6691420769561,86.5669309959301,12.9545558999189
86,87,0.0003067461827468,0.0110050310754121,0,592.967502351287,1,270.280872044972,4.70386190708734,-270.057125562865,3.3234164327626
83,88,0.01260684205703,0.049974656069445,0,187.090147292984,1,99.864548815703,-29.0066723068935,-98.4920028948752,34.4475678160618
86,88,0.0071105753276122,0.0368061050227756,0,840.599442229877,1,124.805000700086,-18.6189106038624,-123.674832111163,24.4689440907159
86,90,3.99218676620606e-05,0.0017689669404471,0,2194.64598624324,1,-548.020917009449,66.201698834029,548.14234306245,-60.8212222669621
77,91,0.0566711861643007,0.105609107513507,0,1056.0484411244,1,-29.9657798696143,9.01160951209233,30.5391058151694,-7.94319281707433
79,91,0.0031777281039201,0.153430597742329,0,273.011075422491,1,-0.182916880614984,3.73932594157107,0.183364206678279,-3.71772764774837
82,91,0.0680451408528546,0.115001449868678,0,118.436220015398,1,32.4669624790523,-11.440177565331,-31.6606402739475,12.8029232586478
89,91,0.420373253703988,0.73993800886641,0,91.9503674479621,1,0.0,0.0,0.0,0.0
83,92,0.0011014512807637,0.0255132629842115,0,1072.1142492652,1,122.443465291866,-1.16348973986912,-122.277201654069,5.01470675681027
85,92,0.16237924547438,0.308306470193283,0,129.317878500378,1,-10.6278489475387,5.45947320242122,10.8620991071456,-5.0147067568103
91,93,0.219830859384079,0.795053427352611,0,3.00655256464874,1,0.938170252099984,-1.14200279382491,-0.933291544385085,1.15964741979167
88,94,0.88535029919346,0.479853748157029,0,91.9503674479621,1,0.0,0.0,0.0,0.0
62,95,0.0053444544045822,0.0236258948655364,0,492.750606505984,1,-143.460189379114,61.9187889158107,144.739366881304,-56.2640090462009
86,95,0.0015515006417146,0.0097733003751442,0,632.020292831855,1,152.935044264388,-52.2866501372601,-152.530477434461,54.8351203372626
95,96,0.0539861207135634,0.140544685149408,0,184.271568696159,1,7.79111055315802,1.42888870893967,-7.75749144161344,-1.34136644609539
63,99,0.0010646132511012,0.066020175148402,0,98.6069993766035,1,7.55330010398689,-4.13714017353599,-7.55251320997827,4.18593806349152
98,99,0.0003364086606799,0.0142442380378652,0,476.151998365143,1,193.785965997945,-32.6426976401408,-193.656049863472,38.1436153057194
97,100,0.0022509647376918,0.0340647317143948,0,145340.358310227,1,24.5415969435933,26.5550793273598,-24.5111892699049,-26.0949080821549
82,101,0.0154170645588697,0.001681071602627,0,4019.59222377362,1,67.3915320048452,-419.334736115658,-39.5817315178811,422.367107530777
87,101,0.0049102561461292,0.0103646971743382,0,414.607537371265,1,277.930075272283,-114.632955753237,-273.491898945327,124.001174490965
88,101,0.0005738036286888,0.0033234598168503,0,659.358017386062,1,501.442254884883,-46.9923039305553,-499.986786995186,55.4223465518962
93,101,0.35833828195875,0.524191861044558,0,91.9503674479621,1,1.38237695234397,-0.861138264980995,-1.37285698817265,0.875064457038298
99,101,0.0019516356086461,0.0018565797006085,0,1217.82656552058,1,612.37858594022,-334.764879328092,-602.955387435864,343.729113727426
93,102,0.0043618931847179,0.256175177042195,0,3.6169670114402,1,-0.449085407958903,-0.298509154810713,0.449098111659468,0.299255246611558
96,102,0.0213625956260241,0.162654436197954,0,213.423441776478,1,16.0267637717725,-3.34168926268553,-15.9692337196891,3.77972209118052
99,102,0.0030144369182963,0.0383545839307878,0,511.301175052263,1,17.4410770112266,10.1524223531563,-17.4289071756878,-9.99757785275774
100,102,0.0017602257866544,0.0251104743044694,0,110.792315109552,1,-54.6978855084439,-96.4301986927576,54.925896939661,99.6828923120149
98,103,0.49425468977846,1.55774578537789,0,91.9503674479621,1,0.761648399143548,-0.236210714191584,-0.758505414861647,0.246116478607973
99,103,0.0008040262513211,0.0028460497868317,0,599.437922159477,1,-434.522925129029,281.0763016798,436.657479974589,-273.520516836701
96,104,0.0645767899596761,0.210862927587874,0,3.23386933844207,1,-8.26927233015528,4.68305570878203,8.32787107402619,-4.49171292613045
97,104,0.0063864216976908,0.268654118889342,0,142.197328737625,1,-18.8779514779664,-2.53867721285369,18.9018921579897,3.54577674397139
100,104,0.0078060779034532,0.0084319789438864,0,464.626614150685,1,-470.033671408293,233.74640917269,492.705000165207,-209.257265063115
79,106,0.0102841846258486,0.0556267868506066,0,131.361231327497,1,35.5294564851447,-10.0631396516641,-35.3886111096639,10.8249672506235
97,106,0.0191997155167024,0.0738175088108892,0,324.444950864638,1,4.82770089749666,-22.8012408001001,-4.71994463185,23.2155333494809
98,106,0.0143230204124965,0.0070446194506635,0,586.868041041154,1,133.944565952834,-257.133820967265,-121.904785581525,263.055454012725
99,106,0.0120889299129928,0.319910789717156,0,91.9503674479621,1,5.91182525103668,1.20660192593064,-5.90746251071594,-1.09115021007304
105,106,0.0039769845092473,0.0093941728268973,0,302.14488633533,1,-227.908886291134,-1.0658141036401499e-12,230.013949617302,4.97244297824538
97,107,0.0049925578231379,0.356845874095514,0,55.0717200575352,1,-10.4913463631215,-1.21516131440331,10.4971002117662,1.6264208774873
104,107,0.0154214245759581,0.127384887463864,0,51.0984529686772,1,10.5148731742507,1.77323006589227,-10.4971002117657,-1.62642087748657
101,109,0.013750765123316,0.115881212052532,0,1407.36196340839,1,28.4374111596455,18.1079824914561,-28.2807550019627,-16.7878010131913
100,110,0.0432784393641282,0.24909817388738,0,13.4326634486393,1,2.53001013686536,-0.854160948766029,-2.5267577078736,0.872880988916464
109,110,0.307785801760511,0.774109999951105,0,11.0546901310541,1,-2.50362721889121,0.931056326189208,2.52675770787382,-0.872880988916394
109,112,0.0027841951121826,0.0306390094854703,0,491.570239361546,1,-89.8339362797923,15.8567446870025,90.0779680662989,-13.1712675849074
111,112,0.0218683362793273,0.0154129672873065,0,1045.67797417595,1,118.251911947353,-10.9817572618533,-115.145375279942,13.1712675849078
62,114,0.0160462269368634,0.0277473034030282,0,1056.79675413946,1,-45.4931104118748,63.5623867115671,46.454224329212,-61.9004184760336
63,114,0.0494087393698691,0.234131176590533,0,102.935357910219,1,-4.57686751305252,1.73083777779075,4.58865708145263,-1.67497103121486
111,114,8.95297921223784e-05,0.289299941450447,0,93.1374700739434,1,-5.12967646783203,-1.19318284014146,5.12970147970232,1.27400434591247
108,115,0.000262274461937,0.0016469109185583,0,3373.6743128446,1,557.106422917591,-86.0374591736287,-556.272993331471,91.2708481780087
65,116,0.0003784985443817,0.0245337399658786,0,318.242703049112,1,-82.9370893935251,3.44330284061698,82.9631526554145,-1.75391909172559
111,116,0.0053453970588341,0.0457492351103592,0,107.569644688467,1,-49.5707505654758,-1.4445347403624,49.703158662209,2.57776564562375
113,116,0.002321654926311,0.0467937975449372,0,119.73692527529,1,-84.2355303120944,-17.9164899626937,84.4116540870619,21.4663285607039
114,116,0.0124563472130345,0.0499132952647697,0,8.2035432477559,1,-14.6799117703315,3.7243227087964,14.7084829424172,-3.60983638917309
115,116,0.0015776728328226,0.0344597399821191,0,1820.22497438269,1,160.19782912238,-2.90186586701935,-159.792812655836,11.7482894316834
111,117,0.295778607485384,0.637130254002775,0,21.1813814686309,1,0.0331163731781081,0.976813958731348,-0.0302705736975321,-0.970683884074107
113,117,0.050976990084305,0.0501634372864939,0,11756.0314368654,1,-19.8162376420382,17.9164899626943,20.1883671125823,-17.5502993867654
114,117,0.0560227456424723,0.0083395890573381,0,61.5409843490113,1,20.586372538622,-18.4572297757194,-20.1580965388852,18.5209832708394
64,118,0.0111255900495695,0.029375739574366,0,578.247091452013,1,-105.635910505142,22.2311811258542,106.947620110346,-18.7677747278144
65,118,0.0009626896593932,0.0320283346890779,0,1154.32974529838,1,-162.232284269867,10.1188528329235,162.486478793883,-1.66189350872324
66,118,0.042554163193823,0.0843890913940752,0,12140.6434022922,1,-35.4547676472287,9.42150116904742,36.0364771374857,-8.26791403082767
114,118,0.037599822168415,0.0111008339950044,0,314.414093184402,1,-26.6134445255765,97.1696269186624,30.4299061215044,-96.0428687538248
115,118,0.0007282340394221,0.0091053653471689,0,842.664111784236,1,257.417629078675,-17.5377205994944,-256.932833429435,23.5992904604093
61,119,0.000321879729342,0.0228499585503236,0,110.677267873663,1,-75.7583275433118,28.7356211920632,75.779459141049,-27.2355076764213
64,119,0.0282905938566728,0.0402459484289862,0,946.809789603372,1,31.5537741546678,-20.8825447298563,-31.1439749722996,21.4655214196842
66,119,0.0012647220511363,0.0403483388975784,0,722.427016904459,1,44.6614216946334,-4.94250318756295,-44.6354841687495,5.76998625673633
64,120,0.0046574914673208,0.0467533428383766,0,1831.37686473029,1,-42.0959848817744,2.65842023477044,42.179821259998,-1.81684468687777
111,120,0.0089061944325331,0.0616891737083247,0,86.8568033662617,1,-63.5846012872235,12.6426608836251,63.9616086259412,-10.0313018588869
115,120,0.0023173586341279,0.014455981200021,0,381.593276361884,1,256.014384968198,-2.37239635774239,-254.495379706001,11.8481465457652
121,124,1.09250359040393,1.65973160793529,0,91.9503674479621,1,0.140984252304946,0.817688140913442,-0.133399865175311,-0.80616593892121
122,126,2.26042487982451e-05,0.0009463331156862,0,1390.3678117944,1,917.514450988398,-22.4012209354854,-917.318876359772,30.5890067499313
123,126,0.0006803295413784,0.0038320530712965,0,993.517206306747,1,308.294260054798,34.3504196841131,-307.626471720752,-30.5890067499193
121,128,0.0394424401835195,0.135991794305579,0,57.5409782453796,1,10.3210939179917,-1.98884445615502,-10.2771550330481,2.14033933769518
127,130,0.023109236721766,0.0822722334633497,0,64.1439015919022,1,5.14593412627568,1.15258071110293,-5.13946395071761,-1.1295459479703
123,131,0.0015091713129182,0.0147560842896744,0,457.754161294348,1,-58.5165298588654,23.0100351636183,58.5773947060386,-22.4149225958938
132,133,0.0412862533699328,0.0067634698741302,0,833.027382149102,1,61.0274422007977,-52.6371161829834,-58.3330816451084,53.078503447775
129,134,0.134687049556189,0.0449911802998578,0,138.275452149605,1,-12.1439931225984,-7.148954309283,12.4279949691374,7.24382295719854
130,134,0.0321985132896413,0.196598806760428,0,60.5921004063601,1,5.13946395071762,1.12954594797065,-5.13044893926566,-1.07450177625866
132,134,0.0106339998596731,0.0260172481822079,0,660.073562134737,1,-61.0274422007975,52.6371161829835,61.7214220956158,-50.9392181770392
125,135,0.0484718363192869,0.0560505023786811,0,2112.00972904422,1,26.9198822579882,-22.6732136569661,-26.3194351179162,23.367541877403
127,135,0.0184550596307515,0.169982745252157,0,11.6006327292153,1,10.0740253415584,-2.98527580665735,-10.0535127781033,3.17420946051899
128,135,0.0003805567043972,0.0119628072851058,0,2008.8429464904,1,-196.59216974654,-36.3141669761078,196.745922515835,41.1473882211271
133,136,0.0011466518470641,0.0120688663617492,0,234.33037341996,1,-250.14762827927,12.4274830069223,250.902285086317,-4.48448603138538
129,137,0.0010570069409849,0.0012737174538384,0,598.003948494908,1,-567.514195345394,7.14895430926579,571.129550962032,-2.79236839465151
136,137,0.0003616110965898,0.020115630466491,0,826.643303586716,1,-135.375135378921,12.1592204603081,135.444955258547,-8.2752940238293
137,138,0.0004401786481378,0.0024247826581946,0,1183.44154144655,1,-542.759835838592,111.795466860014,544.177205677079,-103.987696494162
131,139,0.0011532441116799,0.0206378276440521,0,443.499529900068,1,-58.5773947060386,22.4149225958931,58.6239050167038,-21.5825994429208
137,140,0.0188677535578811,0.103921849637463,0,233.512956864763,1,-10.5410284920342,-8.76820963768708,10.5782213479967,8.9730644643662
134,141,0.079764010402976,0.137658512551127,0,48.2015822116439,1,-0.442802953313122,-2.53842503650683,0.448199673213676,2.54773881637337
136,142,0.0128703214533173,0.0382246360967585,0,1289.86835101896,1,-115.527149707395,-7.67473442892382,117.330333157567,13.0301586464557
139,142,0.0006013326967124,0.215438461227947,0,115.658321095535,1,-16.4897873956647,-5.88903201407978,16.4916926605673,6.5716280895727
142,143,0.0292730864921351,0.0455024025312116,0,520.139091603647,1,74.1723477393154,-22.5951826987369,-72.4030553018525,25.3453900165232
134,144,0.0050234410471023,0.0274140623588624,0,339.570674071495,1,-68.5761651721744,47.3083220326058,68.931456677767,-45.3694153352716
139,144,0.0858684603493214,0.013097880416511,0,166.069741914957,1,-1.82137064228659,33.6860160027604,2.83126970153981,-33.531971816373
140,144,0.0494156024262007,0.202554861544491,0,6.38005639596875,1,0.707517504012043,3.11154158066839,-0.702362725833685,-3.09041211286985
139,145,0.0198315635546396,0.0712681968869642,0,1224.83726723006,1,-40.3127469787519,-6.21438454575844,40.6537188926523,7.43972683537776
141,145,0.0031458836837644,0.0477509766612885,0,48.0582476381193,1,-43.7830334962058,-1.24253962004016,43.8440546342844,2.16877187563012
138,146,0.0001478431341187,0.0596875511677362,0,22.8980539671,1,2.35879853860073,-13.5776507792763,-2.35850398696373,13.6965678058258
145,146,0.0220751727294465,0.090545934004429,0,25.9134502197071,1,-2.31452305877724,13.8769647734899,2.35850398696401,-13.6965678058259
122,147,0.0010026988633586,0.0055770595377859,0,6852.30059207191,1,-1122.26377425378,1.95954541354255,1135.23555321931,70.1901161103491
137,147,0.0057843356335825,0.0150650668251675,0,879.200180144198,1,-153.273641889932,-91.9595948038278,155.211443928777,97.0065213755946
140,147,0.0114802097618437,0.0872260258232519,0,324.089448095322,1,-11.2857388520087,-12.0846060450347,11.3178945860784,12.3289236096539
142,147,0.0011213063385522,0.0010409746879795,0,450.020334568076,1,-236.910303374155,1.42164863538066,237.543027227404,-0.834253832490739
144,147,0.0074695298547659,0.0072216676311524,0,245.276208568407,1,-182.553515216918,-65.4662424130138,185.471319392463,68.2872247744581
145,147,0.000212758775548,0.0129422689111286,0,288.118914360818,1,-82.1832504681603,-23.4854634844998,82.1988963998683,24.4372167318518
141,149,0.0006968723018263,0.148102491399573,0,271.353114226003,1,16.7856111341466,-1.30519919633219,-16.7836139333418,1.72965345321232
142,150,0.0359540651566862,0.0885589736209441,0,6492.27211395177,1,27.4345333088691,2.01319697448032,-27.1610178322178,-1.33949708057076
142,151,0.55325070256322,0.510280425985159,0,20.5812677186531,1,1.48139650782964,-0.441449647152392,-1.46810667053827,0.453707279728175
148,151,0.0120771795145257,0.0830327191111345,0,253.435139461571,1,15.0647382236599,-6.63419389407113,-15.0311880010053,6.8648575362277
150,151,0.0584525860239787,0.0561762925559776,0,381.182846505463,1,-16.3055605208117,7.50475446246917,16.4992946715435,-7.31856481595592
143,152,0.0096997122633382,0.047397466078081,0,3560.3262626802,1,-55.5840236877187,3.49769001139746,55.8930460464149,-1.98765792322581
144,153,0.0078008879853629,0.0058141869960648,0,3147.0047932268,1,-341.119953501636,147.45804167753,352.309169919476,-139.118453067255
148,153,0.121799148627297,0.0938379177227958,0,261.917173753513,1,-15.06473822366,6.63419389407104,15.4030944226945,-6.37351357303569
152,154,0.0164254015566666,0.02727156265885,0,85.4100102211437,1,58.1663062619979,-15.6266016763545,-57.5594424893906,16.634194905838
147,155,0.0590497354295975,0.149400171703081,0,59.2954564046797,1,-9.54300649565067,9.36362703790673,9.64855582170834,-9.09657948347763
152,156,0.0020667557538289,0.0112262838656717,0,475.369990017722,1,-105.977018341851,15.4980688321705,106.21849163799,-14.1864248396862
153,156,0.0785843146251746,0.392353520531561,0,50.1922351989583,1,7.07135584123453,0.905517919559466,-7.03142740375586,-0.706164357862031
155,156,0.0036134997390576,0.0229839940854091,0,292.807196057005,1,99.5569104111698,-12.540148916094,-99.1870642342344,14.8925891975511
149,158,0.0271816953924776,0.110316911169503,0,253.48589881458,1,16.7836139333417,-1.72965345321239,-16.7057125678108,2.04581614642079
154,158,0.0178916626776638,0.10161549812718,0,1590.75697499241,1,36.9232487685373,-13.9145126153004,-36.6365477462929,15.5428278654702
157,158,7.25111304929862e-06,0.0073805052860252,0,957.580730110621,1,195.14801548054,80.1364658167958,-195.144788401602,-76.8518013801154
153,159,0.001540884196252,0.0042450265661424,0,4083.80776381296,1,-383.019934739883,146.3969337388,385.60998901941,-139.261518078695
155,159,0.0107332269709468,0.0178958527662521,0,416.679590429725,1,-109.205466232878,21.6367283995707,110.557710366477,-19.3820884870438
150,160,0.009111260654666,0.0478688557384375,0,2064.20733029664,1,43.4665783530293,-6.16525738189941,-43.2859330157245,7.11433412539407
154,160,0.0110796840726363,0.0614667985818102,0,418.457566747738,1,20.6361937208528,-2.71968229053818,-20.5867886207241,2.99376712171314
157,161,0.000106119324954,0.0217992063756052,0,102.369946442757,1,71.7650394782542,30.8528588130947,-71.758563949927,-29.5226451271661
152,162,0.133125429083195,0.334302685097052,0,68.0710750831594,1,-8.08233396656158,2.11619076740886,8.1769790158283,-1.87851946509716
153,162,0.0834599312895517,0.0956956018621359,0,69.9293749926086,1,8.23631455647672,-1.81048501807069,-8.17697901582836,1.87851946509726
158,163,0.210468972072979,0.0743713466067091,0,91.9503674479621,1,0.242226893363622,0.0329773353868327,-0.242099636146507,-0.03293236775807
161,163,0.0669707788082711,0.466953255318667,0,91.9503674479621,1,-0.242059143170861,-0.0326500307883799,0.242099636146406,0.0329323677580966
158,165,0.0099897048861701,0.162389679812301,0,132.977856423967,1,11.6190697794434,5.50946462627428,-11.6023569886428,-5.23778645581818
161,165,0.0064774306586923,0.039763734162598,0,84.2355876329978,1,45.5621486311186,15.7848398336177,-45.4095116368953,-14.847829901519
160,166,0.0181885335477264,0.0987795257598795,0,753.320603482905,1,29.5227148372387,1.65561789826189,-29.3588624916047,-0.765757429087878
161,167,0.263374866065152,0.453768631661858,0,91.9503674479621,1,0.0225615950342926,1.73567911115712,-0.0145187912703138,-1.72182216226434
143,168,0.0128292569641409,0.0187356009271706,0,188.050525856896,1,127.987078989571,-28.8430800279213,-125.718973855341,32.1553772852428
161,168,0.0608950481461847,0.0097590594552105,0,50.5811306177528,1,26.4159128669447,12.0347762131792,-25.895865341819,-11.9514332342057
167,168,0.0232081461796604,0.536956325234236,0,91.9503674479621,1,0.0145187912703407,1.72182216226438,-0.0138100730534605,-1.70542487114011
160,170,0.0275553444166632,0.0987400153076875,0,1913.47800011445,1,19.9457736703002,-11.7637191453686,-19.7935343822463,12.309243432983
169,170,0.14809021814758,0.10373404781032,0,25.1456406401056,1,-2.02334855395669,3.00259664131269,2.04308677946316,-2.98877043419387
133,171,0.0013842913242919,0.006375909473499,0,1041.75887844528,1,308.480709924379,-65.5059864546932,-307.036291984195,72.1588331979318
168,172,0.0025756976076221,0.124105283247967,0,144.431297891583,1,-9.78512960963054,-18.6487714175757,9.79712330157811,19.2266655507757
164,173,0.0032930061851989,0.0053217729251318,0,281.874446953969,1,-222.329031840565,1.36557432028894e-12,224.061850153737,2.80037906538293
165,173,0.0039203629029427,0.0253483128359817,0,124.976230570228,1,57.0118686255381,20.085616357337,-56.8639853754787,-19.1294316931845
166,173,0.0044567263651832,0.099261276130489,0,2194.89547980143,1,29.3588624916046,0.765757429088253,-29.3187138415297,0.12844291322766
168,173,0.0018608176189587,0.025083085826125,0,235.421688189245,1,138.254999287039,-11.1343225446728,-137.879150936729,16.2006097145729
121,174,0.011525874287438,0.10886030201902,0,91.9503674479621,1,-8.27237019600092,-2.87283979929118,8.28128241382168,2.95701447441195
122,174,0.0611707198792749,0.0243737857916648,0,294.190992178184,1,-34.3199986306326,34.0255011511056,35.787502688601,-33.4407666632998
123,174,0.0274846602902396,0.031113726444336,0,3195.15622371821,1,-62.6740203318435,25.0316380009225,63.9509657375971,-23.5860851136241
172,174,0.169420700968735,0.470325002258887,0,17.4292673171182,1,-4.94300898694716,1.85462515044631,4.99023157198798,-1.72353159287631
172,175,0.0016422806909174,0.0066376913870346,0,1769.48712079538,1,-360.480268737018,94.0775402351442,362.75969862534,-84.8646497586586
122,176,0.0028199294944622,0.0051464001310216,0,708.202546068908,1,303.417127444211,4.86780649479324,-300.749851142615,2.99760216648792e-13
157,177,7.49618521348314e-05,0.0029615634194186,0,1607.17008520508,1,686.873113135753,115.340010267142,-686.509474696643,-100.973525602033
169,177,0.0028330269660701,0.151176487347304,0,30.2685370830769,1,2.02334855395657,-3.00259664131265,-2.02297095355985,3.02274622064249
170,177,0.0025082631747785,0.0534353329665648,0,411.31857000762,1,17.7504476027836,-9.32047299878867,-17.7401952220641,9.53888683309129
172,177,0.001618147958704,0.0043871687089899,0,551.973805621155,1,458.351971972815,-78.9217807598988,-454.851672340662,88.4118925482965
122,178,0.0121361439724016,0.0281542954569498,0,188.104519084612,1,-64.3478055481997,-18.4516321239754,64.9064087643883,19.747519848078
123,178,0.0017747790135126,0.0077465144718262,0,1047.65789056132,1,-187.103709864088,-82.3920928486577,187.860389196677,85.6948293334842
175,178,0.002623710837025,0.0137043967703485,0,293.150117705236,1,88.5577724297629,-16.3782782526932,-88.3449704050267,17.489804469441
128,179,0.0013987046293857,0.0159038490033659,0,2252.74631025593,1,200.840744163486,32.9415116969804,-200.25506675578,-26.2821178112789
158,179,0.0016609296767564,0.0074572822776973,0,860.748098890566,1,192.716409178011,53.7207154065655,-192.043801050436,-50.700823149962
171,179,0.0021210615040468,0.0030273665064395,0,1723.51302741359,1,-383.031240447576,-72.158833197935,386.411151418499,76.9829409612406
124,180,0.106185070118636,0.0575753999287781,0,457.397027596525,1,-17.5937561953877,0.806165938921074,17.9362150030886,-0.620478791090584
125,180,0.0003975828202286,0.0042502567108672,0,2289.42324097054,1,390.192714752061,-17.9653932946758,-389.586110278405,24.4501421415067
128,180,0.0358214301200044,0.18046275273609,0,336.160936062331,1,-17.8857424138461,1.23231594143145,18.0021318275183,-0.645964310291326
172,180,0.0046780798941694,0.0403376763518863,0,339.668035514467,1,-86.7503607254828,13.2430845465917,87.1106198627665,-10.1366783262381
178,180,0.0299392619439865,0.0672142609868563,0,1287.53724088511,1,-27.7013704216699,13.6887473429147,27.9872148445777,-13.0470207138848
181,186,0.0074090128592213,0.0035060233109954,0,2475.40908232203,1,-323.500671794089,129.378881157385,332.994603062331,-124.886252385926
182,186,0.0003342585186189,0.0018476150689085,0,1640.13668939086,1,501.851296527166,-185.363500918867,-500.878512117516,190.740569965591
184,186,0.0005868871733898,0.0132607467982298,0,376.803918876996,1,-273.733966986714,66.1796057077542,274.199427350029,-55.6625041209588
182,187,0.0276536809347752,0.251733675380951,0,7.91488331954853,1,-4.88724736762763,-2.70764100287649,4.89602505198307,2.78754496753639
181,188,0.10752260527733,0.180615909579612,0,137.300989870522,1,-9.1911344238693,3.5793750336545,9.30155757700666,-3.39388679896086
182,188,0.0037530832970859,0.0035981958792238,0,2381.63492991743,1,333.650804205373,57.1056923547178,-329.278054818221,-52.9134036202937
183,188,0.0019081116951542,0.0013449570153882,0,2072.53281482493,1,-540.953627039334,68.9546654992962,547.018275629192,-64.6799201122691
187,188,0.0113703331253139,0.003108030133479,0,1635.32644670131,1,237.437565167641,-122.663845273607,-229.316530287316,124.883694142141
181,190,0.0052948427461019,0.0063293260154653,0,890.606905617767,1,296.340385717172,-57.8231853022659,-291.245200101719,63.913846048188
184,190,0.002561406532857,0.0556305304966834,0,10.6691436906308,1,17.053101596895,68.9964869284705,-16.9237166672174,-66.1864088780274
185,191,0.0001552750884692,0.040793230391033,0,223.865083608867,1,23.1251751537439,11.0034360526424,-23.1240932368226,-10.7191993043726
189,192,0.001010140549718,0.004829859790605,0,886.903396880909,1,432.413803290989,146.389790629293,-430.228817170509,-135.94255473793
187,193,0.0001505862463272,0.0014062494689345,0,1062.87317449192,1,-633.143184702099,70.6857205967222,633.75436422624,-64.9782213913918
184,194,5.79809069374244e-05,0.0029297914695398,0,857.135789307236,1,488.577395244494,58.1989825387859,-488.437026372069,-51.1061040941136
191,194,0.004426198304309,0.0598913198692192,0,1885.69569283947,1,-51.8450515940269,-47.9052301401279,52.0816084590012,51.1061040941117
187,195,0.0011095910184466,0.0506344670905121,0,69.8412066149797,1,59.5385444690165,14.039850772941,-59.4970240647969,-12.1451314519563
189,195,1.29838773054097e-05,0.0087132024744114,0,610.049570685793,1,-322.938353100618,-119.89887240468,322.954343952466,130.629991207423
192,196,0.0132614461803637,0.006939468723004,0,835.785862726172,1,-226.280136584028,135.94255473793,236.098880372434,-130.804588298061
190,198,0.0423774139459933,0.29207624699879,0,11.842032616475,1,1.76961979588924,-1.00755565200036,-1.76771783363882,1.02066447446757
195,199,0.0149109887129808,0.0164917881200335,0,2006.00592240118,1,123.950583819406,-75.2245224645715,-120.769547078686,78.7427991489557
190,200,0.004779296995266,0.0032277640160221,0,677.264068701885,1,306.39929697305,3.28011848183956,-301.54247958288,1.4654943925052099e-12
181,201,0.0137440977368258,0.0205415257840496,0,347.357889892538,1,128.10001862757,-50.4660963416106,-125.349780962201,54.5765209760391
191,201,0.0072992917560396,0.0146215948299874,0,352.219638925579,1,-125.612398252116,58.6244294444995,127.116777398764,-55.6109285339804
198,201,0.0160733697109275,0.306208147480787,0,9.96670809333858,1,1.76771783363883,-1.02066447446766,-1.76699643656476,1.03440755794188
195,202,0.163561153771539,0.184148897794747,0,50.5755420725524,1,5.75703610932221,-3.93179351059696,-5.67636522094156,4.02261859245087
199,203,0.0022623101470943,0.0148862242879969,0,469.071526098347,1,94.550717879054,-70.0669317528911,-94.2291485765836,72.1828895347444
197,204,0.0356532990782195,0.0074635767540125,0,1144.90506821726,1,-17.9422805077247,13.0259822403371,18.123297254833,-12.9880886254197
199,205,0.0270151937985014,0.355106169871864,0,28.3426029837126,1,-0.525812755778943,-8.67586739606724,0.546759837947173,8.95121015963327
197,206,0.0140531266870778,0.0321887019497662,0,10137.6863419373,1,17.9422805077246,-13.0259822403385,-17.8709308333504,13.1894087470358
204,206,0.000596996858988,0.0024609693083484,0,1433.60268638719,1,559.453687081217,21.0668721070872,-557.542724247672,-13.1894087470264
204,209,0.0004811530519591,0.0014558494172001,0,3064.36003673128,1,-577.576984336063,-8.07878348169275,579.216533669173,13.0396518194489
205,209,0.0303160346969406,0.0032419832195808,0,463.646148676147,1,95.9949385907527,-73.1992347286964,-91.7354191702291,73.6547458343823
202,210,0.0128212132381605,0.24596457933885,0,44.5969425653147,1,5.67636522094155,-4.02261859245082,-5.6700416004596,4.14393212361577
203,210,0.0002626407746281,0.0045721863432818,0,1293.65684949051,1,-359.392102607885,-72.1828895347434,359.748144526538,78.3810512649744
208,211,0.005986157601481,0.0929900863490137,0,47.2594564126804,1,-50.6600418990967,-1.77706414596696,50.8156716731786,4.19464602299279
207,212,0.0449226687085404,0.476542937538892,0,23.4353514224466,1,6.65297744870454,-0.167736571009294,-6.63305670448104,0.379057274857448
209,212,0.0005760962993585,0.0026302292181679,0,790.084685065729,1,-487.481114498931,-86.694397653808,488.91486283922,93.2403289162162
187,213,5.35501185617325e-05,0.0022674968097869,0,1507.95507184802,1,530.973495674922,6.43683683834408,-530.822498110467,-0.0430788993794895
207,213,0.0082735167403788,0.475403600826701,0,30.5925990700179,1,-6.65297744870454,0.167736571009294,6.65664630043468,0.0430788993814435
205,214,0.0026168102374173,0.0288586601763688,0,507.146681967093,1,-96.5416984286996,64.2480245690632,96.8809860477575,-60.5062988755307
214,215,0.0864904406246606,0.151129033734357,0,10.9094314593467,1,-3.40067624823771,5.93900915274466,3.44093303214595,-5.86866647892586
212,216,0.0001149655560157,0.0017253041877581,0,2046.21321502384,1,-549.335377267787,-93.619386191078,549.694029413252,99.0017291289357
208,217,0.0470374587037068,0.0258668470539014,0,757.747661751338,1,-18.6015228323281,3.01125818563793,18.7705103951291,-2.91832851721089
208,218,0.0062462524744858,0.0338653261456824,0,329.349637609246,1,69.2615647314249,-1.23419403967064,-68.9583003542384,2.87840344102608
215,218,0.0018323976541083,0.0114120849845792,0,813.253804216013,1,309.111249437468,13.8667781758374,-307.346885422151,-2.8784034410292
184,219,0.00015585408818,0.011405914464434,0,1562.01795911915,1,-177.449951676126,99.5505439118172,177.514473392372,-94.8286326344415
214,221,0.0091560224291053,0.0226004832779909,0,341.623094380286,1,-90.3934067296501,51.9035782974313,91.3820093366597,-49.4633378042151
215,221,0.0005171445962446,0.003107065794314,0,637.434563256661,1,-477.337580203972,-7.99811169689892,478.522941903301,15.1199047439862
217,221,0.0016681172860079,0.0940414412883951,0,2075.06391157252,1,-21.417146920562,2.94744709368826,21.4249091051038,-2.5098477546128
220,221,0.0576141740647913,0.398934495497839,0,30.1712487497243,1,2.03362330203239,0.290445138024507,-2.03120310877121,-0.273687133708253
214,222,0.063741939504098,0.499067542402796,0,49.8214075019101,1,-3.08690306986957,2.66371142535603,3.09743375425351,-2.58126142750221
219,223,0.0214240397424299,0.0656137581737046,0,2645.13537730008,1,-32.9607785009979,1.34216912114983,33.199069221828,-0.612374464327038
220,223,0.008229141549705,0.028156454494501,0,2335.03578531536,1,54.4904991515459,8.18665290382228,-54.2417852135781,-7.33566466474032
221,223,0.0929446038015181,0.252891778752757,0,12.7123181835404,1,2.91184026402067,0.66783994149556,-2.90354512179695,-0.645269795557419
222,223,0.0202903968351427,0.0386383372147572,0,91.9503674479621,1,-6.14212505909359,-6.12733477311907,6.15764545546361,6.15688975489313
211,224,0.0036212234169424,0.0070220443240517,0,612.158595767326,1,259.804954481463,4.24099070683664,-257.360027538349,0.500054897609137
217,226,0.431425416766043,0.160496905087108,0,100.837104893969,1,2.64663652543289,-0.0291185764771831,-2.61654580106139,0.0403127897659065
220,226,0.0441358430197958,0.0355726443695155,0,215.333219622895,1,52.1477492779712,-31.0398899183924,-50.529717561618,32.3439925000201
221,226,0.0191915390064257,0.168512102965174,0,34.9379817356756,1,14.8791220858012,3.90100530070062,-14.8337137306807,-3.50229535821029
219,227,0.0161649292709575,0.102872541803095,0,65.5051393094061,1,-5.41151855662714,5.00963587983208,5.42050343491767,-4.95245670805558
226,227,0.0157376402533377,0.143031562230432,0,26.9103215509744,1,-0.940351856341165,4.29052938085356,0.943444318345105,-4.2624235362389
219,228,0.000439300166225,0.214309018675688,0,91.9503674479621,1,-1.67471177535916,0.0102930260760056,1.67472436894025,-0.0041493498088705
223,228,0.022836013201763,0.106015143826628,0,220.806289604701,1,17.7886156580838,2.43641916973239,-17.714350955874,-2.09164869616322
222,229,0.121531346457129,0.0611442647683392,0,158.678950623086,1,7.66550212811801,-5.01553852500185,-7.56186353750917,5.06768067276156
224,229,0.2677392539776,0.648697153302154,0,91.9503674479621,1,3.04077063983036,-0.500054897611017,-3.01485302165608,0.562849892667792
225,229,0.0228525012549875,0.171276245820948,0,386.667435973934,1,17.5514228537266,6.22451142481444,-17.4721710679961,-5.63053056542938
220,230,0.0005829157881502,0.0134792177339994,0,923.730997343779,1,-108.67187173155,22.5627918765461,108.743350854897,-20.9099241954534
222,231,0.0082884677666683,0.0032835037847289,0,727.465790449708,1,165.255147236114,-58.0871477009351,-162.670696828201,59.1109862359602
225,231,0.0014167667157799,0.0299236396661895,0,540.978629449279,1,96.5325277277096,63.0905136668636,-96.3441127463927,-59.1109862359589
186,232,0.0040052397081827,0.0231449621984546,0,306.401777293369,1,-106.315518294843,-10.1918134586998,106.778380577353,12.8665422670404
187,232,0.098648179931427,0.0204972263817968,0,807.127635150693,1,-0.985130564745966,2.48950074440986,0.992201761169203,-2.48803148350735
195,232,0.0009878681136027,0.008401236802437,0,1324.59761319692,1,-393.164939816398,-39.3285437803007,394.730071638677,52.6390686215537
211,232,0.0253008672810494,0.570611168430422,0,91.9503674479621,1,1.61743791251715,-0.145699767401441,-1.61677064418681,0.160748688744664
219,232,0.0186628907148321,0.0172536613017567,0,536.913050616989,1,-137.467464559389,88.4665346073814,142.565064048865,-83.7538533626941
222,232,0.0082034462903562,0.0079544825248724,0,894.9998031408,1,-169.875958059392,71.8112824265565,172.711615386266,-69.061683556181
230,232,8.31204660794217e-05,0.001343886997429,0,3574.738101543,1,816.720400951856,-80.5857767139506,-816.160562768138,89.6372088250769
225,234,0.0212651758666685,0.17264910259736,0,17.687699385611,1,-1.15729799126782,0.143736122602123,1.15758719738604,-0.141388097027872
181,235,0.0066564513111405,0.0652383221871179,0,1418.79945311542,1,-57.5235496055732,-11.6693703137639,57.7656223644677,14.0418687967099
225,235,0.0146219456503839,0.0850953319233377,0,240.460677836596,1,9.71870969138849,15.0513980842971,-9.67177355256691,-14.7782438538191
227,235,0.103772424651428,0.131393993557004,0,339.226355517864,1,-12.2537534300508,9.21488024429426,12.5052638809742,-8.8964241353699
233,235,0.0307011720150083,0.0401958352227813,0,2366.10147495155,1,51.589340307941,-13.7797468505636,-50.7065693358407,14.9355241126386
234,235,0.0757767339305648,0.122186424665968,0,202.406128660289,1,9.99078000586509,5.46112690278823,-9.89254335703477,-5.30272492015933
181,236,0.0040379115429212,0.0612576243546694,0,310.897809252478,1,-34.225048521211,-12.9996042334016,34.282179298956,13.8663135916913
228,236,0.606076927826439,0.172765417262505,0,21.9867512115229,1,0.392042082483198,2.09579804597199,-0.363880175457555,-2.08777034619526
236,237,0.027868809522779,0.025237092293137,0,1166.76683542931,1,-41.4315571270057,4.46117490454989,41.9322365204062,-4.00777584384755
187,238,0.0135897156641718,0.014373663680986,0,269.194080906721,1,-150.849759760006,157.702111812576,157.321944210948,-150.856567367197
211,238,0.0005078743391134,0.0153136237418689,0,1486.21705152774,1,-203.263570828612,18.0027316448275,203.475050605265,-11.6261115259022
233,238,0.0157905965487732,0.0396707992039549,0,1609.53474546394,1,-51.5893403079403,13.7797468505639,52.0433777062061,-12.6390662941294
237,238,0.0062212001839174,0.029849854682394,0,236.425425743603,1,-171.746069017375,23.9932743740556,173.640322394284,-14.9044834075615
183,239,0.0024676623036292,0.0176841121470617,0,749.465533873004,1,-105.115164161007,-68.9546654992944,105.531969382949,71.9416342905553
234,239,0.0038182181282131,0.0177972131256201,0,639.738578531841,1,106.176892820007,74.9477066189584,-105.531969382949,-71.941634290556
182,240,0.0005280892760486,0.008834737460918,0,623.865443929266,1,232.571875841959,-62.1239323011678,-232.260706745887,67.3296757131894
184,240,0.0286954337218338,0.115158897431542,0,217.304053532546,1,-20.2088934396239,8.61169195820658,20.3473663003335,-8.0559804774851
189,240,0.0067310135375065,0.0251178128459689,0,261.261747984982,1,-109.475450190371,-26.4909182246137,110.361732394145,29.7982166573203
196,240,0.003411282021526,0.0029742587921704,0,899.557784591325,1,-236.098880372431,130.80458829806,238.624585616325,-128.602454032796
236,240,0.0236653279981079,0.0897707101949185,0,200.031195931773,1,7.51325800350635,-16.2397181500463,-7.43486526451062,16.5370887106544
237,240,0.0010060282070894,0.0172210567319377,0,905.466981013533,1,129.81383249697,-19.9854985302072,-129.638112300408,22.9934534291165
242,243,0.0830182987727072,0.408776696131158,0,81.4757176471148,1,4.39726268475496,-3.09966208092401,-4.37281868305672,3.22002275323538
245,246,0.0003989471054909,0.0352352817728034,0,203.030683180404,1,-44.0637061935372,1.73205090883049,44.0714625385755,-1.04700519929048
241,247,0.0509444888644355,0.121073785673883,0,48.0117032958,1,20.9137662224767,-13.7644747299904,-20.5901778772761,14.5335091599488
243,247,0.0028848694324306,0.105458374900531,0,921.826997151163,1,-28.6388774052073,1.95791326813195,28.6626122077532,-1.09027133018689
247,248,0.663711129490916,1.70062436417864,0,91.9503674479621,1,0.0,0.0,0.0,0.0
243,249,0.0028496857475307,0.0437272143721316,0,2929.00529764901,1,33.011696088264,-5.177936021367,-32.9799265866495,5.66542549587921
247,250,0.0658072963441238,0.0599502898499574,0,91.9503674479621,1,5.56183798602274,-6.06049565408949,-5.51731036777378,6.10106020800148
249,250,0.001313782052088,0.0209915515873417,0,292.888750951066,1,-177.225142476138,24.9861336777353,177.644134078162,-18.2915043710268
245,251,0.095838981776197,0.46315151928314,0,91.9503674479621,1,0.0,0.0,0.0,0.0
246,252,0.0010504095690154,0.0368268100840908,0,186.550532337559,1,-44.0714625385747,1.04700519929003,44.091884641998,-0.331016934833388
244,253,0.0012906064534241,0.0035931045914907,0,5626.0163345478,1,-407.585645652708,-40.4281967213676,409.780789478088,46.5395727624754
252,253,0.0620173406043223,0.83541027774104,0,3.0686583917385,1,1.34112735968812,-0.0919697783846482,-1.34000665608762,0.107066319078483
250,256,0.0120000982789758,0.0685942110641994,0,102.814597838061,1,-65.9694661558875,13.1402296143752,66.5124269345589,-10.0365911785953
252,257,0.0028385846473408,0.0056987084877781,0,1025.17615221704,1,326.080379866138,-49.5338098516263,-322.992510361606,55.7329796284078
255,258,2.6430360524128e-05,0.0020658815393039,0,4982.58437790851,1,616.490606380584,29.1820309549951,-616.389929897333,-21.3128349218521
257,258,0.0944248630873177,0.191675137266426,0,206.406728773706,1,-23.4250789987255,9.42453827313559,24.0346651078451,-8.18712582348073
258,261,0.001242219141908,0.0058806060229035,0,633.427497933303,1,-256.477745851644,44.622713945039,257.320776991397,-40.6318448377464
255,262,0.0005549913439611,0.0044421751833554,0,1404.86068455139,1,-533.984612525519,73.2674994498622,535.596905074598,-60.3626388105791
241,263,0.0012027815689708,0.0326750689917711,0,134.526270621854,1,-151.896836471475,-15.3408057214272,152.180906955815,23.0579365070911
255,263,0.0153475270649207,0.0407397332348343,0,216.818313164326,1,-38.3011164035664,11.0099100819675,38.5448648519669,-10.3628842306864
260,263,0.001167541537691,0.0062853766824781,0,1564.12322608526,1,-398.783749559523,4.16468202976565,400.652553403817,5.89589031636612
254,264,0.0124381758215486,0.0077851521277681,0,550.296685436997,1,-274.666536343399,-5.32907051820075e-13,285.06381164555,6.50773643200238
255,265,0.0522777055999609,0.129453510912798,0,946.336503065938,1,31.1878963640872,-3.71595245770663,-30.6721803624886,4.99300251708993
256,265,0.0450723112098817,0.0191237741880428,0,48.6992684367402,1,33.8410480344567,-23.616332228741,-33.0734901563817,23.9420000976064
259,266,0.0029412025850652,0.0426929753719728,0,124.518993287789,1,-44.4136787636325,7.96736947972689,44.4735632317416,-7.09811751621805
260,266,0.0021922998720227,0.0469133101420383,0,326.961114015691,1,39.0297616452504,-4.16468202976348,-38.9957695596564,4.89208309117632
261,266,0.208179284625211,0.449902282372406,0,48.6562947253208,1,5.55066984989055,-2.0485396061732,-5.47779367208219,2.20603442505291
263,268,0.0021045659602965,0.006837622102535,0,983.349740503561,1,242.906875421475,-105.726699359004,-241.434396514855,110.510704473295
267,269,2.81373575404176e-05,0.0018083655707428,0,1703.80753182594,1,537.103068661216,-5.74776883133629,-537.021888799109,10.9651339467847
263,270,0.0003130794046121,0.0043673690346462,0,1829.94871739718,1,377.50733146736,6.2065399775223,-377.06240917537,-5.7814864007354995e-12
241,271,0.001861675651739,0.0058702990516408,0,1242.05016552438,1,94.7295273854999,24.9264280054957,-94.548525125969,-24.3556855179541
264,271,0.0011392057164176,0.0070381852054652,0,551.148297675908,1,-285.063811645551,-6.50773643200369,286.016092400327,12.3910709545769
268,271,0.0078606506444698,0.0182799774236179,0,413.327744312066,1,194.418158559112,-5.10300163703205,-191.467567274358,11.9646145633822
249,272,0.0037909355079828,0.0959668037898793,0,55.9707514681002,1,5.66724443556801,-0.201078583911922,-5.66603071066049,0.231803796675218
265,275,0.0280837007044015,0.412363300691889,0,125.613180308257,1,7.40334956011977,-2.57795777921623,-7.38571921224888,2.83683065772003
272,275,0.0023568166217301,0.0346244760300712,0,477.325158314659,1,-116.429236370413,20.8866491736353,116.757555300783,-16.0632484771173
244,276,0.0006927717090647,0.0120637068300338,0,231.914724898018,1,233.139897013756,37.2119653858329,-232.748400132433,-30.3945628571918
268,276,0.0852675213869682,0.0177477846040272,0,373.734321764583,1,47.0162379557478,-105.407702836262,-35.7440453610666,107.753923799782
269,277,0.0003034820082386,0.0012997536520249,0,1971.51499195328,1,693.412101793356,-158.439012149828,-691.876715713187,165.014768243411
274,277,8.26920379929515e-06,0.0007089524294267,0,2445.6183502929,1,-964.478883584154,174.297253883437,964.558138070363,-167.502444866186
276,278,0.0296472083301377,0.195730194931539,0,124.870283686991,1,-0.68398932403913,0.3066964739031,0.68416019446319,-0.305568391250705
275,279,0.0028076349566336,0.014999847629159,0,334.696139853663,1,128.955317394157,-32.3936390823915,-128.457522137032,35.0531205045597
272,280,0.0181522747005848,0.0139908770943488,0,543.408733440607,1,122.095267081074,-21.1184529703103,-119.320535821851,23.257078826186
278,280,0.0107966035602456,0.0873465012434551,0,1172.66600074267,1,41.2775133930865,-0.115977324009559,-41.0886743466709,1.64371981362834
276,281,0.001280442825092,0.0081734990983246,0,1487.32793809315,1,281.930747591544,-79.4341065672411,-280.803961066581,86.6267655952832
279,282,0.0057975705050597,0.0104768403205061,0,350.867887744453,1,82.2847931122285,0.709417288126429,-81.8922227742636,7.95197241387768e-13
273,283,0.000234152885298,0.0020524178854678,0,1492.15152462331,1,534.359478246261,47.5020049795752,-533.685594455359,-41.5952182943986
276,283,0.0113054063707615,0.614891724023735,0,25.0733216219128,1,2.35768193061759,-1.70215059627672,-2.35670137769979,1.75548206038776
279,283,0.0606875941212655,0.1067636494212,0,9.06073459532913,1,15.7456922836344,-6.71573569171779,-15.5678606819815,7.0285830050739
280,283,0.003234921177457,0.0513371499175735,0,163.310963792721,1,-41.3105141273998,-24.9007986398148,41.3883631040698,26.1362366511301
281,283,0.0013966612690117,0.001895764922049,0,742.937644609435,1,-506.569482128385,-1.71743421072262,510.221793410975,6.67491657782379
241,285,0.0111865202950279,0.169101382267045,0,60.7320108982807,1,36.2535428635,4.1788524459273,-36.1025825629416,-1.89685636326563
257,285,0.0088226143965584,0.0112618942531552,0,1205.38985059669,1,192.398303807043,-62.3400917911663,-188.744149861618,67.0045476393315
281,285,0.0018307797077315,0.0117102802044926,0,2470.18219022619,1,-239.738405177926,96.1949742874472,240.983314445993,-88.2321176440894
261,286,0.0277662826529077,0.101564137886481,0,79.6097178705769,1,67.8995149558847,-5.24788471578343,-66.6117468572589,9.95831204844432
277,286,0.000251605741006,0.0371386533638514,0,187.979620724278,1,66.5118824654978,30.028844151921,-66.4984830457896,-28.0510021447019
278,286,0.0043070046634207,0.0718430099237883,0,12017.4302518193,1,-41.9616735875497,0.421545715260176,42.0395308148227,0.877152101140788
279,287,0.10606581011146,0.0625557692956491,0,327.973472468775,1,19.2666643730183,-1.83508571590599,-18.8693716574502,2.06940204679342
286,287,0.0015241498765369,0.0435462395482488,0,287.523683860219,1,91.070699088226,17.2155379951192,-90.9368386726077,-13.3910337161918
257,288,0.0001359019886071,0.0216916942630827,0,152.571549353439,1,154.019285553288,-2.81742611037903,-153.986630416057,8.02960335814068
279,288,0.0088332507154852,0.0417199586367326,0,216.339307308449,1,16.348311439204,9.18877063224729,-16.3172448264213,-9.04204120703062
281,288,0.0025021982064372,0.0142379925483193,0,1347.677900512,1,-169.570432005324,3.16099626130235,170.303875242478,1.01243784889239
258,289,0.0133096429629018,0.0704187686811145,0,976.767760604138,1,28.3300098662101,-15.122753199711,-28.1925610621605,15.8499684649775
244,290,0.0814710683406665,0.163423078079488,0,33.8435148141512,1,-0.552765482366752,13.0904337315017,0.694561692704719,-12.8060042570219
265,290,0.0366170259084298,0.0128116738101986,0,134.700934322093,1,56.3423209587513,-26.3570448354793,-54.8950665693934,26.8634145008694
284,290,0.0037100449273568,0.0337322842490266,0,192.713953940842,1,-54.0774164312311,15.1765488287517,54.2005048766883,-14.0574102438475
285,291,0.0045990312053947,0.0842074664614637,0,2706.22837742767,1,-26.5862472681361,17.1276690432201,26.6337415052641,-16.2580577704429
289,291,0.150945887738588,0.0395166985285388,0,867.900560306845,1,28.1925610621606,-15.8499684649769,-26.6337415052641,16.2580577704435
284,292,0.0259497306746776,0.0569472583412332,0,157.753411943152,1,54.0774164312311,-15.1765488287513,-53.2164802239021,17.0658923918401
285,292,0.0126204860990591,0.209728912924819,0,250.031629228636,1,10.4496652467044,5.99675732480727,-10.4307502250477,-5.68242498460453
287,292,0.0083842162785349,0.0075976547648316,0,649.458728607114,1,112.686550974599,12.3984945336683,-111.566441253901,-11.3834674072352
249,293,0.0013798037416104,0.0050655489424634,0,773.81094825892,1,204.537824627219,-30.4504805897065,-203.950377743122,32.6071213153051
287,294,0.411999204650182,0.636469672130515,0,10.6209107123128,1,-2.8803406445402,-1.07686286427126,2.92083846537453,1.13942520530857
293,294,0.0025607348898541,0.0111056255091176,0,272.869208077074,1,-217.508499482328,62.0549220377221,218.816001662543,-56.3844289213293
242,295,0.0530905972000731,0.564302611866102,0,8.17903695507164,1,1.79013529183111,0.978981082869937,-1.78788693432564,-0.955083178539275
244,295,0.0794962661565115,0.0634399218681805,0,357.650749298168,1,13.5020516735001,-4.04165903238947,-13.3419507747831,4.16942337902724
276,295,0.0072357931996129,0.103757568823433,0,318.72662654967,1,-15.1119947046139,3.4701997470227,15.1298377091086,-3.21434020048829
244,296,0.0249861042241008,0.0989635288483327,0,123.769121457649,1,-4.15329465724739,-5.83254336357152,4.16628222754005,5.88398378724861
259,296,0.0006405289882029,0.0056088693775693,0,1959.99246536464,1,423.155764048077,-43.1839808210193,-421.996882768878,53.3318645840579
245,297,0.0033769479789969,0.0107780510238662,0,752.983865903987,1,122.377715354171,-48.6298735211968,-121.792235436435,50.498523102431
293,297,0.0083865710675574,0.0188361954239339,0,669.519556308493,1,-120.338209798714,53.7642571960139,121.792235436437,-50.4985231024342
242,299,0.313108363418319,0.554548639060473,0,49.2526147114106,1,-6.18739797658606,2.1206809980541,6.32366476135922,-1.87933784381793
296,299,0.257136202218357,1.43332144773748,0,6.25732363767122,1,-2.45286531747153,0.486296475876276,2.46894412783777,-0.396670419516955
298,299,0.0429602800583631,0.0329904891391399,0,1154.56424025349,1,-39.8560640914087,31.2650371760301,40.9745110985442,-30.4061481326747
296,300,0.000179737990098,0.0041134055337224,0,439.306576347533,1,474.10403963966,-3.3363328732754,-473.700014211904,12.5826832379868
298,300,0.0255849686024148,0.0525133397465262,0,1999.04223782319,1,39.8560640914087,-31.2650371760303,-39.1899736580561,32.6321927810309
56,98,0.0006469642043916,0.0128365977171101,0,1503.04794340837,1,191.688275686135,-74.1585844397876,-191.410170320186,79.6765507838655
28,83,0.026823461097787,0.246079744773503,0,3.28210387313185,1,15.2952411417455,-3.77105086436391,-15.2274124722257,4.39331439787679
47,104,0.0012408433335039,0.0040267229468582,0,480.752015130679,1,534.534786873406,-195.173045008217,-530.449636571421,208.429971179482
16,61,0.0005671030301234,0.000313030467062,0,288.917453077071,1,275.925853409436,-82.8028528968,-275.45643083992,83.0619655419094
84,147,0.0020763199683805,0.0045430363045098,0,4409.73320798751,1,398.255790307406,-176.802526483198,-394.313547861979,185.428244495592
100,138,5.39057373507216e-05,0.0021955557377812,0,1242.5332576211,1,546.712736049849,-110.367141449036,-546.536004215676,117.56534727345
101,147,0.0002712774952489,0.0005071800464965,0,2711.56027091544,1,1388.95125072274,-964.502789249598,-1381.17598935434,979.03940762529
61,157,0.0027969283870906,0.007296733776093,0,1034.49443685288,1,907.796960854388,-309.478534535683,-882.068791776964,376.599166286842
168,185,0.0048228585258683,0.0403486074291359,0,246.647212440471,1,23.1587795928047,11.284574782351,-23.1251751537441,-11.0034360526417
157,226,0.0122962798833131,0.0505180916503307,0,199.501244504718,1,-68.1876248579566,36.182784102772,68.9203289497018,-33.1725393124281
127,221,0.0352541236572325,0.118306075135443,0,99.0404599977012,1,-15.219959467834,1.83269509555476,15.3033722477659,-1.55277780968422
121,188,0.398803901257945,0.691743261081579,0,44.603212834524,1,-2.1897079742957,4.04399611453274,2.27475189933944,-3.89648361061949
182,281,3.25219563771967e-06,0.0005906648931813,0,2001.87742555242,1,-1196.63369507276,193.089381868137,1196.68228037824,-184.265301933258
221,293,0.0006166615897755,0.0015542178307018,0,936.695052381198,1,-539.854906735354,153.321321230331,541.797087024179,-148.426300549006
238,274,0.0016767943485525,0.0041282178880949,0,747.297718661201,1,-586.480694916702,190.02622859479,592.869470078149,-174.29725388345
230,300,0.0002373684081498,0.0034926616990258,0,853.65636631014,1,-512.260062339986,54.4836611489778,512.889987869961,-45.2148760190107
263,49,0.0001563740781808,0.0007966975755085,0,1442.52686803168,1,-1211.79253210043,80.9292167887298,1214.091937515,-69.2141631161221
250,51,0.0001834010835028,0.0555595269071466,0,1082.1599442713,1,-38.2697565532063,18.6261701625244,38.2730788793893,-17.6197046202841
275,8,0.0019347033860101,0.0181057712669438,0,571.205858012987,1,-238.327153482688,45.6200569017938,239.469628009529,-34.9282978389523
245,37,0.0091548859663975,0.0359108330159085,0,16446.4142886148,1,-78.3140091606261,46.8978226123718,79.0766797008328,-43.9061813711764
