from_bus,to_bus,resistance,reactance,susceptance,line_rating,line_status,P_from,Q_from,P_to,Q_to
1,5,0.0099453688219,0.29490858049404,0,30.7888764065725,1,4.17075475620783,-1.0458814464352,-4.16891346685399,1.1004809328237
3,5,0.0175869443868669,0.146466449711824,0,26.3126981087824,1,0.518697225371915,-0.93968620976339,-0.518494933115649,0.941370927013171
7,8,0.0186521133761892,0.0605253577300345,0,199.82990098583,1,-13.108910890351,-0.327532239313059,13.1413265495997,0.432719749838693
1,9,0.0844622299575437,0.279893762611477,0,39.560769994771,1,-4.17075475620782,1.04588144643502,4.18639212548064,-0.994061809121213
3,9,0.020019898042715,0.173538358198536,0,158.429656660297,1,-13.6041871972173,2.19096595948602,13.642139909609,-1.86198069774429
3,11,0.0184926588125977,0.100949895529166,0,130.17753544317,1,13.9213547507718,-1.66587556279705,-13.8850593197109,1.86400932013927
10,11,0.0038627387252836,0.0379315336095346,0,114.886956804317,1,65.0140191337248,-17.016511160376,-64.8380587530544,18.7444165580825
3,12,0.0029470786745987,0.668448290587223,0,3.60514417125277,1,-0.835864778926457,0.414595813074153,0.835890394563097,-0.408785744726904
10,12,0.0295172565140968,0.63623349325254,0,3.68516499661311,1,0.836146954838867,-0.403255683340489,-0.835890394563099,0.408785744726926
5,14,0.558737716801939,0.452960167327516,0,3.44185408336997,1,-0.432802942302034,0.477421644800608,0.435113507464048,-0.475548504772766
10,14,0.146530427133467,1.53576667110197,0,3.20299528168965,1,0.435719459219136,-0.469197601906328,-0.435113507464084,0.475548504772778
7,15,0.0016546273660961,0.0025531804228528,0,379.610994057421,1,-282.074773569104,3.76403719071321,283.405621949609,-1.71046543158715
11,16,0.0022011337609026,0.004497894620955,0,835.209449538695,1,337.090259465225,81.1389582227539,-334.444202314504,-75.7318873593789
16,19,0.0033526781817888,0.0866183166534115,0,147.028178494837,1,-17.5491742734593,-3.58770443260946,17.5601713239092,3.87181938384418
17,19,0.0310499695365232,0.0935460888595194,0,124.865234147649,1,12.378811633337,0.558747010428434,-12.3308660076144,-0.414298373884867
13,21,0.020971223933738,0.082031640310427,0,208.49879663588,1,13.0215077863544,-8.54053536414343,-12.9705199036225,8.73998102690848
16,21,0.0127111349208716,0.0050103441077595,0,455.536275105521,1,-139.324856953482,79.3195917919886,142.664939916731,-78.0030323267229
19,21,0.118353206997429,0.113348812963177,0,22.6256881284153,1,-5.22930531629483,-3.45752100995984,5.27648816976046,3.5027088047668
20,21,0.0013836093174498,0.0047839853213892,0,564.283336091606,1,-169.156648479043,-10.9231889998329,169.55407491113,12.297335728577
13,23,0.0038550116933334,0.0316631476463873,0,153.48394343478,1,-59.0259210281965,8.54053536414378,59.1634012744483,-7.41134103690993
9,24,0.0805877479360432,0.729136168659465,0,4.31648774849252,1,1.01017597674905,-0.0175405907863151,-1.00935336669349,0.0249833443012654
17,25,9.25370490253802e-05,0.0068785616486619,0,668.670915757285,1,304.881921007219,34.2185253682055,-304.794329599054,-27.7075883186658
20,25,0.0151978414586239,0.221965720438566,0,11.2282009259893,1,1.73498908331277,2.31595802055169,-1.73371685526683,-2.29737702564215
22,26,0.0003168566801105,0.0230274311335947,0,104.572319836664,1,57.0218569531404,-0.410161024177707,-57.0115538499408,1.15893488405029
23,26,0.000384458679679,0.0025607829384532,0,698.909739954447,1,-475.302824579753,13.9003006757511,476.174807358765,-8.09224186177743
18,27,0.0002409942283319,0.001574867497997,0,1994.01284838037,1,-380.447069513434,1.77136083578944e-11,380.79686445392,2.28586670537132
10,28,0.0155094865014468,0.0345618300396935,0,123.88076462402,1,-66.2858855477832,17.8889644456229,67.023280805478,-16.2457295412211
15,28,2.040994471603e-05,0.0163204233926304,0,389.455606788314,1,-283.405621949609,1.71046543158925,283.422038057808,11.4163626907404
22,28,0.0003038190730367,0.0015864574640414,0,1833.21597106205,1,567.488686550633,-116.293487602598,-566.469168225623,121.617124595733
20,29,0.0001733609692228,0.0088701123011857,0,2492.80518469616,1,-227.952426477144,8.60723097928844,228.042607770588,-3.99305395949731
21,31,0.0651542982278846,0.855391110717166,0,6.86644982468764,1,-0.932827865146213,-0.181543670002092,0.933412708668075,0.189221904030669
31,32,0.0117714101331538,0.0039560994531354,0,116.49904290121,1,-45.2038086948434,28.6748887707013,45.5376251386943,-28.5627007629751
24,33,0.211090460625731,0.708918496223985,0,4.37707447553118,1,1.00935336669348,-0.0249833443012874,-1.00719863300268,0.032219723260906
29,34,0.0022088873810006,0.0483443646449217,0,141.220858775953,1,53.4501068593357,-25.7262451154157,-53.3723815548535,27.4273641920801
26,35,0.0073658116988749,0.126926537702787,0,67.9777502891474,1,8.36051745618921,0.576683181608112,-8.35534438655553,-0.487541638932087
30,35,0.0097768778845477,0.113107829209689,0,83.0386141391926,1,-4.18556332003107,6.77963621654475,4.19169719878102,-6.70867391976302
33,35,0.0004699224411144,0.0049797432962571,0,501.802712920747,1,-261.943567314998,0.479953284126476,262.267678233108,2.95463300180917
21,36,0.34273300559938,0.931556375890832,0,22.6256881284153,1,0.0,0.0,0.0,0.0
9,37,0.0045545980459742,0.0807811767527568,0,64.766558115308,1,-11.3692343560238,0.0296269554850355,11.3751216462007,0.0747910905361203
28,37,0.0005787801956513,0.0013829721683819,0,692.328214409988,1,216.023849362354,-116.787757745192,-215.67492686233,117.621494127468
29,37,0.0068512906229201,0.0157867664665152,0,465.243812585347,1,-168.428208750193,72.8584351536365,170.735477681393,-67.5420184670555
30,40,0.0411668699920926,0.0191972066814538,0,92.3848305314797,1,4.18556332003232,-6.77963621654388,-4.15973579185531,6.79168028004884
32,40,0.0050686777700983,0.0221740259317179,0,114.810418739653,1,-45.5376251386942,28.5627007629747,45.6813639065309,-27.9338844700536
39,40,0.002021087006804,0.0578697113100168,0,74.8374663395376,1,5.65938340413967,-3.62088683435911,-5.65847748169527,3.64682607900817
17,41,2.23755030826141e-05,0.0068674384174102,0,962.833686860505,1,-317.260732640556,-34.7772723786316,317.283653916772,41.8122182423262
27,41,5.76573080317306e-05,0.0030709810736863,0,2053.50466049995,1,-380.79686445392,-2.28586670539406,380.880552079018,6.74329147169807
31,41,0.0027839798546041,0.0369491072103256,0,157.020348895366,1,-63.0275059841341,20.0684265532696,63.1480438220618,-18.4686428877644
33,41,0.0080892332266014,0.0422251963926898,0,1481.38914804798,1,-27.1042746847317,-0.51217300738461,27.1640316490246,0.824099920902684
8,42,0.0015946809144338,0.0724092363127916,0,206.140994701665,1,-13.1413265495998,-0.432719749838869,13.1440979585061,0.558560349423221
23,42,0.0098978111844709,0.0492306439320197,0,959.776651232936,1,39.3559580868028,-6.48895963884008,-39.1979952329824,7.27464981477667
34,42,0.003060652453517,0.0248556035017681,0,592.538193518622,1,-94.0213765739696,68.4258408184831,94.4258033341657,-65.1414851624251
35,42,0.0004928183311483,0.0039942965089307,0,1360.02997385746,1,537.598838017979,-41.4919040225339,-536.162338029582,53.1347478984222
38,42,0.0025190519870122,0.0018992595599633,0,521.526737588087,1,-462.254942268936,-9.71445146547012e-13,467.790431969893,4.17352709980898
39,43,0.0069732898207882,0.175819824585683,0,5.78884680330573,1,0.876303886201775,-0.639252214395809,-0.876222416031032,0.641306348312097
40,43,0.0273987210902657,0.181194028670389,0,7.07811122413596,1,-0.875902311956367,0.643423269999386,0.876222416031019,-0.641306348312097
35,44,0.0001599915921187,0.0012410120543591,0,1860.29566725523,1,-795.702869063315,45.7334865794181,796.721822005682,-37.8297407165477
40,45,0.013459539191261,0.0699505129423934,0,177.789290763655,1,-13.284046077048,1.92418028640808,13.3080314660582,-1.79952592487735
39,47,0.0077971727377685,0.0953314410033248,0,84.3501013391226,1,-6.5356872903414,4.26013904875599,6.5403997475603,-4.20252260848304
40,47,0.003882209515834,0.043000839657722,0,589.015252116665,1,-21.7032022439774,14.927774554587,21.7298458837214,-14.6326593950742
41,47,2.74831005689636e-07,0.0003290890048994,0,1049.07795669111,1,-788.476281466877,-30.9109667472376,788.477993070239,32.9604802141478
44,47,9.86463229827462e-05,0.001121642586583,0,1527.81025456898,1,794.988687329753,-114.025546392902,-794.351727435781,121.267999242865
46,47,0.0072223476413514,0.121494078769693,0,249.302198842733,1,18.1838286289043,-0.866566435752265,-18.1598943031754,1.26918882390158
44,48,5.30358282496335e-05,0.0002070110909441,0,3993.08984641461,1,-1591.71050933546,151.855287109427,1593.06787876559,-146.557160619878
46,50,0.0026557857094767,0.0138449744291328,0,249.284427402843,1,152.253901548525,-27.3797572313175,-151.618367182794,30.6928848722203
50,51,8.1361600086201e-05,0.0003168931516703,0,1708.21627460427,1,-1080.56353910371,279.536221862772,1081.57710779565,-275.588499879898
29,52,0.0051195543031757,0.103148791073412,0,10.3477208449475,1,-2.33168819623964,1.02665669250929,2.33202049595339,-1.01996151716449
2,53,0.0004929890431357,0.0022151447842687,0,1004.10225022219,1,-512.237557120871,1.0458300891969e-11,513.542824668019,5.86495103571273
49,53,0.0013148615728929,0.0079722247508006,0,364.221939926156,1,-236.060734883463,1.4002687898084799e-12,236.801116918317,4.48905961280916
50,53,0.0002308027623606,0.0008016032184034,0,3563.0476557686,1,835.375863034611,-0.639104438020994,-833.76519847717,6.23311847757238
52,53,0.166068484447105,0.482344178853884,0,12.8090318349478,1,-2.33202049595337,1.01996151716466,2.34279965886016,-0.988653551066713
46,54,0.0018760205832986,0.0121747577868348,0,411.449786144334,1,-170.437730177429,28.2463236670696,170.997646862041,-24.6126481751067
45,55,0.0011778992063248,0.0459598507667789,0,153.458795097121,1,-13.3080314660582,1.7995259248786,13.3101305253408,-1.71762379704005
47,55,0.102592189869394,0.181449847363022,0,7.89519614997013,1,-3.62917708678954,-0.878882922956662,3.64348188671385,0.904183131151148
5,56,0.0044081913054438,0.0283422157747457,0,87.641719278846,1,5.12021134227205,-2.51927350463671,-5.11878182412753,2.52846451040269
6,56,0.0001147331127892,0.0008783478867481,0,1254.22427074363,1,959.375589352789,-412.512766521383,-958.124346390529,422.091750173017
9,56,0.0100086138580135,0.0469639973694623,0,172.335109737444,1,53.1635289541882,-16.0352624427485,-52.8549143014517,17.4833928177345
21,56,8.38309315425954e-05,0.0017300064575314,0,843.932532751598,1,-473.910085532169,53.644550436454,474.099613746035,-49.7332848947175
50,56,0.0024092195503321,0.0049781698452984,0,2594.17146494675,1,411.13891571192,-243.491497540232,-405.638105711461,254.857820076184
6,57,0.285358239347164,0.239384536021832,0,255.693943345274,1,-7.99134414323451,7.63718456655826,8.34001815189455,-7.34468498435972
54,57,0.0021106335111683,0.0778618830670943,0,1293.1620602646,1,25.3205485840103,-7.31169932244593,-25.3058883109061,7.85252105399441
55,57,0.0043003943983794,0.107215485722531,0,235.446721647987,1,-16.9536124120546,0.813440665888366,16.9658701590115,-0.507836069635046
4,58,3.08265470734347e-06,8.39227704286982e-05,0,4613.32544776283,1,3047.850920126,-1756.99472888537,-3047.46939765629,1767.38136822011
6,58,0.0014743059902323,0.0006381413033334,0,3168.5027111196,1,-724.443772800279,1513.60578272196,765.957594096014,-1495.63686432678
54,58,0.0126882203822733,0.100642102792504,0,74.6682076465189,1,32.7793176262295,-4.94687345980329,-32.6398797658779,6.05288510303468
50,60,0.257389159016895,1.12023241776294,0,22.6256881284153,1,-2.7753536829013e-15,3.3640932732713e-17,2.7753536829013e-15,-3.3640932732713e-17
59,60,0.207078924629923,1.30059332994864,0,22.6256881284153,1,0.0,0.0,0.0,0.0
63,65,0.0005760788178728,0.0010764020328884,0,1154.39516303453,1,-550.474944772084,-29.19193001172,552.237872723679,32.4859570997825
62,67,0.001325872712139,0.022048198056437,0,367.280924593526,1,163.146333016935,-20.7525098643461,-162.776582529903,26.9011634228011
65,67,0.0172151398102759,0.0572348167171701,0,182.794373978949,1,-20.9638176135641,27.5883230395006,21.1705021030404,-26.901163422801
66,68,0.0001064400385901,0.00407792411316,0,1072.38518463701,1,-189.203732470631,110.034268582937,189.25524227816,-108.060828052783
61,70,0.0080260756897304,0.0791186532357312,0,1974.20485351331,1,24.6848294052069,-9.19188618940186,-24.6291419578797,9.74083638685715
62,70,0.0012065829708155,0.07168643025668,0,135.363698450897,1,66.2517729663333,-27.8993872517656,-66.18748439834,31.7189488212758
65,70,0.0013857410683502,0.0009063200483539,0,5271.12559530748,1,-472.786896706514,118.445838551243,476.078819764455,-116.292813045113
64,72,0.0051914099508368,0.0099889283674201,0,1198.3288654021,1,-389.799746778621,78.9003468750959,398.527143888835,-62.1077326540014
69,73,0.0009555215046582,0.020133326700668,0,290.050133615275,1,153.152871953534,1.04057579101596,-152.916869514018,3.93211628734093
71,75,0.0070254541770943,0.0410117086127501,0,762.922439918471,1,16.4352291252766,-15.246982807252,-16.3994447948288,15.4558769934833
71,76,0.023720328401098,0.0340174216618662,0,612.609964084085,1,-16.4352291252767,15.2469828072527,16.5560492243678,-15.0737142004058
72,76,0.015177844817565,0.0653680709928064,0,977.768933701987,1,30.861529581331,-19.3411906012496,-30.6534715960632,20.2372564996087
70,77,0.00050749888121,0.0112728743765852,0,1759.82389710237,1,-385.262193408238,74.8330278369916,386.035357105317,-57.6590446965245
78,79,0.0002712272613327,0.0003274551282656,0,2287.16276876786,1,-1070.6042820693,315.789306497084,1073.9963078916,-311.694083010836
74,80,0.0237918235868425,0.083386423039527,0,1918.87376940252,1,5.96194073536495,-6.46006667693947,-5.94334515987188,6.5252411062584
78,80,0.0019588476683532,0.0400098994993222,0,1335.64816213566,1,23.829393106271,-1.63764499875038,-23.8181752504377,1.86677220028797
76,81,0.0054712362950238,0.0420382322404215,0,27.6741291658083,1,14.0974223716955,-5.16354229920343,-14.0848926282776,5.25981455565752
78,82,0.007834698646751,0.0203849592168551,0,386.475311007594,1,78.8351103428032,-4.69966527031432,-78.3446101024967,5.97588888086143
75,83,0.0005164685036133,0.0015502377957402,0,1744.11798844836,1,-529.107864129814,332.508979985661,531.130826492031,-326.436832911198
77,83,0.0023141074552995,0.0082011356138179,0,415.772289415842,1,156.854485006446,3.99846324817335,-156.284767552255,-1.97939965945693
78,83,0.0008679444801724,0.0011726477012044,0,5689.45387639007,1,670.688385189127,-321.90178067365,-665.866662041129,328.416232570644
74,84,0.0081270712140259,0.142482926007917,0,1321.78912407741,1,-5.96194073536496,6.46006667693929,5.96829281534514,-6.34870270362369
78,84,0.0055373886798241,0.463363117124658,0,70.6396171903094,1,-1.27533710568368,2.71303565485667,1.27583663264573,-2.67123574092475
82,85,0.0013375048421864,0.0237702394358842,0,246.467092595915,1,76.5092931641169,-4.58124135367114,-76.429611704627,5.99734641059084
78,86,0.0154573660969824,0.0279745081255787,0,72.5095175716444,1,25.0451289593271,1.87054229488792,-24.9472623009778,-1.69342469205455
81,86,0.0230125789459801,0.0403808742128109,0,7685.09495879301,1,-5.7721519140812,2.75021460428019,5.78168302946595,-2.73349006539374
84,86,0.0142557157456717,0.0276926611760917,0,513.153012860343,1,24.5075660750422,-41.2394278945743,-24.1698493000925,41.8954648406677
78,87,0.0004201427405296,0.0077626944356146,0,523.728663336975,1,273.481601577439,7.86620649590066,-273.16592006465,-2.03357180686924
81,87,0.0070441869699072,0.0546822851457926,0,1104.77712745917,1,19.8570445423586,-8.01002915993699,-19.8243264897255,8.26401132865899
82,87,0.0011706061402899,0.253877720251784,0,13.8030264949305,1,1.83531693837965,-1.39464752718917,-1.83525386226086,1.40832729589122
66,88,0.0116993723407575,0.0516700601948333,0,2431.00425789364,1,-1.93278874381416,-9.28918849517642,1.94342828522453,9.33617783179273
80,89,0.001127452616264,0.0328358591288584,0,1611.26546653273,1,29.4653318869221,-8.39996218735836,-29.4547127833978,8.70923229092577
88,89,0.0033616624333741,0.0261284485767461,0,1664.58422876805,1,35.5068272040525,-7.57063355815266,-35.4625188368703,7.91501938402979
86,90,0.0081543289117452,0.0458263505488676,0,896.581138730263,1,21.9266568326763,-17.3383148367431,-21.8621336074915,17.7009276241183
88,91,0.0049455583048843,0.0356120435972219,0,486.475570849193,1,102.63856766439,-12.3142410307171,-102.110069670805,16.1198565807388
90,91,0.014839881897547,0.0716613979058742,0,61.8284151824698,1,38.5338694388814,-7.40438503284245,-38.3053821499575,8.50774411892218
72,92,0.004186422933109,0.187723495976038,0,63.5163246073358,1,9.93208512669544,-4.46093656813175,-9.92695659678103,4.6909051069376
90,92,0.0102344922830967,0.187156531900719,0,70.2804132859081,1,-9.91441894813176,4.92017909283575,9.92695659678104,-4.69090510693751
85,95,0.009450906791039,0.0732568331724249,0,11592.2726299023,1,-22.928125510222,-5.9973464105919,22.9819308239627,6.41440764922629
86,95,0.01248664719364,0.0438426916387254,0,1217.57107488089,1,21.4087717389283,-20.1302352464774,-21.2995783682148,20.5136313020352
91,96,0.0014818197372959,0.0117783011100976,0,195.98285229191,1,151.077434360278,46.7189232549488,-150.706874973029,-43.7735177293388
94,96,0.0289797771238394,0.0803345675301599,0,4.19198708544825,1,-3.21780327933544,-8.58026363447388,3.24291361381049,8.64987175644012
87,97,4.902064600249e-05,0.000287714799297,0,628.345369253278,1,294.825500416642,-7.6387668176154,-294.782568947789,7.89074266762987
90,97,0.005349676915807,0.0420191188394554,0,673.003424229831,1,10.0710919551,7.16509685637583,-10.0629194940832,-7.10090613680965
93,97,0.0535871443049464,0.13385295962079,0,136.861233579469,1,-9.61159497686032,0.916533124379887,9.66231711746758,-0.789836530884481
89,98,0.0165453338414782,0.026085446518815,0,171.789604138783,1,64.9172316202686,-16.6242516749542,-64.1754763752833,17.7937062751755
93,98,0.050516557932448,0.0371177488673719,0,22.4337657053363,1,0.428427732834986,-6.48147424533995,-0.406786120165986,6.49737572352868
95,98,0.0011713334247505,0.0141322160511399,0,347.647751591852,1,145.883849363416,27.4048505920779,-145.625768025205,-24.2910819987049
93,99,0.0298085273730646,0.0220381362669365,0,192.75775485554,1,15.8589894932148,-7.07749194590283,-15.767707635331,7.14497874246828
96,99,0.000146827695812,0.0105691844730833,0,2117.82988754671,1,-211.944614007603,35.123645972899,212.013422235229,-30.1705828125327
66,101,0.435971047284851,1.28635073346743,0,6.69486915806154,1,1.59501511427996,0.321155444178404,-1.58335654139889,-0.286756339306314
69,101,0.0060052755068315,0.0017950725216947,0,290.830955968747,1,-153.152871953532,-1.04057579101673,154.636103531957,1.48393733982681
72,101,0.0011988872874159,0.0298962712105596,0,206.527685275518,1,160.069382968985,-3.37617809743555,-159.751805299482,11.2955114972949
93,101,0.011196224180684,0.0721520343475865,0,9.24781916197237,1,-6.67582224918863,12.642433066863,6.69905830892208,-12.4926924978163
100,102,0.0036350823381565,0.0072041849993901,0,596.021617446881,1,277.174467955575,61.5585045967554,-274.211975332487,-55.6872909815827
99,103,0.0173235665378999,0.0818931591130541,0,625.899889199604,1,17.7423664946915,-0.843412828216453,-17.6865144027327,1.10744069127617
94,104,0.0061380345953384,0.0853479110863269,0,3.73705510162982,1,3.21780327933547,8.58026363447441,-3.21248480842212,-8.50631156144892
80,105,0.177190646457806,0.285515499308689,0,2.138273627539,1,0.296188523387534,0.0079488808129608,-0.296032452274934,-0.0076973961971948
100,105,0.0002842091783875,0.114355235529112,0,48.1133758265728,1,-4.92742860744587,-2.78360387852278,4.92752063002505,2.82063035238834
100,106,0.0008175590138015,0.0015359758969086,0,1274.47270847735,1,-545.906305444772,-58.7749007182503,548.397955422689,63.4560481889609
105,106,0.0127502464089574,0.0568130484941908,0,63.0204707390779,1,-4.63148817775004,-2.8129329561907,4.63524856547275,2.82968863942964
99,107,0.0648280777163822,0.612199542667448,0,9.24668334023518,1,0.964795286735217,-0.430214527518858,-0.96405603420419,0.437195608515748
103,107,0.045122382408247,0.199799309934189,0,28.0089788251042,1,-4.52224051662862,-1.10744069127615,4.53228230666463,1.15190515907721
62,109,0.0085905026581623,0.0074381328378974,0,1060.65602984902,1,-229.398105983266,48.6518971161127,234.268765225699,-44.4346106667652
68,109,0.0057095023372127,0.007452162778045,0,1029.14379171707,1,-319.142354223329,108.060828052789,325.746929011628,-99.4403978479725
72,109,0.0026710752044382,0.0008357982632849,0,1750.70877522956,1,-677.789761274353,89.2860379208207,690.690356108749,-85.24935084439
73,110,0.0040450628162226,0.0489276665730275,0,2121.42639386754,1,-24.1058955541342,-3.93211628733969,24.1313670506124,4.24021060958403
99,110,0.0554019447446596,0.164555802101135,0,154.573824582502,1,8.13054669884289,5.02533725004228,-8.07882426764586,-4.87171040189688
102,110,0.014707586744434,0.118433030416552,0,516.401067188796,1,14.7680673202529,1.41163685150062,-14.7343729489304,-1.14031249536814
99,111,0.0060501653742836,0.0195098633503163,0,255.071438887862,1,82.2420787068864,43.4522803717549,-81.7071751335119,-41.7273860958907
102,111,0.0001246070248107,0.00776304312811,0,419.955252652631,1,259.443908012234,54.275654130081,-259.352780276063,-48.5983775308455
66,113,4.24719948467903e-05,0.0055425093517263,0,293.883564729021,1,191.269080261105,-100.205473774478,-191.249076107867,102.815975277813
108,113,0.0188714163304216,0.0026393239442925,0,590.502090666076,1,-205.785394962473,114.11657965871,217.054976602945,-112.540435285386
104,114,0.0320475229951958,0.0795611278410946,0,4.60909199028472,1,3.21248480842211,8.50631156144857,-3.18471634015311,-8.43737360782785
108,114,0.0044367714803798,0.0096201520383204,0,1580.05613606269,1,122.237475523791,-114.116579658708,-120.899332263611,117.018045661389
111,114,0.0010909879451919,0.0033936018381303,0,1095.79872337991,1,341.059955409574,90.3257636267272,-339.633492644768,-85.8886415833515
61,115,0.0155772151422943,0.0052011584891866,0,1246.08739031191,1,132.82216887365,11.2828296007997,-130.054248719087,-10.3586341475181
112,115,0.0141192470157781,0.0556200370897359,0,744.791142218779,1,-20.0066011260003,2.03266991955624,20.0664269739628,-1.79699758668451
61,116,0.0273643401293174,0.0939134154369275,0,2346.15831389095,1,-20.8699662817802,6.8803103584228,21.0021070830714,-6.42680795678712
63,117,0.0065404711437315,0.100098563880107,0,67.433639382569,1,-12.1856324288241,2.19683068045468,12.1957308526707,-2.04227947118005
107,117,0.0173687681401543,0.200789571244805,0,11.6487880861582,1,-3.56822627246047,-1.589100767593,3.57092309626901,1.62027707738481
113,117,0.0358733672636053,0.12691798016797,0,87.4545312865441,1,15.8567654271037,-0.103192990861532,-15.7666539489396,0.422002393795228
61,118,0.0015216816341018,0.0906895308359082,0,124.99104309744,1,-16.3371869562716,2.78318403340965,16.3413662516995,-2.5341054265027
66,118,0.0564934989930781,0.219629941984047,0,41.6988873388915,1,-1.72757416093909,-0.860761757457842,1.729700207568,0.869027195182296
113,118,0.001209546567518,0.0333197583558802,0,260.455869566842,1,-41.662665922183,9.82765299843058,41.6848067516764,-9.21773262964941
116,118,0.004566563887022,0.0101902623074255,0,428.491362868581,1,59.9250746736117,-10.5052387235747,-59.755873210945,10.8828108609698
65,119,0.0161853482658683,0.00971684078441,0,251.314600598111,1,28.2644812886786,49.9855978784195,-27.7307789955115,-49.6651907964221
64,120,0.0005663955656818,0.0058078874737155,0,1284.75273047649,1,389.799746778621,-78.9003468751014,-388.847566336317,88.6641183426929
110,120,0.0057731537100953,0.206649233212481,0,13.2651214030341,1,-1.31816983403612,1.77181228768021,1.3184651693203,-1.76124080230505
112,120,0.0258425706098785,0.0489226862494178,0,4436.39281900204,1,20.0066011260002,-2.03266991955693,-19.8971013985332,2.23996434440873
114,120,0.0008835479471376,0.0029101100075576,0,753.193351064725,1,-541.796582993864,40.1403461213004,544.574873159449,-30.9895920043797
115,120,0.0033615627245183,0.0200974262135147,0,699.512886401971,1,109.987821745124,12.155631734202,-109.558116067364,-9.58659499146629
119,120,0.0042525241029417,0.0333148020400429,0,257.779467328063,1,27.7307789955114,49.6651907964211,-27.590554526553,-48.5666548889379
121,125,0.000213083506947,0.000732768206695,0,3555.60053700192,1,-1069.80220496933,316.035108756421,1072.45372013081,-306.916871321064
122,125,0.0010329821395169,0.0009309378697784,0,2404.65730248001,1,625.224720478388,-684.827748939996,-616.342158742685,692.832837105682
123,127,0.0098700725176052,0.0222506210490344,0,379.462729675438,1,-86.5673850287958,4.22351372893043,87.3260771835599,-2.5131542965737
127,129,0.0028501120526055,0.0241866163025464,0,417.218349942241,1,-83.8910040268271,1.16945831292908,84.093061495295,0.545241449990515
121,131,4.45497058999561e-05,0.0002726275372935,0,2642.77152982394,1,1505.48817261024,-27.4928871299033,-1504.47811918193,33.6740363233643
132,133,0.027058932930958,0.518356893016316,0,2.85028563898326,1,1.92922390037553,2.92588099236416,-1.92589347955636,-2.86208148509364
128,134,3.53308774824522e-05,0.0009631188107103,0,746.566109956665,1,-735.190414643361,-584.984112951865,735.506030884233,593.587803553687
128,135,0.0004848855505014,0.0011646520234434,0,2863.73193064427,1,-893.174598265716,-132.125548121218,897.174959586784,141.734060691387
133,135,0.0001568024311886,0.0056710306403465,0,1856.60413896314,1,297.868847854461,-294.952540060017,-297.583876311544,305.259027907558
126,136,0.0013625470160191,0.0186777736361826,0,417.569569124803,1,195.514979837681,-15.112243957715,-194.991019369016,22.2946860407874
128,136,0.0061131315144804,0.0153464130156491,0,403.347053392997,1,-190.773034458974,35.2761158911822,193.101582450658,-29.4305260944473
131,137,0.0006485041425365,0.0032558627972881,0,1087.2026895826,1,502.561374226322,-75.9031270444392,-500.8841291598,84.3238593973025
133,137,0.441880769374571,0.687202476877191,0,22.6256881284153,1,-2.94401658795223,-0.292299137424468,2.98401716329051,0.354507082087654
129,138,0.0041116709906854,0.0652484552173,0,490.762570741068,1,-11.8811707032108,-1.09794255745784,11.8870388936325,1.19106536830549
131,138,0.000378638467936,0.0026164807989872,0,1609.16585934795,1,705.545042451165,-117.697703580209,-703.60547437998,131.100574778812
132,138,0.0544779419492075,0.0367904195656267,0,138.897166472842,1,-7.95957073967958,9.07364681631342,8.03910113955162,-9.01993779804246
133,138,0.0056226214761448,6.96543609507732e-05,0,1741.00389871767,1,-292.998937786957,298.106920682537,303.158904098469,-297.981056623625
135,138,4.95925486781521e-05,0.0063872237595036,0,877.978140851736,1,-546.257231319624,13.7776023548228,546.405308116369,5.29380372554318
137,138,0.0386656549108203,0.221679045789355,0,7.41060961599734,1,0.794531031119527,-0.693246684977178,-0.794100056838762,0.695717559129969
130,139,0.0065666851073989,0.0281376402387814,0,63.3418107819416,1,-47.6369213314614,1.20602988902205,47.7889380533891,-0.554652251458506
137,139,0.0027122116290753,0.0083726604871128,0,665.126668114587,1,197.644118172566,2.72468108482324,-196.581821901988,0.554652251460269
132,140,0.0736936418755996,0.0947392885158093,0,210.58219266972,1,6.03034683930396,-11.9995278086777,-5.89716336189779,12.1707462146404
135,140,0.0025563117379861,0.0021625463426655,0,970.35148417432,1,-378.497848570126,173.304244252502,382.927808547789,-169.556659947547
135,141,0.0406138825698711,0.0049916147278141,0,1764.55106451836,1,-9.90315703120723,96.2922249912233,13.7087855006644,-95.8244974578103
127,142,0.0383458250585645,0.793971666205676,0,26.8420373058309,1,-3.4350731567332,1.34369598364502,3.44032754669522,-1.23490091282126
142,144,1.79948114376141e-05,0.0061172813561592,0,1412.8778020571,1,347.015329571775,13.3882483514783,-346.9930728478,-5.82214280522112
144,146,0.001490885401997,0.0032216975838703,0,1239.21060529155,1,366.367884237142,4.44153888521425,-364.312500293129,-9.57567358739198e-12
140,147,0.0001224643238587,0.0052018973654114,0,891.628469376773,1,-346.857150310337,127.499502019426,347.02240366159,-120.480062027218
143,147,0.0005037105425733,0.0137605719675614,0,294.626885648337,1,96.2690901276993,-6.09953508027392,-96.2221786176694,7.3810830236161
142,148,0.023725135098883,0.0834762985889786,0,2466.7300229817,1,17.4062136557063,-4.50385594743479,-17.3275575128085,4.78060563265355
144,148,0.0040562669684675,0.0287844446181228,0,1328.27615134064,1,-19.3748113893388,1.38060392001708,19.3905277213952,-1.26907627817401
145,149,0.0042309399241325,0.0142168116674373,0,354.39688272362,1,123.970543227698,-38.7238817656145,-123.240246083206,41.1778274965121
143,150,0.0026619140268247,0.0368642537438677,0,342.14675881587,1,-100.182750942562,7.90598354149833,100.451818222154,-4.17973078912733
145,150,0.0134864694366917,0.014690796726741,0,356.353589387377,1,-123.9705432277,38.7238817656125,126.29842551757,-36.1881220781122
151,152,0.0154746144392898,0.0256613200785193,0,392.81701202814,1,108.490419997135,-41.7793895741384,-106.42154067911,45.210180990103
143,153,0.0115405113686084,0.126018494794942,0,33.9456340773115,1,3.91366081486327,-1.80644846122246,-3.91151468799018,1.82988344339505
147,153,0.0078097073839125,0.0493009478732527,0,201.732664290858,1,-16.5732341024155,-0.138831543618177,16.5946866940599,0.274256989209942
151,153,0.0039257375175528,0.159764905135857,0,123.632874524108,1,12.689642788585,2.36748049293404,-12.6831720060697,-2.10414043260482
148,154,0.0077170504390742,0.0655500512623798,0,3.55757947575675,1,1.54738228560384,-2.84423469564699,-1.54655210984157,2.85128636185067
149,154,0.0002304588246822,0.0067933357119217,0,455.341936368205,1,286.673500054576,-6.18243559548042,-286.479784874476,11.8926628029853
152,154,0.0091392652575205,0.0661178363106168,0,5013.36772334576,1,12.4747890320422,14.9955182281069,-12.4400154137851,-14.743949164833
148,155,0.0516002071320792,0.308965212346095,0,19.1519661454631,1,-3.61035249419055,-0.667294658832097,3.61748969779129,0.710029906394509
149,156,0.0009156193856435,0.0075923985545789,0,1275.87872461634,1,-163.43325397137,-34.9953919010345,163.694746072035,37.1637079920427
129,157,0.0017397605536888,0.0159354348091074,0,236.293278452986,1,-72.2118907920842,0.552701107467146,72.3028416379252,0.28036828915679
131,159,9.4228027220593e-05,0.0035916513533464,0,3545.47621220549,1,296.371702504453,159.926794301409,-296.264710265404,-155.848614682122
142,159,0.0017103114116882,0.002544002211463,0,1041.04133288415,1,-325.974991801179,-12.1342318313912,327.841439293818,14.9104786110151
156,159,0.0001270039682574,0.0007266748290723,0,2853.51899314801,1,882.953113605488,-171.828994931555,-881.911555557431,177.788446647321
158,160,0.313537813822497,0.816191043396079,0,22.6256881284153,1,-5.479654266789061e-15,4.08942812004535e-16,5.479654266789061e-15,-4.08942812004535e-16
151,161,0.0008666378370239,0.0171361682819452,0,597.233565811318,1,-121.18006278572,39.4119090812037,121.319264574953,-36.659449883672
155,163,0.0045904284639053,0.0086603400765123,0,1992.23309051493,1,-211.858022780769,14.095601189352,213.964256285241,-10.1219637451141
159,164,0.0179683755250436,0.24790945693356,0,32.2602449092105,1,-6.03055898376242,-2.14804638126398,6.03802028782795,2.25098990202489
163,165,0.0122439640922003,0.0889714993847349,0,1571.57608910211,1,17.5129092233699,-6.675086499909,-17.4699012257926,6.98760669362866
164,165,0.00597391317749,0.0168669672442729,0,1087.90583914336,1,125.614927377567,-65.9173987210325,-124.412724339354,69.3117432091498
157,166,0.0002804822124524,0.0411312428329176,0,42.5186894382693,1,-39.8256943310177,25.2279454032285,39.831928146802,-24.3137890702557
159,166,0.0002889780706414,0.0212938719929673,0,375.482279810453,1,-55.5753633745682,17.744894216804,55.5853290424887,-17.0105559448632
160,166,0.0721586947799414,0.890280794737826,0,22.6256881284153,1,0.0,0.0,0.0,0.0
161,166,0.0178463082349567,0.0176638496943814,0,800.032861321306,1,97.3865154525258,-39.375220215006,-95.4172571892911,41.3243450151179
166,168,0.169617644626107,0.943945657683947,0,22.6256881284153,1,0.0,0.0,0.0,0.0
137,170,0.0129662739855823,0.0063735011626508,0,556.206647387889,1,119.781846204557,-65.0167918840251,-117.367426127493,66.2035868866147
136,171,0.0199069003800532,0.214702697999803,0,14.8190574149248,1,1.88943691835757,7.1358400536581,-1.87860765254217,-7.01904273496283
141,171,0.0051336505212639,0.0208109160740462,0,76.4282377276937,1,108.319737742779,45.6208912937443,-107.610553117972,-42.745981588317
142,171,0.0003020406852249,0.0030154316262353,0,822.274700626083,1,515.832800628616,27.6226736609007,-515.006196458144,-19.3702478124913
155,171,0.0047638923401476,0.003667758758429,0,1185.55597517738,1,188.75167137569,-79.1277590108664,-186.720713609524,80.691409614823
170,171,0.0021622267341471,0.0181727321499683,0,178.868913425476,1,9.63040707639825,11.5984911249644,-9.62536775788974,-11.5561374790552
137,172,0.0013884309340887,0.015377044665443,0,591.349830082382,1,179.679616588268,-21.6930089952102,-179.223707439422,26.7422593202117
162,172,0.171436506361924,0.71153944277732,0,22.6256881284153,1,0.0,0.0,0.0,0.0
165,172,0.0093717292833134,0.0118817603774751,0,258.527856755854,1,141.882625565147,-76.2993499027802,-139.469447093729,79.3588501805484
167,172,0.0004482833717805,0.0041780277113446,0,1289.22871887817,1,-339.889156280401,2.52575738102223e-12,340.408723647548,4.84239879170267
170,173,0.0007752319991595,0.0132271288148136,0,676.672722936257,1,107.737019051094,-77.8020780115811,-107.59662073556,80.1975758844266
140,174,0.0019559813839077,0.0409640579913559,0,30.0328217198049,1,-30.1734948755502,29.8864117134832,30.2083536430634,-29.1563656171012
159,174,0.0001338227089157,0.0031417030091855,0,735.994612372272,1,556.680437514401,-52.4471584117381,-556.256506554422,62.3996185244256
169,174,0.0152431711062319,0.117376588393234,0,25.7385830373499,1,-10.0726637968389,-1.16015277001331,10.0886037888425,1.28289506998264
172,174,0.0080489054817478,0.0884570491740266,0,350.243679048915,1,-17.8362976884705,7.98575581401568,17.8670369262395,-7.64793320284576
173,174,0.0054906683934685,0.0244472198906902,0,169.738517468127,1,-74.3993783520221,28.4379097202771,74.7496745321477,-26.8782147744695
173,175,0.0077368018690212,0.0034848045309404,0,726.639316285872,1,121.807948106156,-120.500700281422,-119.523768868483,121.529538591059
175,176,0.0175813027134358,0.0274149908311955,0,447.673002441175,1,-13.9796497440307,12.6097692964203,14.0429685052664,-12.5110346754986
124,177,0.0001570655788958,0.001476402556436,0,2126.41898993027,1,514.410033313232,-376.114409311799,-513.750489282275,382.314064896637
169,177,0.0195085645891936,0.11576982977037,0,25.9800384931105,1,10.0726637968388,1.16015277001313,-10.052263424673,-1.03909067945834
175,177,0.0004511519398177,0.0016258286705293,0,1659.93514540466,1,-507.920905802187,375.446073593177,509.749749360818,-368.855419693437
176,177,0.002786308064445,0.0254006902412062,0,452.116418942191,1,-14.0429685052661,12.5110346755,14.0530033461387,-12.4195545237263
128,178,4.24333494773863e-05,0.0002791108534317,0,7098.82830177164,1,1819.13804736804,681.833545181797,-1817.51730550053,-671.172905580984
175,178,0.0005548470245498,0.0004263759246703,0,2497.98019047379,1,636.75807132383,-667.485984423823,-631.960245941363,671.172905581084
126,179,0.0118895318311347,0.0024343008172577,0,658.541888348979,1,375.465229670369,-312.045042811986,-347.126976713274,317.847107461198
175,179,0.0102928542053877,0.0178844481035087,0,414.539449797374,1,-7.43334119806974,160.380577756076,10.1293030344215,-155.696183263629
123,180,0.0188612754606487,0.045006527793941,0,503.918606017758,1,24.3891838027133,-4.22351372892974,-24.2709335613409,4.50568090188001
130,180,0.0120674319131742,0.0651080403222902,0,66.5842759313937,1,47.6369213314612,-1.20602988902274,-47.3575640284196,2.71326081285383
173,180,0.0091996294908285,0.0522085680784854,0,165.864518669938,1,60.1880509814273,11.8652146767201,-59.8398762951287,-9.88929794757901
175,180,0.0767785008615366,0.122819862241581,0,572.41570194916,1,12.0995942889186,-2.47997481293257,-11.9805809652916,2.67035623284521
183,184,0.0269557377963029,0.157357830375525,0,578.081751495651,1,-16.6248369196145,0.36029113031005,16.7000155812772,0.078574656973664
184,185,0.0202478070229736,0.0246113173349841,0,102.293320144929,1,58.5934838589809,17.3665884691153,-57.8372698261496,-16.4474062824191
185,187,0.0419056252661257,0.169829713274689,0,22.6256881284153,1,-2.63612924472353,-8.66401787665247,2.67163025130999,8.80789177738188
181,188,0.0017565060808354,0.0104076022495659,0,874.12738839086,1,-205.583022675656,7.66053886991358e-13,206.346176551351,4.52181867180045
183,189,0.0301419481566571,0.0529255969721632,0,72937.8880114857,1,-26.1444185102521,13.8385694747183,26.4104433568392,-13.3714621815244
184,189,0.0488387409846732,0.0961498423488406,0,627.419216385932,1,8.28092119337883,-0.472655387923216,-8.24732157596455,0.538803651621861
182,190,0.0081115731583817,0.0502689101762828,0,682.575847882667,1,24.087172149839,12.0585640404434,-24.0261693646274,-11.6805185651171
186,190,9.86362903256659e-05,0.0525252156009981,0,2655.13643565944,1,-24.0254275740628,-11.2855046284931,24.0261693646274,11.6805185651164
182,191,0.446152801059413,0.287815463143986,0,22.6256881284153,1,-0.456229226939406,-1.34388904738801,0.465543078852306,1.34989746108754
183,191,0.0645535949629221,0.52228067307435,0,22.6256881284153,1,0.466890694786845,1.36080055266161,-0.465543078852344,-1.34989746108753
186,192,0.0262001845017966,0.0001021997255798,0,52.7185128833069,1,-37.4617010912596,2.46019792883779,37.8558499662964,-2.4586604623034
187,193,0.0044482542645694,0.0075241393584697,0,251.93593994534,1,-223.583825366773,135.654488292436,226.626069514315,-130.508588897494
187,194,0.0004053185782913,0.0811166350762141,0,77.5315900181108,1,-17.6153126842918,11.9280203865446,17.6171470625944,-11.5609052249604
192,195,0.0184468942324389,0.0639679457150314,0,11965.2076460236,1,-15.7347104573038,-3.317513239997,15.7845749943461,3.49042755058163
187,197,0.0035539215008196,0.0281705760433045,0,289.28820247621,1,75.8084203520184,14.0204915092614,-75.5971933553446,-12.3461759198971
195,197,0.0230565445965161,0.0754585499347089,0,132.781726566347,1,-11.2955714485762,-9.97249126837765,11.349717533588,10.1496984401865
196,197,0.103130350444678,0.59076135043883,0,22.6256881284153,1,0.589126200534921,-2.16556724113602,-0.583730140460643,2.19647747971065
194,198,0.0005722575222249,0.0039899307756349,0,1213.8624455029,1,348.903086296618,4.95169487380167,-348.192887348657,-3.47499806707674e-12
194,199,0.0749174093073339,0.589601909819145,0,3.91357599000004,1,3.317386026791,0.51391406811966,-3.30878073434041,-0.446190198456662
196,200,0.0193870886534318,0.165094011228266,0,7.96605280333341,1,1.25267521203767,-1.52352856635606,-1.25189171145055,1.53020059726489
192,201,0.0054837858681018,0.0386630530720574,0,912.211761279317,1,-22.1211395089929,5.77617370230002,22.1511036820083,-5.56491337240762
195,201,0.0002696465588138,0.269346648791327,0,22.6256881284153,1,0.197942628034404,2.25800674934078,-0.19792829825512,-2.24369290812255
196,201,0.0774535028602037,0.0458945845651685,0,663.23718932993,1,10.8289373726656,-9.4019158651815,-10.6634614890178,9.4999675562622
199,201,0.0376199444872599,0.199468592842023,0,245.966191402026,1,11.3410679693539,1.96365101832848,-11.2897138947349,-1.69136127573162
195,202,0.103978663639446,0.0575817013398245,0,63.4953056012235,1,-4.68694617380437,4.22405696845501,4.72976228404389,-4.20034609945506
200,202,0.0211197404351927,0.165228031406117,0,8.18965940710976,1,1.25189171145063,-1.53020059726472,-1.25103818829784,1.53687804440132
188,203,0.0344290530935072,0.0419416533889892,0,745.709805770611,1,-21.3297695079274,41.8316137858202,22.1039885437805,-40.8884560881422
194,203,0.0036585682362307,0.0046881249029188,0,2857.99672614023,1,407.30935046075,-94.111312804863,-400.792477282751,102.462097445802
202,203,0.0506360126173813,0.275290673452092,0,37.1072730923806,1,-3.47872409574608,2.66346805505387,3.48872678131007,-2.6090868764637
196,204,0.007701704029171,0.0367959217723327,0,46.6471442980664,1,-36.127941973087,13.0910116726736,36.2460801579381,-12.5265906832869
196,205,0.0787135067571892,1.98769783164752,0,22.6256881284153,1,0.0,0.0,0.0,0.0
204,206,0.0010000621305256,0.006289129737814,0,293.001244738192,1,254.807903320124,35.8335099140862,-254.117283489194,-31.4903820386786
207,208,0.0081016018812362,0.185905649625675,0,22.6256881284153,1,-0.0501353791104778,-0.003666681401411,0.0501355840449996,0.0036713839881319
204,209,0.0048216037177819,0.0095284050604724,0,498.610485995625,1,-291.053983478063,-23.3069192308024,295.341401286628,31.7796714382951
208,210,0.262709963008135,0.790751079016342,0,22.6256881284153,1,-0.108738263649487,-0.018629124227692,0.108770269850368,0.0187254621723677
203,212,0.0035897578500621,0.0058396883780908,0,2483.85381926922,1,375.199761957658,-58.964554481199,-369.809868897462,67.7326377830393
206,212,0.0002863889594606,0.0039544514474133,0,3658.26714443274,1,420.052912801767,75.3177571464794,-419.503583907287,-67.732637783038
207,213,0.231091654599474,0.81256595418265,0,22.6256881284153,1,0.0501353791104671,0.0036666814013452,-0.0501295335186391,-0.0036461270939656
208,213,0.0497427795268927,0.851920537239425,0,22.6256881284153,1,0.0586026796044928,0.0149577402396042,-0.0586008582096979,-0.014926546091489
211,214,0.0025757533346082,0.377390504523935,0,22.6256881284153,1,-0.65892149348754,-0.325802415202102,0.658935410571354,0.327841498375007
213,214,0.0646345609149327,0.278791598231507,0,22.6256881284153,1,-1.46582869086351,-0.343169006381639,1.46729548909849,0.349495823156225
188,215,0.0027879899790668,0.0060448918279549,0,366.524612911198,1,-244.542184540063,-46.3534324576205,246.303715416234,50.1727659839273
211,216,0.118100447488666,0.433631585904673,0,22.6256881284153,1,0.504551530952727,0.233393634861929,-0.504186556768352,-0.232053552434214
214,217,0.1885641052702,0.211122359300428,0,31.8425425872748,1,0.346550297246748,0.317827473771862,-0.346134410939656,-0.317361834257765
211,218,0.155912788496936,0.68318785543254,0,22.6256881284153,1,0.154369962534824,0.0924087803401945,-0.154319495659848,-0.0921876416098989
216,218,0.0650032653314547,0.687805357470329,0,22.6256881284153,1,-0.15429845497616,-0.0919650082562078,0.15431949565984,0.0921876416098776
210,220,0.0350087811814874,0.120774966392899,0,22.6256881284153,1,-0.108770269850298,-0.0187254621722643,0.108774535002903,0.0187401762995533
213,220,0.589637290479829,0.578773727978135,0,4.28810257939184,1,-0.177122735221262,0.0682588307157707,0.177335468532305,-0.0680500168339399
216,220,0.0062237814583168,0.3764662359522,0,8.01830468205719,1,-0.525719357827218,-0.413420746121126,0.525747285587783,0.415110050118852
217,220,0.0500858864993227,0.375902845109656,0,2.21446090348814,1,0.599579868304253,-0.0953284253927049,-0.599395237567435,0.0967141095467764
219,220,0.0573832772657852,0.16817320233603,0,30.927173464905,1,-4.68662736219767,-3.48749590411744,4.70655371246005,3.54589406982296
219,222,0.0033792064306152,0.0064902543513056,0,1144.16130532214,1,266.94275858326,175.451333480979,-263.434149436346,-168.71254251027
213,223,0.134953772331888,0.247296010068333,0,7.27597662426561,1,1.75168181781319,0.293482848851459,-1.74741912604121,-0.285671680262783
216,223,0.0013397914330279,0.288527800270946,0,6.98430657910707,1,1.18420436957173,0.737439306811547,-1.18417821182931,-0.731806164446335
221,223,0.138574706147887,0.162321712413414,0,24.2971338597511,1,-2.91815301910284,-1.00172962553359,2.93159733787048,1.01747784470908
199,224,0.0117410725756697,0.108235627318993,0,211.260788313465,1,-8.03228723501343,-1.51746081987174,8.04037142919996,1.59198534252575
214,224,0.0276386930275607,0.0329001540241063,0,199.534363175014,1,62.2606433381871,-10.4457230320636,-61.1618782624985,11.7536553641177
215,224,0.0039634201899515,0.0331507436472609,0,246.863137673263,1,-62.3948971467492,45.0810034551042,62.6297464418447,-43.1166826401705
219,224,0.0488873745257791,0.0041535049092177,0,242.338654259372,1,9.99761664651772,-29.729464124341,-9.50823960854564,29.7710419335278
217,225,0.0001022452758919,0.0114128333139246,0,415.646589036389,1,-72.2047305805098,0.412690259648406,72.2100619828475,0.182412112353005
219,225,0.0001075890054936,0.0058780592041835,0,540.376898666931,1,-280.378266149869,-138.406578802132,280.485297048753,144.254146194615
189,226,0.0127521139558929,0.0409312590691544,0,2926.58457755668,1,-27.056870444406,14.2613929092024,27.1770145527604,-13.8757588377304
209,226,0.0099672716889377,0.0330619544184547,0,3422.89901626738,1,34.7426287300636,-4.19798318692772,-34.6196152748089,4.60602516445327
221,226,0.0251751934018909,0.0183678144097308,0,57.2864625720254,1,-7.40660186329737,-9.24346891550807,7.44260072204954,9.2697336732784
225,227,0.0064452591057475,0.0040111734624195,0,477.372682158391,1,258.663450520523,-21.461975782501,-254.321447228518,24.1641989348791
219,229,0.015550091819227,0.120730422974234,0,144.482279448197,1,8.12451828228661,-3.82779465039079,-8.11175585949177,3.92688169888598
206,230,6.89896425167677e-06,0.0135095979364749,0,1619.99965479331,1,-125.249550040374,-7.51846906189599,125.250694033775,9.75864459083425
221,230,0.0031297147902191,0.142229777780424,0,130.467014718239,1,10.3247548823994,10.2451985410415,-10.3180063743509,-9.93851283182254
227,230,0.0081088033728955,0.017607025936728,0,1204.8523169268,1,118.933389206958,-5.05161782181931,-117.747271356293,7.62709126719719
228,230,0.0431012081525999,1.66519425266633,0,22.6256881284153,1,0.0,0.0,0.0,0.0
229,231,0.0006443467269365,0.0860733803731272,0,41.0936105107361,1,-7.66686551418566,0.262976765005616,7.66724868983464,-0.211791243290138
187,232,0.0001923090930242,0.0025204684222707,0,892.243052328749,1,504.744433620134,21.7439720824312,-504.253584384194,-15.3107349440993
231,233,0.0061679520717718,0.0140525814059582,0,276.890443370004,1,144.430990014605,-53.4189318003129,-142.952522541871,56.7873568909899
183,234,0.0030141264708559,0.0462045984740959,0,2855.49223912952,1,-19.8778475610414,20.8143194369043,19.9030305755647,-20.4282802027619
227,234,0.0014894639529149,0.0209718941074666,0,152.958256352835,1,135.388058021561,-19.1125811130592,-135.100621996397,23.1597269809477
189,235,0.0702271459247759,0.0691950576725413,0,144.512039268225,1,8.89374866353091,-1.42873437930102,-8.83635887564754,1.48528074225103
230,235,0.005045085709062,0.205846395202473,0,30.7346968611121,1,2.81458369686836,-7.44722302620885,-2.8112240596341,7.58430081908339
231,235,0.0014536790089299,0.0178950782663608,0,748.250860187865,1,112.23599228873,11.1632071369871,-112.049063596792,-8.86207769100709
234,235,0.0596905693840455,0.0103458034966648,0,7.20886458162092,1,-7.44270170548258,0.213395022455448,7.4766909674007,-0.207503870328233
184,236,0.0114313036710506,0.0387434338874786,0,86.9914277693911,1,41.9831466488898,33.8543308791623,-41.6506442822219,-32.7274004929939
185,236,0.0100618766735594,0.336971259987939,0,10.0843624023295,1,0.456158522290365,0.500536091927317,-0.456110856430019,-0.498939766953307
187,236,0.0006576456794985,0.130396437580267,0,52.2864506015399,1,1.87556674493562,13.6720119716939,-1.87431431357372,-13.4236828288179
206,236,0.0003020718440769,0.0199902958058419,0,270.932013918941,1,-68.8524377216458,-36.3089060459045,68.8717145687631,37.5845955338065
231,236,0.0129482876848842,0.0151604007907178,0,593.470134912961,1,105.58940694866,-7.34863507976186,-104.123118347787,9.06542755495835
182,237,0.0293640614980919,0.545067577539548,0,22.6256881284153,1,0.333880999723812,2.63099074379952,-0.331740378114414,-2.59125566031525
185,237,0.0157542974490673,0.0273252575131288,0,97.5837356998954,1,60.017240548583,24.610888067143,-59.3324956044374,-23.4232227973915
186,237,4.81551162935267e-05,0.0085104681122782,0,527.516563524111,1,-262.952465942757,8.82530669965457,262.988045274792,-2.53736070252716
233,237,0.0124374853182997,0.0006654367499083,0,2061.82570874383,1,208.924384250408,-28.2521943122302,-203.32380929224,28.5518391602364
229,238,0.0404155667057811,0.0766815246327191,0,205.84437947405,1,-11.5969350716137,-0.58983452405944,11.6520017732299,0.694314034817481
233,238,0.0001239650479684,0.0216095749537499,0,1124.50024205646,1,-119.239864405478,-27.5925523230462,119.258676981499,30.8719587223253
182,239,0.0218308301225309,0.0487288995095408,0,618.685932944653,1,-23.9648239226234,-13.3456657368543,24.1350700112946,13.7256743989248
215,239,0.0141030857154744,0.397374314723451,0,4.24249553638181,1,-3.75540077058428,1.61003340414059,3.75775531494589,-1.54369079862445
229,239,0.0079376311046918,0.0431400764853903,0,893.703076943951,1,27.3755564452913,-3.60002393983165,-27.3144066433902,3.93236580559537
232,239,0.0111161513353305,0.0408286161504306,0,3682.14132562182,1,-17.1343139907046,15.310734944113,17.1931768310987,-15.0945370673948
233,240,0.0062452847438529,0.170222054012225,0,149.770032162386,1,-8.08373331777933,-0.942610255712494,8.08792408313616,1.05683414080033
234,240,0.0181294229871696,0.274492059459619,0,38.6679605371067,1,-4.16811098438483,-2.94484180064096,4.17296085663122,3.01827223590479
238,240,0.0067101894373805,0.0411136325454726,0,710.795816520842,1,30.1122483664538,5.64024798715449,-30.0492692192449,-5.25437191904419
239,240,0.005237534648401,0.0497440790682167,0,438.016227488263,1,-17.7715955139491,-1.01981233850043,17.7883842794775,1.17926554233868
242,244,0.0002749378532625,0.001593737024915,0,1530.79253904806,1,-570.994106988016,-21.0351163989084,571.895225881241,26.2586479240931
244,246,0.0064360735424801,0.0143304713871045,0,329.343082649056,1,-143.864413013096,101.183364942147,145.855415109903,-96.7502275033588
245,246,0.0045961705094685,0.472139238874691,0,25.8196328558118,1,3.15174496189156,1.02441879211673,-3.15124016769418,-0.972564069222711
245,247,7.78946718232099e-05,0.0076808059325786,0,495.843073321798,1,260.72337646671,-38.425849907867,-260.669276105044,43.7604173322941
241,248,0.0166779805428041,0.0178976159510723,0,747.402308568282,1,106.772658848651,-50.8945636053677,-104.477341327479,53.3577342137196
243,248,0.0162778796997022,0.050599335665508,0,79.6712888871217,1,-11.8612580915022,0.0193355031911792,11.8842486568534,0.0521300288564971
243,249,0.0260694352524154,0.0384565070967888,0,436.472242494143,1,21.5928864224666,1.31454268988348,-21.4704110474238,-1.13387229622475
247,249,0.0061824845694663,0.0025432572649495,0,952.971199119418,1,197.537950793412,-44.9607643254287,-195.015390762315,45.9984570286248
247,251,0.0550290881445956,0.103245046586861,0,22.6256881284153,1,-2.10756658396774,1.20034699313327,2.11078475561515,-1.19430909040104
248,254,0.0011903542083895,0.014835724928985,0,1213.91132475199,1,129.100512358028,10.6995628330327,-128.900753983883,-8.20991708708952
250,254,0.004030796236425,0.0366166324827577,0,142.392377466134,1,-47.1603029146806,-2.6576758844189,47.2513222840841,3.48451569540746
253,255,0.0004163802391016,0.0057422559190089,0,602.044423638122,1,488.482883491699,-2.66429449459579,-487.482964287253,16.4540746788071
251,256,0.0014579665187996,0.0024751708329663,0,632.25904446507,1,268.814270076461,-178.655823441035,-267.304066722349,181.21967607122
252,257,0.0043700969222289,0.0244690477042916,0,605.413622776408,1,-100.819446903814,28.8842706407266,101.298549445149,-26.2016795797492
253,257,0.0005225768482484,0.0047951335413129,0,482.575395182071,1,-492.689467731233,8.02032417890353,493.966420903306,3.69692086671701
250,258,0.001696987975462,0.0030253035285918,0,1304.75649577233,1,367.358066714286,4.13252830801903,-365.040001508367,4.90163465372007e-12
250,259,0.002321057335252,0.0163841426736387,0,504.914218881208,1,-180.274642733144,6.75585052459449,181.039142605564,-1.35931214811321
250,260,0.0017490510783484,0.0310573564578888,0,1564.05853335241,1,-139.923121066463,-8.23070294820018,140.270892861124,14.4059786314002
252,261,0.0480656947614792,0.253162290552719,0,2.22167580517691,1,1.11231426426855,1.28672040159754,-1.11092828363905,-1.27942043365641
253,261,0.0408280049241393,0.050830068228968,0,69.2484639650988,1,4.20658423953375,-5.35602968430597,-4.18752635899321,5.37975637313083
254,261,0.07803229189513,0.0810646531487947,0,83.3746186903029,1,-5.26327707472849,4.13688051956453,5.29845464263286,-4.1003359394743
248,262,0.0025783955590873,0.0322906067863389,0,107.569885554233,1,47.4833244688935,7.16537064423791,-47.4238664445511,-6.42074646213115
254,262,0.0033602557557779,0.1037691022122,0,29.3259479684696,1,-3.69856383752981,0.58852087211675,3.69903792393511,-0.573880462509731
257,262,0.038721135921004,0.111677235134083,0,2813.75981724991,1,26.1726379687365,-6.18577099017341,-25.8921885061272,6.99462692464136
259,263,3.00111563200857e-05,0.0150954259631571,0,447.216753322353,1,-181.039142605563,1.35931214811248,181.049027551027,3.61275426648114
251,265,0.164273596660268,0.295028679526174,0,60.3766233000874,1,-4.3234338752584,3.14359607153376,4.37010525551112,-3.0597761761424
260,265,0.0082709328777782,0.0344690339716994,0,730.199409292154,1,-20.5187788398821,2.48486451485265,20.5541118380859,-2.33761458145237
264,265,0.0096031686360721,0.0381189359196455,0,909.726337659267,1,22.0050898761006,-5.04806676421345,-21.9562412193303,5.24196722433789
257,267,0.0001835394124681,0.0022699367022618,0,2392.6092033692,1,-670.699419739859,28.6905297032117,671.527714287876,-18.4465381291712
263,267,0.0005462981867459,0.0031193902872795,0,1011.75193907432,1,-348.060639008361,-8.02330910791989,348.725753722919,11.8211477807443
264,267,0.000698041740656,0.0428198358697065,0,395.55203958787,1,-19.9005850665501,2.78587468047263,19.9033979981711,-2.61332157468263
263,268,0.002563026650193,0.103217848726456,0,70.2698222894658,1,3.19730206562272,3.61914160309281,-3.19670168705307,-3.59496324178826
264,268,0.0047329382164924,0.39395319185338,0,18.6392203852507,1,1.42044316349982,1.77883744598246,-1.42019840421925,-1.75846454115926
266,268,0.0074175854833511,0.023370753080548,0,15077.1380324584,1,-55.810352773971,-18.8253565871695,56.0754582498643,19.6606303607321
263,270,0.0256435103216535,0.0947065302008892,0,3685.15896724311,1,-11.3095113142643,0.791413238348123,11.3426177868361,-0.669144519863889
264,270,0.0036224408277732,0.244653695341378,0,40.2426128736837,1,-3.52494797305032,0.483354637757923,3.52540560299182,-0.452447064215622
266,271,0.0067952522227434,0.0776987103718571,0,89.7632651039101,1,1.5165032533984,-3.23166754374506,-1.51561113815792,3.24186822525274
268,271,0.0016070810142901,0.0035107471930648,0,1739.82913943546,1,376.532687425901,8.28236968242545,-374.22534549871,-3.24186822525222
256,272,0.0004380405152876,0.0103800584900614,0,1371.03561994433,1,-217.772590169263,44.7213827168325,217.987619075238,-39.6259348229187
270,272,0.0186312793525458,0.209479564628029,0,118.217775225472,1,10.3428215396844,-0.806281884786386,-10.3227698026735,1.03173227171941
255,273,0.0001584457990466,0.0066117061187863,0,721.997592227971,1,-294.361404058771,76.9681147780136,294.509459781912,-70.7899709805243
260,273,0.0082305447158793,0.0273255806506326,0,349.429648065627,1,85.3215964643008,8.59723809843571,-84.716347940657,-6.58780033733647
266,273,0.0026825405963068,0.0134378403980059,0,2414.0549508026,1,142.637654169393,-68.291322682174,-141.946501000281,71.7535651510796
252,274,0.0136248110707337,0.0203066464939756,0,629.406902506392,1,99.7071326395447,-30.1709910423261,-98.2333889325348,32.3674833331627
274,275,0.0105284582595174,0.0212034989892864,0,250.213657652024,1,-88.3066339454142,17.3039435197117,89.1686715210006,-15.5678666495631
266,276,0.0170092118989299,0.0077594046110215,0,377.595013246539,1,-124.916294867926,90.3483468130902,129.081006388799,-88.44845386269
272,276,0.169795462287098,0.378314857084099,0,3.29586580850496,1,-4.63972192803449,2.14174956288796,4.68406250312095,-2.04295600208894
269,277,0.0005665113821501,0.0107414841233202,0,710.403666308825,1,-190.06169225743,-1.53488333154428e-12,190.270074674558,3.95108817877882
273,278,0.0025145232058106,0.111433086686608,0,106.745171763642,1,-7.89306226862167,-0.714130359678438,7.89467083765989,0.785415370158206
274,279,0.000770752881246,0.0108891446637203,0,656.276434005208,1,-183.884444656768,-3.47761415241868,184.148060523007,7.2019613108603
273,281,0.0117586045210795,0.0387690585899734,0,82.9573218133472,1,-43.130185817765,7.13730197194395,43.3590637228375,-6.38267323213078
278,281,0.0064787128145791,0.11185968550923,0,137.319349924772,1,-7.89467083765986,-0.785415370158209,7.89881534379008,0.856973280747321
280,281,0.0099364364335939,0.034884312529863,0,162.039253390824,1,51.525517088445,-4.58609061957258,-51.2578790666275,5.52569995138381
256,282,0.0024132579243475,0.0920828099095625,0,238.579388533887,1,-12.8671571148777,3.00727546908519,12.8713421896191,-2.847585351428
278,283,0.0603530888619399,0.205131184455043,0,22.6256881284153,1,0.0,0.0,0.0,0.0
273,284,0.0080510869016381,0.0258858710021129,0,232.346926196268,1,-54.5638860996606,-0.798965445488182,54.8080663918506,1.58405441820846
275,285,0.0034319699041934,0.023368126927106,0,264.12493421202,1,-89.1686715210007,15.5678666495631,89.4496705944427,-13.6545567436204
276,285,0.0127714022203234,0.0253547137881641,0,169.832696993436,1,73.1129110765273,-35.7746233437873,-72.2667646268474,37.4544546328189
277,285,0.003710626251367,0.0102263225458241,0,727.756437329382,1,-190.270074674557,-3.95108817877602,191.634970935569,7.71268216888841
280,286,0.0051250237621756,0.027257028261797,0,442.654500492702,1,-85.1303272757085,5.06015858545822,85.5055089951354,-3.0647846702773
279,287,0.0006186061540497,0.0217050602752197,0,645.535794458945,1,-184.148060523006,-7.20196131085892,184.359638580161,14.625609545522
280,288,0.0432025898062175,0.868964194030151,0,22.6256881284153,1,-0.158126148915743,-0.129927472245621,0.158144363281234,0.13029383063986
284,288,0.0038515174333597,0.0314214843644634,0,254.231108716955,1,-74.0675935737005,2.65975901376473,74.2810221266177,-0.918564262747514
286,288,0.0027849606488459,0.0249777342379195,0,468.012607577029,1,88.6886694323998,-0.62133794393963,-88.4696025856067,2.58610304099886
280,289,0.0714951037296359,0.182501724698648,0,27.0185833458962,1,4.32301528911823,-0.34414049364089,-4.30948089435017,0.378689018771566
284,289,0.019993872416533,0.108354930181571,0,548.48405167402,1,-12.1291749742836,3.55638898410378,12.1613992003675,-3.38175279083789
287,289,0.120438402259211,0.12908674198546,0,156.61331632866,1,7.93801337773174,-2.91078645768671,-7.85191830601731,3.00306377206606
282,290,0.0064960055917483,0.0907444269354891,0,266.967749413919,1,-12.8713421896191,2.84758535142781,12.8826075701854,-2.69021625910434
287,290,0.0398359401575536,0.252000824544598,0,67.9280776301676,1,5.97149742399068,-0.644211691890933,-5.95712709051855,0.735117940610936
288,290,0.0002883194844195,0.0782744939724738,0,599.522172414906,1,14.0304360957081,-1.79783260889076,-14.0298568167373,1.95509831849297
251,291,0.0044641645767593,0.0108591231885118,0,1751.6293119055,1,-359.917921684,176.706536459911,367.053716175446,-159.348647856537
268,291,0.0005869044989234,0.0192976239579277,0,1519.53071085327,1,-133.090966568568,-29.7645032909027,133.201455515144,33.3974182650666
265,292,0.0838776602542612,0.150424858958813,0,43.7246742849023,1,-2.96797587426672,0.15542353325737,2.97537198811128,-0.142159460576523
286,292,0.0090271201709376,0.122527705370394,0,1738.68146172336,1,20.4579985262946,-3.80009540748476,-20.4189137653815,4.33060413883538
291,293,0.0001953190597347,0.0015099750666461,0,1862.05947009411,1,-592.539109293874,136.299804474149,593.259928358314,-130.727287299705
291,294,0.0188667706070899,0.0376006408374345,0,1645.01693817779,1,42.6362970198179,-10.3485748826751,-42.2737438413918,11.0711273602754
242,295,0.0087357370617056,0.0289285659410255,0,229.196260873654,1,-73.0547766980862,21.0351163988931,73.5616312624613,-19.3566574910224
284,295,0.0009932792704596,0.0409947232368864,0,2103.62996823583,1,31.3887021561336,-7.80020241607662,-31.3782200994583,8.23281892700019
243,296,0.0003810140001157,0.136013615209189,0,114.113847036996,1,-9.7316283309646,-1.33387819307473,9.7319973804284,1.4656207320558
292,296,0.0328028285706121,0.05995341663057,0,671.5868094023,1,17.4435417772703,-4.18844467825886,-17.3386336632468,4.38018423676781
294,296,0.0039479494796742,0.0417728930045282,0,999.802406777698,1,42.2737438413918,-11.0711273602758,-42.1978780951054,11.8738558953412
295,296,0.003128768877794,0.0100872346589096,0,739.527308624222,1,-198.63148890046,50.1932103465703,199.948404354111,-45.9474396534371
297,299,0.0080247765287045,0.0115915063764476,0,468.184601673241,1,-161.676423508071,1.88737914186277e-13,163.831101408421,3.1123561549351
298,299,0.0011113073304886,0.0142251310401367,0,295.153221512354,1,67.1835726889005,-32.3355592914987,-67.1213057080978,33.1325989015965
249,300,0.0001448502881017,0.0091995390553986,0,1553.47655303105,1,216.485801809741,-44.8645847324013,-216.413845652597,49.4345685867291
274,300,0.0509717009542221,0.563211866434581,0,2.50770642117605,1,0.0591308028861865,-0.272795532793104,-0.0590906464726847,0.273239241128794
295,300,0.0046650608460926,0.0114764722308937,0,381.195249890804,1,156.448077737457,-39.069371782546,-155.231676441582,42.0618291489761
298,300,0.0074994466486321,0.0161363650982891,0,262.22766820638,1,-67.1835726889009,32.3355592914981,67.6037695936542,-31.4314324957556
299,300,0.0002808596037496,0.0075838440098527,0,584.155926124335,1,-303.828708898809,67.686444172532,304.100843146997,-60.3382044810827
25,99,0.0012544732118307,0.0060781837524388,0,670.693895387956,1,306.52804645432,30.0049653443046,-305.325501787053,-24.1783861959973
53,116,0.0022106556812891,0.019488066618926,0,719.877028891441,1,81.0784572319781,-15.5984755750425,-80.927181756682,16.9320466803636
58,109,2.15189169786847e-05,0.0001794293177821,0,4629.30655435247,1,2314.15168332614,-277.797388996447,-2312.98590378736,287.517907344785
37,84,0.0498234108306717,0.0028888488807431,0,1259.18401910745,1,33.5643275347248,-50.1542667509804,-31.7516955230334,50.2593663391232
63,142,0.0015461670855257,0.0012070323274373,0,1353.84361460128,1,562.660577200924,26.9950993312815,-557.719679601618,-23.1379333207329
109,156,0.0013849544571535,0.0067574799744219,0,1767.34156528803,1,1062.27985344127,-58.3935479857902,-1046.64785967752,134.665286939512
114,155,0.0069832734671686,0.0324043907980524,0,2.09654919584365,1,-19.1678144468783,-62.8323765915072,19.4888617072847,64.3221279151181
75,124,0.0074055883560958,0.0067036096534302,0,2322.67148966943,1,545.507308924642,-347.96485697914,-514.410033313236,376.114409311793
179,222,0.0001967823109906,0.0043604233085097,0,2356.17694350788,1,336.997673678851,-162.150924197566,-336.701553251072,168.712542510268
141,214,0.0031328199567093,0.0381275938411147,0,116.04503820296,1,64.8671629515966,-7.82291154928685,-64.7334245351039,9.45055823676042
152,209,0.0008729530715196,0.0030931694406933,0,645.554073989483,1,337.387096039084,31.1326248976893,-336.384952085572,-27.581688251367
135,187,0.0001596570383491,0.0037168920724628,0,1198.64511488586,1,336.913264593907,-12.355655575547,-336.731793278994,16.580394420467
183,299,0.0004628329887969,0.0086440366165915,0,880.726844233499,1,-207.106558789671,-36.373980594599,207.312968586851,40.228964763919
194,255,0.0007505825648077,0.0010840611219635,0,1125.72055818504,1,-777.146969846758,100.206609087896,781.844368346031,-93.4221894568102
231,274,0.0003136380716983,0.0027658265939691,0,1291.07683411839,1,-369.92363794183,49.8161509863788,370.365336731831,-45.9210171676647
225,256,0.0014480739253852,0.001623404962992,0,956.562969490323,1,-493.623877654727,233.791323271946,497.943814006491,-228.948334257143
268,7,0.0003217674258166,0.004244462354568,0,384.291003108244,1,-294.900279015925,7.17493103069447,295.183684459454,-3.43650495140384
267,56,0.0008246598082006,0.0007977365520501,0,1015.74547706406,1,-936.831866321807,657.680063144885,947.636534481537,-647.228142682559
246,34,0.0155244156537384,0.0061890871180794,0,298.393358312695,1,-142.704174942208,97.722791572584,147.393758128823,-95.8532050105643
241,31,0.0038164630742671,0.0142562575523206,0,700.696844084947,1,-106.772658848651,50.8945636053634,107.29790197031,-48.9325372279974
