from_bus,to_bus,resistance,reactance,susceptance,line_rating,line_status,P_from,Q_from,P_to,Q_to
1,2,0.0170891230724646,0.0906055757259248,0,61.2382765131754,1,-9.0357120781084,-0.160091439690504,9.05001031520968,0.235899893929716
3,4,0.0033983725303757,0.00820833928742,0,691.679971246921,1,308.415895209775,-95.0587329892294,-304.826087246824,103.729460366292
3,8,0.002770196133664,0.003054036372034,0,1433.86897135085,1,-369.176047192724,110.197580698357,373.346267497562,-105.600070675294
7,8,0.0017881289209089,0.0110273586864664,0,1515.13174801936,1,-359.476993799846,63.7513178991162,361.861450489756,-49.0464166559678
5,9,0.0009179158558845,0.0042458617085991,0,240.799111963353,1,-313.730832596075,76.5761689440338,314.685315965009,-72.1611625339438
7,9,0.0007729154901125,0.0036033088676581,0,1472.79648521449,1,-502.83433064097,72.9403060571727,504.830627768781,-63.6336286323564
3,11,0.0072505385568788,0.0092655856237251,0,173.185661345194,1,40.1420509264315,-11.1788191834624,-40.0143713769471,11.3419830352048
7,12,9.54425635393835e-05,0.0004088434430132,0,412.945058846659,1,329.738844342724,-132.941348542615,-329.618148383164,133.458368935136
7,13,7.14712211879597e-05,0.0065039379036672,0,597.7894280284,1,532.572480098085,-3.75027541369361,-532.369660491306,22.2070207471482
6,14,1.15942817109491e-05,0.0002837851961637,0,3837.02922270992,1,2911.3685980441,-106.883176777683,-2910.38453441262,130.969420122259
9,14,6.51121430785111e-05,0.0013238795669073,0,1566.90987283566,1,-819.515943733794,135.794791166289,819.964168825649,-126.681344542872
11,15,0.0045853039092927,0.0482839812294415,0,172.127398118903,1,40.014371376947,-11.3419830352026,-39.9336257147048,12.1922477324149
15,17,0.0013314260797719,0.0017292861119893,0,2640.21293315967,1,743.32589288815,-160.069895923656,-735.550370870573,170.168918650301
16,17,0.0161989099465489,0.0228468470179929,0,482.183647952423,1,-75.810349838157,71.1148421843706,77.5906780456695,-68.6038777841073
13,19,0.0280829128760027,0.208718665326814,0,244.542216858364,1,-15.1626355216654,4.81526184842877,15.2336780053465,-4.28725777560052
16,19,0.0009981340005773,0.0144177705585858,0,1809.24032854982,1,-284.179961925047,1.63084386953539,284.999932864799,10.2134103760994
10,20,0.0010913857846966,0.0105069962810691,0,387.57065207996,1,152.225244126828,33.5279844440335,-151.955856719884,-30.9345362585972
16,20,0.0010916235114257,0.0029668439222491,0,482.697083382076,1,480.489569962698,-23.949821175437,-477.919606929519,30.9345362586
10,21,0.0001011056754732,0.0109111331348352,0,1080.47702781691,1,98.5058449276826,17.1622522888658,-98.495575675029,-16.05401397905
17,21,0.0023643978016765,0.0115590183591072,0,636.641980433958,1,316.164192550643,-77.6307812362618,-313.596669791517,90.1828326250404
15,22,0.0013213879869145,0.114053166181975,0,286.138588165077,1,30.9244957876281,-0.969591527794751,-30.9117187559253,2.07241744609961
16,22,0.0200730877696776,0.085153867845628,0,484.479323852178,1,-11.2324031957867,-2.9039062094942,11.2598863266529,3.02049489383722
15,23,0.10592920808529,0.0284993649853173,0,3421.63607130382,1,19.370205900265,-25.2990861407635,-18.2838908824775,25.591350085152
16,23,0.0274408229257434,0.0717300251560162,0,921.481987017342,1,-9.40413800963547,16.6290224660954,9.50600967884243,-16.3627309844342
14,24,8.48924492672165e-05,0.0004020477120857,0,4269.83734754417,1,2168.27880164346,-112.850182525348,-2164.27682885927,131.803387617205
15,24,0.0007949789375794,0.0020093396336995,0,1233.50610516832,1,-876.369742712485,174.146325859806,882.780614152428,-157.942603393835
18,24,0.0003061439271107,0.0014825079569744,0,842.16709226727,1,-743.395268695536,8.065770273901759e-12,745.099699800298,8.25374097330204
19,24,0.0005895718968091,0.0041407627834806,0,517.464845671347,1,-534.693717464529,-5.92615260049362,536.396514906537,17.8854748033219
17,25,0.0001915369403611,0.0116222290906406,0,369.466319956044,1,171.608285802503,-23.9342596299321,-171.549368927882,27.5092640800454
21,26,0.0004210723129957,0.0041031827591277,0,1975.53096159578,1,412.092245466547,-74.1288186459947,-411.339377541942,81.465218102331
27,28,0.0051480232198478,0.0328505581223282,0,497.281455906263,1,-68.3638329588131,21.5503522887852,68.6283400052698,-19.8624803169008
26,29,0.0007832834420122,0.0220194295492904,0,1042.72778298634,1,-27.8802751472574,-2.66909636816313,27.8865229588448,2.84473297645399
10,30,0.0052212856952784,0.0072866388576725,0,443.607755581637,1,-157.827526165889,7.06892914479303,159.151458798489,-5.22129629559612
27,30,0.0088076842183022,0.0612565997508178,0,3847.21594077212,1,-29.8867462131416,4.5830183755134,29.9672679697137,-4.02299727447073
13,31,0.0003313390419786,0.0048042104353346,0,1219.30419134919,1,559.374022694708,-28.7002217322041,-558.335021404857,43.7650954917827
27,31,0.0002794768756627,0.0025940635344118,0,951.394266875385,1,493.125818929034,-54.6252635337572,-492.437867056582,61.0107323190669
25,33,0.003591718639914,0.0111109740445486,0,374.455440555314,1,171.549368927883,-27.5092640800426,-170.444554178397,30.9270061796492
26,33,0.0002355996172023,0.0070340881504075,0,228.471998217396,1,-218.678496581834,65.2990064875586,218.803273318892,-61.5736584670047
32,33,0.0002028228257222,0.0061810971237282,0,686.842101554548,1,254.487321022563,-26.4880797356371,-254.350864109004,30.6466522873604
26,34,3.13556644346433e-05,0.0004402429315034,0,6511.20686632767,1,-1385.09345777865,99.3081630809779,1385.70828578049,-90.6757935624379
29,34,0.0061013237950422,0.0249664773977087,0,58.6322867150626,1,0.688131229362396,3.07454043774801,-0.687516425316278,-3.07202467365533
31,34,0.0008138238842449,0.0001570726139189,0,2777.5608021154,1,1055.66275549812,-105.401055699093,-1046.50514309101,107.168526703433
31,35,0.0517437715887809,1.59627717073266,0,58.6322867150626,1,0.0,0.0,0.0,0.0
26,36,0.0003128753836472,0.002549633977629,0,1735.92389492471,1,-616.064363289892,-243.403291302685,617.460318056981,254.778982365097
29,36,0.0186824022732264,0.0346292206523755,0,1780.74163058405,1,-28.5746541882075,-5.91927341420162,28.7361519128826,6.21862144561862
32,37,0.0143508988925679,0.0450455949082474,0,71.7981196524376,1,9.13749453893163,0.317088213491704,-9.12516568159336,-0.278389542593186
32,40,0.0054888602242309,0.0044860498664756,0,604.003746211664,1,-263.624815561498,26.170991522139,267.583771500324,-22.9353336559849
39,41,1.00124021205621e-05,0.125395995217711,0,40.2354568557429,1,-3.43273150380126,-2.89300745169062,3.43273353642831,2.91846420913771
37,43,0.0429672850068951,0.0485540305259663,0,79.6500148366211,1,9.12516568159347,0.278389542594581,-9.08825248674563,-0.236676774632515
38,43,0.853346804061069,1.41874606693657,0,58.6322867150626,1,0.0,0.0,0.0,0.0
41,44,0.0008617279855257,0.0031182937971667,0,4099.70941665058,1,441.898174048156,12.6162966878099,-440.214071753659,-6.52211635836607
42,44,8.05106603895764e-05,0.0033372617620902,0,3039.88601269794,1,-440.056727220154,-8.45434833252057e-12,440.214071753662,6.52211635838856
41,45,0.0133708303646294,0.0287985667800672,0,259.398598885651,1,60.5785112921849,13.7384794148592,-60.0625975556051,-12.627286183738
43,45,0.0148097547394638,0.0353915208558347,0,2441.28977362672,1,-36.2366628348934,-4.60338595846205,36.4420558205378,5.09422259032796
41,46,0.0186402919324794,0.0675135613526534,0,505.116707110537,1,16.8466600290315,6.56589725534748,-16.785721007531,-6.34518127183453
39,47,0.679339664228035,0.15226885688006,0,9.21415336882954,1,-0.658901116763137,0.313256085110945,0.662543653264097,-0.31243963805456
41,47,0.0230828174810969,0.167025943529176,0,12.3357768062891,1,0.66266742051867,-0.311544065297715,-0.662543653264015,0.312439638054538
1,48,0.0079546765236159,0.0939710461872771,0,33.5838708605777,1,8.27315285334768,0.46004420314163,-8.26755776329411,-0.393947679381641
23,48,0.0054974479291003,0.0557659211023959,0,107.430283958797,1,8.7778812036334,-9.22861910071592,-8.7686361400089,9.3224007054386
39,48,0.01391023899809,0.346271063475555,0,86.9321225919174,1,4.09163262056461,2.57975136657964,-4.08835420791536,-2.49814101935822
43,48,0.0204982722338106,0.029932952933127,0,91097.0439201315,1,-31.1059430850277,1.62848786137818,31.3126624790342,-1.32662232751355
46,48,0.0115424341933421,0.0840125765423318,0,248.960035106448,1,10.2035018955309,5.21568909183117,-10.1881143678131,-5.10368967918219
12,49,0.0157624904010682,0.0216186981961095,0,588.608834667396,1,92.9141805397067,-65.6032287523155,-90.8750141784582,68.4000026765997
13,49,0.0012495364355279,0.0229676549100623,0,826.410938304023,1,-11.8417266817371,1.67793913662259,11.8435132084892,-1.64510109463938
16,49,0.0010408327155538,0.0117080033671627,0,1193.96567600809,1,-99.8627169940726,-62.5209811350712,100.009685308693,64.1741819777491
30,49,0.0335204250953726,0.207693596398643,0,58.6322867150626,1,0.916802071600268,-0.147047386426316,-0.916513075599782,0.148838014633294
31,49,0.0650717036727291,0.599091692486353,0,84.2938909316128,1,-4.88986703668474,0.625227888248657,4.90567669581284,-0.47967406208288
40,50,0.0133214888334037,0.0851701089493419,0,763.728549526662,1,-3.28228326898786,1.11701661972465,3.28388465975909,-1.10677822759281
41,50,0.0241684185808131,0.0817076253299355,0,376.30676038508,1,3.86595785382836,-0.513013691196271,-3.86228212419907,0.525440451282375
46,50,0.0094642386541891,1.20017110430627,0,58.6322867150626,1,-0.578333752755605,-0.57325842353359,0.578397464440201,0.581337776311166
12,51,0.0005615362546116,0.0071688459729065,0,893.592693635089,1,339.830709664865,34.8851890519541,-339.175386255913,-26.519010479101
34,51,0.0005653378921721,0.0112237276327667,0,813.048953577588,1,-338.515626264168,-13.4207084673614,339.175386255914,26.5190104791038
1,52,0.194751113083182,0.941135933491389,0,58.6322867150626,1,0.762559224760807,-0.29995276345089,-0.761219526300286,0.306426864375283
43,52,0.0156603826750844,0.0181454388098448,0,120.228587165145,1,-53.1498753249484,0.132011389733836,53.609706138777,0.400787333536368
45,52,0.09251804231388,0.0153752959735502,0,2484.19676216909,1,-0.909208021550957,-2.8667618228892,0.917779612032612,2.86818630980358
46,52,0.0139264830923274,0.124455324230875,0,146.993411687709,1,6.62075977687876,1.76625633621684,-6.61412123454022,-1.70693037906847
46,53,0.015688619171984,1.05227597939651,0,3.61758805760781,1,0.53979308787841,-0.0635057326795069,-0.539746037099802,0.0666615492366756
52,53,0.72631263873329,0.341350113718988,0,3.41253181028808,1,-0.537567797269305,0.0676852714937572,0.539746037099801,-0.0666615492367087
49,54,0.0485540489955778,0.0328319332491766,0,34126.6615589731,1,-4.07321987434687,20.67268035752,4.28877597946798,-20.5269227162689
52,54,0.0107392339254017,0.0353610134978316,0,256.172571520744,1,-46.6145771926971,-1.93615540013729,46.8533857971695,2.72247911231303
54,55,0.0322156243582596,0.216249385936782,0,58.6322867150626,1,0.60762851099253,-0.484416242238064,-0.607432110787353,0.485734590853475
3,56,0.007853893367908,0.129736677623276,0,643.001780717208,1,20.6181010565135,-3.96002852566494,-20.58299125108,4.53999941342272
5,56,0.0314289879934807,0.0195290455020736,0,159.912094957288,1,18.5925102652972,-6.38250746372935,-18.4714207735817,6.45774889988455
5,57,0.0025697643651214,0.0045406024257892,0,1483.98939353746,1,295.138322330776,-70.1936614802906,-292.780237358608,74.3602405216095
54,57,0.0196953974291435,0.0390075429239269,0,442.950074936417,1,-22.0820106398801,6.31122252439034,22.1868861766491,-6.10351221963997
4,58,0.000144341809188,0.0088206544342071,0,601.398955208044,1,304.826087246825,-103.729460366292,-304.673614446571,113.046995522704
10,58,0.0001658699334948,0.0128847793229688,0,999.202759507921,1,-92.9035628886226,-57.7591658776923,92.9237285542404,59.3256351341203
22,58,0.244685009041477,1.8798262793675,0,58.6322867150626,1,-0.232689940217348,-0.157627913485521,0.232884651681741,0.159123811125893
55,58,0.266050984690885,1.09669636263193,0,2.07644468120175,1,0.607432110787404,-0.485734590853312,-0.605810150356042,0.492420520271972
57,58,0.0008357652296699,0.0069373826758597,0,963.834270731355,1,270.593351181961,-68.2567283019647,-269.938800244606,73.6899171593962
2,59,0.024804867501036,0.0889209484736516,0,65.054680724479,1,-9.05001031520984,-0.23589989392953,9.07076421084812,0.310298843434175
54,59,0.119944323520372,0.166333243570824,0,63.3487868323993,1,-2.21678698513938,3.42167098380981,2.23691464208022,-3.39375887954185
54,60,0.0095069149428332,0.0389129332401034,0,768.184363884168,1,-27.4509926626123,8.55596633799596,27.5303433571386,-8.23117451044446
56,60,0.0107498180870686,0.0170241682868567,0,2073.94925125652,1,39.0544120246611,-10.9977483133076,-38.8763470892833,11.2797444737363
59,60,0.0274674074192018,0.0250056846764843,0,157.769199572617,1,-11.307678852929,3.08346003610726,11.3460037321452,-3.04856996329043
63,66,0.0005597880309951,0.0069937156332824,0,646.599048834192,1,286.822665489616,5.95019250518402,-286.34640269582,2.41473507855972e-12
63,68,0.0613179056338477,0.0897288772215935,0,56.4888626143328,1,1.54246980099172,8.39838213586292,-1.49625343607234,-8.33075193077663
63,69,0.0018833107711758,0.0193549565603768,0,618.781267999337,1,-76.9385446457696,-37.8202050803325,77.081635908193,39.2907670347169
65,71,0.0001139319334713,0.005578026160407,0,3422.86227109395,1,-431.165051640047,1.3322676295501899e-13,431.39075665164,11.0503563034871
68,71,0.0004470978440166,0.0205576328162166,0,76418.2105164008,1,51.3354874014763,24.7370839005287,-51.3202127708441,-24.0347538576923
70,72,0.0003321802040284,0.0085378729064349,0,346.398872426901,1,227.946517701579,4.51099942456404,-227.771009735409,1.0991207943789e-12
73,74,0.0027392465114579,0.138396576225691,0,36.7487578423507,1,1.94003465036293,-1.09211191964352,-1.93989800590879,1.09901568844772
67,75,0.0066878636484896,0.152910830303632,0,31.543475919244,1,-5.25336562750806,4.65954637404524,5.25674697960874,-4.58223538440197
68,75,0.0045198647789548,0.0204724337638546,0,1046.24437024532,1,-49.8392339654032,-16.4063319697529,49.9701526926245,16.999319836108
69,75,0.0144411004636601,0.118719928713591,0,135.168166833858,1,1.75290821993585,9.67977034615328,-1.73872341627227,-9.56315742707591
73,76,0.0061805440891498,0.106406617169626,0,256.72230676986,1,-5.06438996108011,6.30769004974215,5.06846027212422,-6.23761401391356
67,77,0.0249028249810155,0.116527897909718,0,38.0976617422158,1,5.25336562750814,-4.65954637404524,-5.24077487745876,4.71846232584906
74,77,0.0348186288190605,0.010545259951296,0,211.127664249923,1,19.0985308727291,-1.49618531077864,-18.9703029954878,1.53502073722632
61,78,0.0010432816609412,0.0304968216327559,0,241.461187893029,1,-63.0444100534463,-38.3528053611998,63.1031275796301,40.0692142561156
70,78,0.0008814092848655,0.0021102361623893,0,575.505884641381,1,-496.109058535837,-2.2365968659818,498.314156422477,7.51595729693719
76,78,0.0010075162672017,0.0021145689815901,0,1606.25488577703,1,-575.30783975268,-3.18983401336117,578.707642720441,10.3253196955049
69,79,0.0054074048663736,0.0015789996803748,0,2300.35665335365,1,393.26458237339,-11.8988483407409,-384.768174016121,14.3798584392984
71,79,0.000559976226526,0.0035830005735579,0,1900.90275484491,1,-380.070543880796,12.9843975542121,380.932080580741,-7.47186622909554
70,80,0.001788647626127,0.0137127455739987,0,196.527188726495,1,141.302825486415,-0.523031733832797,-140.939814687982,3.30606996160672
76,80,0.0001352691122497,0.005211159816575,0,949.549321674221,1,339.309459402515,9.42744802727389,-339.150563224729,-3.30606996160229
63,81,0.003234868304396,0.0010770030726388,0,3987.22238776298,1,-509.078554328268,28.5184633170834,517.772085824701,-25.6240765128303
74,81,0.010844977211894,0.0357027348913756,0,123.216995446636,1,-17.1586328668205,0.39716962233049,17.1906911520212,-0.291630584743757
73,82,0.158796750593424,0.0031626868437027,0,169.054305371902,1,3.12435531071736,-5.21557813009826,-3.06527951055457,5.21675471749855
77,83,0.0282704734834106,0.07515101803943,0,1534.65362601188,1,24.2110778729469,-6.25348306307504,-24.0313575473747,6.73123117850894
82,83,0.000391025950386,0.0036597050481496,0,496.157696476704,1,461.693418515755,14.6663639735221,-460.84557892164,-6.73123117851608
79,84,0.0008175635421973,0.0883900098709888,0,15.9558942090843,1,3.8360934353787,-6.90799221020917,-3.8355524339488,6.9664820024534
82,84,0.0131766281903628,0.20872181267877,0,16.2403216789065,1,-3.8268331426346,7.1045982384197,3.83555243394884,-6.96648200245323
82,85,0.0029657028906471,0.0073345451357731,0,229.183776746139,1,219.565457060589,3.59401829439566,-218.112225776656,-1.54321000422897e-12
86,87,0.0502742959012538,0.0259045685094259,0,168.239222431754,1,35.1157927082136,-35.9494279267705,-33.8461252864634,36.6036426924136
81,88,0.0147362052108745,0.0367435484679898,0,1091.70085327859,1,16.1095043996558,-6.39673365255006,-16.0652317797585,6.50712388746626
86,89,0.0448513683063493,0.0254255186586209,0,921.903761221265,1,33.300475384784,-21.7443101728452,-32.5910448382236,22.1464749290097
87,89,0.038068088977886,0.163663189587042,0,15.7656335876016,1,-4.95284903570591,1.94618778167695,4.96380319780468,-1.89909340009717
88,89,0.0013319050739923,0.046598577982415,0,995.740452158208,1,-27.611322640477,20.8043301994224,27.6272416404191,-20.2473815289124
82,90,0.0006254482349325,0.0021233840932955,0,2149.10193681582,1,-674.366762923153,-30.5817352238296,677.263030081776,40.414503582696
86,90,0.0062966983763506,0.0167109574101444,0,798.814741813945,1,123.58716714241,-27.2572387865116,-122.57864102329,29.9337902133554
87,92,0.0383071294790903,0.0572738382735666,0,154.146166215868,1,38.7989743221694,-38.5498304740904,-37.6345498705296,40.2907872785257
91,92,0.061121503091816,0.0382623740290191,0,782.590859233988,1,22.6160671332951,-20.2853612440657,-22.0584223418601,20.634449740027
87,93,1.0138380528454,1.32310383380385,0,58.6322867150626,1,5.4812662475092e-15,-5.30467725722665e-16,-5.4812662475092e-15,5.304677257226659e-16
94,95,0.0017430353836531,0.0096741672649095,0,1020.58984992038,1,201.060472991542,8.31664259315821,-200.313606429846,-4.17139568068849
88,96,0.0025128003695336,0.0092900226780932,0,449.840131605482,1,121.314650987847,-32.0288751645831,-120.919058479001,33.4914121106185
90,96,0.0006791545082349,0.0117083000656055,0,336.522564177724,1,179.359991810772,-33.8155880431097,-179.132388991526,37.7393521810255
94,96,0.0045840336135554,0.0087575086010636,0,1270.0320298957,1,-571.599385573018,4.80730121097299,587.448426983143,25.4712979810888
92,97,0.0014065348995475,0.0052734938575074,0,1324.21708322854,1,340.340304665052,170.710743999536,-338.301199245273,-163.065565831916
94,97,0.0017178566566756,0.0050864793059652,0,1411.32154332368,1,-335.810759214131,-155.691509543856,338.301199245273,163.065565831919
78,98,0.0015124596166911,0.0044980039703376,0,493.188574822144,1,-282.885897856481,30.5705985239875,284.119269328818,-26.9025932971041
90,98,0.0001035145966605,0.0034774869651673,0,2704.22954023545,1,-734.044380869258,-36.5327057529288,734.60686387922,55.4288556523149
61,99,0.0113271363008709,0.0152405143540064,0,422.500513893021,1,245.89027985618,-44.5537435799482,-238.579600082177,54.390167992416
94,99,0.0001350071532955,0.0084683659302539,0,326.98894189003,1,-233.449552409738,108.863797931355,233.544337236488,-102.918390018033
88,100,0.0110229927507192,0.0288387586790419,0,140.073760353793,1,-52.1944583100379,9.27766373783061,52.5042415012071,-8.46719756997715
91,100,0.0549680920324785,0.0761465730730089,0,1510.51045615566,1,-22.6160671332949,20.285361244066,23.1175710012705,-19.5906345486836
98,100,0.0034598703561633,0.0236108876318842,0,296.72701758016,1,75.8454715431331,-26.5315354852138,-75.6218125024775,28.0578321186607
98,101,3.06205469438282e-05,0.0005838073678747,0,1568.07403446824,1,-1068.75608190449,-45.4992050994957,1069.10690554017,52.1879629361516
94,102,3.15381537744182e-05,0.0006843941454421,0,1029.50580925822,1,939.799224205342,33.7037678083515,-939.50409946649,-27.2994093005488
78,104,0.0238324208941311,0.222524898152149,0,45.5145971735664,1,4.80463259674306,2.07686144298025,-4.79805556973852,-2.01545130463006
95,105,0.0001604513231974,0.0097351931972324,0,1521.76066564645,1,200.313606429847,4.17139568069119,-200.244855256348,-3.7747582837255297e-13
104,107,0.12559562873492,0.156474251485377,0,10.0000438474634,1,0.697404264237515,0.198166965496641,-0.696731560452645,-0.197328872465306
102,108,0.0014887145456076,0.0022880935474405,0,1248.78289462303,1,939.504099466493,27.2994093005706,-925.573147939003,-5.88810490121308
106,108,0.0025623715106998,0.007079257598202,0,469.110013979767,1,-273.754911723703,-1.22124532708767e-13,275.886139757374,5.88810490120827
69,109,0.0254813567956901,0.239286860919525,0,3.39137126454812,1,1.54140107988798,-1.1133883704718,-1.5404659402707,1.12216995244698
107,109,0.0167544160427376,0.0888054429459744,0,31.5253919104463,1,-1.61393570658869,-5.72341519483897,1.61998741507048,5.75549179189459
104,110,0.0209778125243533,0.176230191789675,0,5.41986055148411,1,0.0308391831339657,-0.530578757860279,-0.0307788045073859,0.531085986005721
107,110,0.0470460500215158,1.4047876648869,0,58.6322867150626,1,-0.0532170951896627,-0.148519763857834,0.0532290559768362,0.148876911084346
103,111,0.0010884233417156,0.0048432360371559,0,1418.98647164668,1,344.725709159538,7.523410430394,-343.431656349434,-1.76517008064169
63,112,0.0102970624969818,0.0087743154361636,0,270.84083343514,1,-113.004826399235,-5.04683287779794,114.366841549797,6.2074309185853
61,113,0.0012877653487603,0.0050311232908999,0,619.790026812078,1,-182.845869802735,82.9065489411418,183.382324677957,-80.8106930308701
62,113,0.0776514452592743,0.249689807611545,0,116.471572295075,1,-6.7699053579971,-1.28773243047665,6.80885630130088,1.41297998391671
103,113,0.009887788528854,0.0004598001553328,0,949.638820350287,1,188.087730156459,-87.5625904699818,-183.831610539667,87.7605077752726
104,113,0.17885639704544,0.0613359686228388,0,11.211876660667,1,4.06981212236709,2.34786309699383,-4.02957933359035,-2.33406589929341
107,113,0.0782157124597677,0.0935429175129745,0,12.9153951091172,1,2.36388436223097,6.06926383116194,-2.32999110599965,-6.02872882902253
62,114,0.0004381328684269,0.0053235503377881,0,891.527933435103,1,331.772953292542,6.1915869293594,-331.263380250239,3.83026943495679e-12
64,115,0.0416838027123435,0.454014400589461,0,6.90913235714055,1,-1.63453136858634,-1.32267596062531,1.63644815759605,1.3435533699947
109,115,0.0849932664557061,0.444872350011981,0,6.90211036108596,1,1.64035649005232,1.3640103910854,-1.63644815759605,-1.34355336999475
62,116,0.0004688715942567,0.0024419055153851,0,1017.33696855556,1,192.186617196712,-89.2926418883398,-191.964207615851,90.4509615409469
64,116,0.0379023403130786,0.414508716924529,0,7.05710933012811,1,1.63453136858635,1.32267596062536,-1.63278846643666,-1.3036151815858
99,116,0.0049706388919861,0.0096789099572334,0,662.619504539872,1,-299.705656021306,48.5282220256159,304.644306701517,-38.9116000414567
78,117,0.0198185460482244,0.103420927129103,0,10.5538890358969,1,-3.56451808800512,-2.79427214100083,3.56861316224262,2.8156418405375
112,117,0.0027916708539189,0.0130049799771792,0,324.427385899009,1,-114.366841549797,-6.20743091858738,114.736102006314,7.92762828233665
116,117,0.0071541592941794,0.0328548649865307,0,396.1617692279,1,-111.04731061923,-50.235746317905,112.166792552521,55.3768713978404
109,118,0.035063531063046,0.236876383933355,0,4.4816434030998,1,0.0226669243208132,0.682204711004134,-0.0225018663997544,-0.681089640094428
110,118,0.0109646462334766,0.239355906580872,0,4.75882064653738,1,-0.0224502514694709,-0.679962897090243,0.0225018663997866,0.681089640094602
69,119,0.0005925347382328,0.0035316602928068,0,986.072989552337,1,-473.640527581406,-35.958300669653,474.997549625866,44.0465030342549
109,119,0.0004052337349475,0.0100499193373426,0,1046.60574511891,1,-204.748492114955,-8.92387684643045,204.920458411149,13.1886930659334
70,120,0.062321231602481,0.136745692006203,0,79.9472984622756,1,1.29696861878306,-1.75137082474696,-1.29396001921581,1.7579723154302
111,120,0.0073724296502258,0.149097140614275,0,76.0301823421935,1,-1.2936041101929,1.76517008064103,1.29396001921595,-1.75797231543013
124,127,0.0164659704595645,0.259788428090581,0,60.0738184051453,1,4.02040786745109,-0.996737000711983,-4.01755330696227,1.04177423578412
121,129,1.00608771197593,1.39104522640885,0,58.6322867150626,1,0.0,0.0,0.0,0.0
122,130,0.0023616500233128,0.023539359652673,0,280.804900106802,1,76.1155013574328,-8.44781211564587,-75.9749768883998,9.84846673589673
127,130,0.0004597341590515,0.0364652801314573,0,302.625869294452,1,-75.9476214809689,12.0182480659102,75.9749768883998,-9.84846673589567
128,131,0.0016069849831478,0.1085840143168,0,285.923512186741,1,12.452329001989,-0.357926862880753,-12.4498219281243,0.527329904775876
129,131,0.945738986894218,1.34364635575132,0,58.6322867150626,1,0.0,0.0,0.0,0.0
123,132,0.139235973343461,0.805903368178707,0,4.92433518135408,1,1.15875799768848,-0.0386814142170636,-1.15687786057641,0.0495637228250284
131,132,0.0416573992225104,0.563080746906671,0,3.76705269943783,1,-0.689105084315511,0.259048102431785,0.689331924174201,-0.255981920686318
128,133,0.0234687676494674,0.105566258455557,0,294.349976088137,1,-12.452329001989,0.357926862880931,12.4889428687204,-0.193231853064084
125,134,0.0066727382835675,0.0439671403424594,0,52.5472258174972,1,-43.3143023940914,3.80945275324507e-13,43.4415273223413,0.83829397133656
131,134,0.0046269166376431,0.0440693000027375,0,55.2956293319974,1,43.5297458485635,1.67853575703416,-43.4415273223414,-0.838293971337264
131,135,0.002358617670413,0.0597058097099717,0,896.225210116648,1,-30.3908188361237,-2.46491376424114,30.412850156402,3.02261238267318
126,136,0.0451134297223998,0.013590505769346,0,311.358534303926,1,9.3915953326264,-12.9133254860259,-9.27713761480026,12.9478060893414
133,138,0.0227550784963512,0.0032865137171398,0,829.321115530626,1,106.744053567933,-15.1920913107118,-104.098754619139,15.5741515739863
138,139,0.0303587199494819,0.110687096853786,0,523.727457133865,1,13.030912109047,-17.3171018817188,-12.8812942438069,17.8626046950275
132,140,0.242352626071714,0.24104520946357,0,58.6322867150626,1,0.467545936402212,0.206418197861245,-0.466908406885697,-0.205784107617048
139,140,0.19389271324658,0.926189012773164,0,58.6322867150626,1,-0.466398355355676,-0.203347687417769,0.466908406885695,0.20578410761707
139,141,0.0078628834971995,0.0442168527765706,0,45.7479927710512,1,36.6671124337835,-24.0469879654241,-36.5134884116001,24.9108912363107
133,142,0.0012516422314614,0.0088896355767472,0,1970.88412492524,1,214.320137658235,-18.2600010003554,-213.741045991381,22.3729286041599
136,143,0.0001042909716973,0.0043755349637997,0,712.609130491468,1,446.589477940273,-6.27779767737371,-446.381436669903,15.0061836306647
137,143,0.0092489006289694,0.0246019276344247,0,473.607533707678,1,-85.71802001542,2.04003480774873e-13,86.4089013776348,1.83773336518943
135,144,0.0333845423784903,0.0493165412321394,0,49.7145604600228,1,5.2902244913157,-2.22416847852947,-5.27922982623926,2.24041009261028
135,145,0.0015203000107115,0.0022708376341847,0,1291.72909642111,1,203.356758668845,-135.1646341761,-202.45030335776,136.518585909058
141,145,0.0392547872792538,0.205832011516198,0,255.847960148097,1,-14.1638679026144,2.92432575566327,14.2459758987869,-2.49379345157699
144,145,0.0120381332759989,0.0577211266523057,0,50.0654273657519,1,5.27922982623932,-2.2404100926094,-5.27526525958405,2.25941962247452
136,146,0.0014115767703564,0.0126211968880054,0,428.209600793364,1,163.220696226822,3.36384065922968,-162.84447839456,-4.28823643261467e-13
142,147,0.0017914672258596,0.0091278325158303,0,1719.82119878733,1,213.741045991381,-22.3729286041655,-212.91219592875,26.5960617116083
145,147,0.0108734222451946,0.0499816965980263,0,85.1345386834384,1,46.6343658930824,-4.64932301190798,-46.3955441903972,5.7471111429547
138,148,0.0312140467795511,0.0200218456552809,0,449.846036704435,1,91.0678425100919,1.74295030773298,-88.3505839028337,-7.21644966006352e-14
141,151,0.0006712056541679,0.014683491343108,0,231.211476503124,1,146.124305671521,9.3664191757219,-145.980398893897,-6.21827238890293
150,151,0.0085861772181037,0.0290030786283071,0,227.268147755247,1,-144.139518847823,5.77315972805081e-13,145.980398893897,6.21827238890365
153,155,0.0100914653883648,0.25913637003112,0,28.9471593799927,1,3.80911550316444,0.395420806509626,-3.80763207484491,-0.357328199030902
155,156,0.569943617980981,0.402598588392342,0,4.50385399813077,1,-0.051240818567176,-0.277176284164638,0.05169594573969,0.27749777834654
147,157,0.0033969765130188,0.0320872746509089,0,147.359110036418,1,-63.2537168696673,6.14357691930663,63.3915913849682,-4.84123719959751
149,157,0.0017007475325468,0.0705624717700422,0,671.191869814432,1,18.9058634216439,3.17409922587046,-18.899618044822,-2.91498420894154
155,157,0.0027168487824707,0.0220239124326667,0,2072.1291218269,1,44.5476192359659,-7.30513250558821,-44.4919733401463,7.75622140853941
145,158,0.100937768501008,0.0731267278616083,0,329.41546139148,1,4.55698104996638,-6.71638294686157,-4.49048741057117,6.76455581956118
154,158,0.0199876290699661,0.0244192502430007,0,101.753323121213,1,-49.3666476078758,15.6881313970332,49.9092558655972,-15.0252170121987
156,158,0.0026097319929171,0.0336480551922818,0,2050.45149516103,1,45.4743441931399,-7.5441065776497,-45.418768455026,8.26066119263753
153,159,0.0179588036704781,0.117793929716163,0,31.2263779850287,1,-3.80911550316444,-0.395420806509581,3.81175541688603,0.412736314662741
155,159,0.0096735895929445,0.0232218457140314,0,121.456179527448,1,-55.9889374597373,12.9240835151971,56.3099572653901,-12.1534624002128
156,159,0.0134821631315694,0.0269033730935692,0,169.828768466334,1,-47.9605099516688,20.3665201870889,48.3273658909194,-19.6344668727255
152,161,0.0009278918012138,0.0107371487412254,0,624.819341690157,1,-187.582843403844,-1.4432899320126999e-12,187.912065140305,3.80960662504413
154,161,0.0027813506372874,0.0310014599696758,0,99.3387568208183,1,49.366647607876,-15.6881313970329,-49.2911417127982,16.52973437666
160,161,0.0001223882913423,0.0007969759535499,0,2539.62355885381,1,991.207252977473,126.211628621979,-989.985302338281,-118.254451794202
155,163,0.0156895719641157,0.0891177516581028,0,164.622504918845,1,15.3001911171833,-4.98444652641292,-15.259358662333,5.21637742798684
156,163,0.0954825135451517,0.0227248548038455,0,600.389382155439,1,2.43446981278904,-13.0999113877861,-2.26457840864506,13.1403455714732
160,163,0.0651088840778346,0.0695456382968977,0,997.029173272536,1,-19.2624235117846,19.0471262487685,19.7402146257688,-18.5367767248097
162,163,0.0835217219546898,0.609185709053202,0,8.96980865826948,1,2.22041019770853,-0.149911303149475,-2.21627755479099,0.180053725348937
159,164,0.0054653168849099,0.0252344040978155,0,120.536092184406,1,-10.199067198152,2.22332716516581,10.2050224345353,-2.19583070987147
145,165,0.0031684141285084,0.0116232756394223,0,322.081922814487,1,155.592242348544,28.8486734555597,-154.798833688364,-25.9380667046937
139,166,0.0340617035343274,0.0442729698014226,0,2178.82246660715,1,-23.3194198346213,6.38773095781344,23.5217599227707,-6.12473188017693
149,168,0.0020081073511639,0.0358246400558922,0,124.099649186056,1,-52.6456026645481,4.56574760823714,52.7016324677019,-3.5661757829436
165,170,0.0001135276349986,0.001356474897761,0,1628.08893926237,1,-831.569390437693,25.8597433391649,832.368143699582,-16.3159106919872
167,170,0.0009912904640095,0.0014494518825019,0,2528.56820280166,1,714.820035762151,30.0636090962684,-709.745902353838,-22.6442779438259
168,170,0.0131754236117143,0.0239787855575074,0,1162.91144821498,1,124.836272611452,-34.9307333027426,-122.622241345754,38.9601886358202
136,171,0.0017869113149086,0.0008071526957629,0,1286.46891413306,1,-521.124296005693,294.162805941111,527.523266314033,-291.272373667618
164,171,0.0013793839098852,0.0057524098264321,0,1284.58492716826,1,342.934611773392,-199.250065000971,-340.764775550623,208.298878112502
149,172,0.0234472812341049,0.0417641501730733,0,1431.59061778649,1,33.7397392429036,-7.73984683410865,-33.4590002376361,8.23989738830156
165,172,0.0067964218992577,0.0175330769345237,0,149.375376706496,1,-63.2047448718703,2.33084968651087,63.4810978837418,-1.61792769755086
164,173,0.0939519616205239,0.400754147442092,0,9.56324456358804,1,2.02518794097731,-0.919615233673575,-2.02054006380176,0.93944085543573
171,173,0.0002425293234326,0.0071486529212448,0,1392.65671249005,1,-185.775285365864,80.2359299792529,185.873229264712,-77.34899272682
168,174,0.001841954478496,0.0409594839012008,0,484.778080286859,1,14.0237267172416,10.3004244399713,-14.0181499485449,-10.1764140095726
122,175,0.0051205643563266,0.0338197183476399,0,164.34918340176,1,58.6210762116442,-12.6710976483723,-58.4342103631972,13.9052878515407
124,175,0.0037213246040176,0.0372508314587302,0,893.888700095332,1,-39.1863211552241,5.58674236373701,39.2452342499043,-4.99701639404446
166,175,0.0141295675120445,0.107915268044159,0,729.569438210225,1,-23.5217599227704,6.12473188017764,23.6056951825856,-5.48367219780689
169,175,0.003662263146502,0.0674524007906667,0,49.2909973632783,1,4.41787611625951,3.44591001552882,-4.41671906929272,-3.42459925968862
169,176,0.008700816925542,0.0812391390293491,0,58.7065238828375,1,-4.41787611625951,-3.44591001552864,4.42062503227936,3.47157652163115
173,176,0.0005088705005821,0.0044544951992161,0,2004.50746405805,1,-404.147632185603,90.9878081397299,405.017750425022,-83.3710618048422
174,177,0.0001405382508921,0.0071112496000884,0,1962.73708420615,1,-134.968575676501,15.4290103860102,134.99474440669,-14.1048700120927
123,178,0.0330639280593482,0.249976091213654,0,5.11734967154021,1,-1.15875799768848,0.0386814142169972,1.1592044679269,-0.0353059264394148
171,178,0.0082998197200037,0.332602868154072,0,9.95163441414813,1,-0.98320539754677,2.73756557585938,0.983897937228146,-2.70981308338283
172,178,0.0007372333140405,0.0293177131654543,0,101489.380753496,1,-36.9574922444562,-6.26943731823552,36.9679381085316,6.68484020480257
173,178,0.0069472504535833,0.0259508868056495,0,2651.83563801398,1,39.2188138967823,4.34229986751642,-39.111040513687,-3.93972119498169
126,179,0.022708150821613,0.0886239141516503,0,204.038552017129,1,-11.4729793002478,5.45768129525711,11.5094547828236,-5.31532712199861
162,179,0.0049168139995232,0.204055966991457,0,9.26686653459343,1,-2.22041019770853,0.149911303149364,2.22065348096558,-0.139814642938908
174,179,0.0016723186214972,0.0928476242627414,0,244.805020877249,1,13.7337563961735,-5.25259637643623,-13.7301082637891,5.45514176493761
124,180,0.0008913980000897,0.039191690825691,0,4490.20595479426,1,35.165913287773,-4.59000536302512,-35.1545851519503,5.08806436332622
126,180,0.0087265021264851,0.0787200621219207,0,15.8457818353183,1,2.08138396762079,7.4556441907685,-2.07618068799886,-7.40870642703004
127,180,0.0153739209639738,0.0648416122669547,0,9.6967288726967,1,4.850833744721,-0.520317978908474,-4.84715116267083,0.535849771871256
141,180,0.0089564621124354,0.112996235734925,0,863.424829500107,1,-24.6474677902679,5.48285111802882,24.7045705496428,-4.76243308036593
165,180,0.0030206120502893,0.0076461101846915,0,630.11172969944,1,-192.417981220499,18.5403007627432,193.56532612868,-15.636013339618
172,180,0.0043365279659025,0.113736999397849,0,25.9842152238559,1,-3.56769623846635,-0.352532372514364,3.56825825710736,0.36727280871967
173,180,0.0039844057112891,0.0087670527827721,0,511.953899931783,1,181.076129087913,-18.9205561358462,-179.760237932812,21.8159659030962
184,186,0.0023205433822195,0.0042736732276343,0,1289.70221362326,1,-309.164324785807,120.947300092445,311.734240149709,-116.214366171818
185,186,0.0018346519704302,0.0073218192962344,0,969.743005341471,1,801.592428629183,-170.882226155548,-789.268132793619,220.066631980579
182,187,0.573623481674388,0.368357505153357,0,58.6322867150626,1,-0.546454701282234,-0.100371116982793,0.548241753094499,0.101518688461604
186,187,0.0153037565224853,0.680502672867235,0,58.6322867150626,1,0.548289430023158,0.103638708951785,-0.548241753094473,-0.101518688461604
183,189,0.0106005469672242,0.035622084636683,0,181.480675342093,1,-64.2990028769205,-32.9989316043919,64.8745072258701,34.932856777352
188,189,0.0005809883658093,0.0182944393993335,0,754.566250714831,1,-145.117377973121,-91.4642645402481,145.294748784812,97.0494014494539
189,190,0.0009490167683275,0.0251846077372905,0,261.516465491968,1,94.5802648371271,62.2141836513946,-94.4586385525358,-58.9865164802715
183,191,0.0004886512640542,0.0124841579775683,0,468.384723147435,1,165.08905404399,3.53811003864522,-164.950566374589,-2.62290189567693e-12
184,192,0.0013252763987099,0.0040148120541565,0,2050.04017368992,1,357.398894720408,-121.888697925319,-355.499991182055,127.641264576984
183,193,0.000837187700557,0.015979076386531,0,153.236050759575,1,-126.09351866453,29.4608215657502,126.239422815105,-26.6760057286318
194,197,0.0561250604316497,0.227886749343637,0,5.36542818058554,1,-1.01039445560095,0.464129393194557,1.01108940040699,-0.461307681973154
184,199,0.0092553450271666,0.0396108400006486,0,78.6267157802303,1,-48.2345699346019,0.941397832876076,48.4510309504377,-0.0149923191451545
194,200,0.162101976683644,0.238931334172494,0,58.6322867150626,1,0.228597438325172,0.402887373971048,-0.228249074925038,-0.402373901318378
195,200,0.0008186875053392,0.0212798747328714,0,202.145240013505,1,-56.5487854738362,10.0176857982621,56.5758139770105,-9.31514281572673
197,200,0.0085317347769249,0.0738763713572884,0,28.5943639576065,1,3.40730811741974,0.755002750504936,-3.40626636198213,-0.745982180411645
199,200,0.0013689804462969,0.121561013381048,0,32.9385352146925,1,-4.13668034987004,3.32520731174926,4.13706454480965,-3.29109205004403
196,201,0.0273189861202947,0.0545803741425492,0,902.31396707493,1,7.89450455667704,-3.92489143679811,-7.87327006197901,3.96731565635892
198,201,0.0002663906667252,0.0046163263423732,0,624.073370527419,1,-471.349193012534,223.298335897078,472.061374409815,-210.956830899059
196,203,0.0358273218353314,0.0372504651527261,0,469.965349226822,1,-78.0489417940483,76.0233817361993,82.3020719166559,-71.601307539574
199,203,5.1568331148942e-05,0.0093588661977891,0,912.89571081415,1,-298.233281330778,12.6158951449756,298.27905890176,-4.30796366594213
194,204,0.0165083406249914,0.119016857669762,0,4.81479175918061,1,0.781797017275826,-0.867016767165782,-0.781571676229634,0.868641363109801
199,204,0.149785439843791,0.332734706859585,0,5.2220989688821,1,-0.779527085044776,0.873183236133132,0.781571676229653,-0.868641363109579
195,205,0.3152803046416,0.18644103522035,0,11.9160689410502,1,3.32226335824573,-5.26243318799897,-3.20003021790147,5.3347157660367
196,205,0.0003032707647634,0.0005079601690614,0,917.019585907084,1,289.729813683757,5.76128322856698,-289.475137336146,-5.33471576602391
200,206,0.0129644657319026,0.025791584816964,0,213.127676151541,1,-57.0783630849134,13.7545909474985,57.52714737464,-12.8617768267807
197,207,0.0010814049682556,0.277858795644599,0,53.3990195018907,1,-4.41839751782672,-0.293695068531383,4.41861009745979,0.348315791162073
201,211,0.0078043485736488,0.0403595513704457,0,1655.22730574937,1,-20.0846144229529,4.91145425310998,20.1179791150323,-4.7389114724752
210,211,0.0136345441631549,0.0511565072361879,0,1488.72450613757,1,20.1762687164454,-4.52021018104874,-20.1179791150322,4.73891147247485
202,212,0.0015090769696291,0.0060127984851296,0,2064.9206833909,1,854.771426809777,-190.024997073659,-843.200674343708,236.127750147208
203,212,0.000233734373304,0.0026926204012124,0,912.21521683327,1,-525.304507084351,95.1098636247616,525.96899463478,-87.4549658476697
208,213,0.125379581157803,0.103718198914809,0,63.6270645608681,1,2.09862300169059,5.59981485898317,-2.05378457412906,-5.56272300633931
209,213,0.0029955631782099,0.071991675455235,0,53.4499701547161,1,-2.05271329648285,-5.53697723900515,2.05378457412895,5.56272300633922
206,214,0.0037225220614729,0.0289463387774908,0,217.426315932688,1,-57.5271473746396,12.86177682678,57.6560080198753,-11.8597561992369
207,214,0.0118585863909443,0.0454337276444332,0,46.0950994130909,1,-39.1601314904091,8.9010663818657,39.3514998554874,-8.16787796529614
209,214,0.0115919657412513,0.0071372874492465,0,333.362283992208,1,-132.536794680271,36.8410805329568,134.786382962198,-35.4559868768019
212,214,0.0001505855703949,0.0014786965709173,0,424.186053147972,1,231.879354240663,-54.6444009170359,-231.793890837562,55.4836210413264
198,215,0.0018096468803934,0.0675235528443148,0,248.18661060824,1,-71.0295670396881,16.6541346148416,71.1242268575019,-13.1220824340336
207,215,0.0774594486597567,0.131461465142782,0,423.001735713863,1,15.7982149009034,-9.24938217302787,-15.5384590698401,9.69023067791406
212,216,0.0008346800211378,0.0143663142891311,0,625.047932964934,1,115.060444258423,-3.64535252507209,-114.94983083917,5.54920442680209
208,217,0.0170592256375144,0.0077049107696254,0,492.524122161867,1,106.390299306732,-20.2602629486236,-104.389358923154,21.1640007523432
209,217,0.0044292262116415,0.0108326835491094,0,289.455822471889,1,131.365827513334,-16.2606169914362,-130.56995004986,18.2071169654086
209,218,0.0099529966746128,0.0573902529622245,0,118.204682191554,1,3.22368046342184,-15.0434863025159,-3.199520327571,15.1827967387002
216,218,0.0033321764024725,0.0427766957568172,0,124.011622852326,1,10.5113469877658,8.0920913349712,-10.5054798310109,-8.01677191932555
215,220,0.124588016038925,0.752772248675471,0,58.6322867150626,1,-0.574169751532268,0.455701895887021,0.574839206699612,-0.45165698621006
219,221,0.0038726086832302,0.661764855817994,0,58.6322867150626,1,0.101694823109834,0.0227211622724632,-0.101694402618565,-0.0226493072603293
215,224,0.0001746100485062,0.0301564292373313,0,75.434707832456,1,-51.9493032918229,0.707803416388402,51.9540164205527,0.106188299686909
216,224,0.002092509822396,0.0170193417479644,0,435.721659501706,1,104.438483851404,-13.6412957617751,-104.206212539396,15.5304648328108
218,224,0.0183667144977523,0.0908267139321789,0,310.990048056149,1,13.7050001585819,-7.16602481937444,-13.6607080893931,7.38505708549707
219,224,0.0012905655125723,0.0416835659787428,0,1097.50364379766,1,26.3044267351531,-0.66997081236605,-26.2954912244288,0.958576037905906
220,224,0.0008084985559006,0.0116606751871533,0,481.333537848002,1,-93.1856884870114,-16.1617448685218,93.2583994130485,17.2104276211227
193,225,0.0023898081433608,0.0008325406631817,0,866.317307674009,1,-506.764319572156,26.6760057286287,513.20689559132,-24.4315968933444
199,225,0.0180805128162606,0.0303029287727245,0,343.978586487453,1,80.9300831104511,-6.45647659940666,-79.742765084474,8.44642090781145
220,226,0.118068117634967,0.328069384098349,0,58.6322867150626,1,-0.41603173391353,-0.0141330542935773,0.416237435427628,0.014704625776124
219,227,0.0002233623652573,0.0077159437738611,0,470.652521228963,1,161.186945655123,-2.78953211051386,-161.128895981115,4.79482973627036
220,228,0.0026557731824558,0.0125047197425625,0,465.753388821725,1,-173.707524541006,17.3072556473395,174.521233817575,-13.475901929844
198,229,0.861168291715146,1.00957793128326,0,15.7260130157411,1,-1.14896768782494,2.29399023825824,1.20467745925126,-2.2286797103046
199,229,0.0275446265612743,0.0818577161506422,0,1636.1291384787,1,29.3802430891219,-2.41096673338878,-29.1417678037829,3.11967273718218
220,229,0.0007219408028247,0.0101033957758222,0,2725.3241006086,1,211.869740328733,-0.679720738315494,-211.543907412191,5.2396775931368
225,229,0.0233970760762858,0.269188139249856,0,58.6322867150626,1,-0.62439288600355,-2.34150014848546,0.625796062327807,2.35764397870315
217,230,0.0026306129196146,0.0178934616608979,0,929.381638240782,1,107.312764413504,-39.3711177177502,-106.957401827217,41.7882984310506
227,230,0.0018481879632102,0.002247487379715,0,4193.07860250958,1,723.666195446731,-56.9051727933321,-713.926208607753,68.74947539401
221,231,0.0610539521537736,0.632724003270251,0,58.6322867150626,1,0.10169440261856,0.0226493072603736,-0.101687773326548,-0.0225806055296414
222,231,0.000120541756212,0.0015332193600488,0,3304.86167749747,1,726.481746127336,-29.6079724947584,-725.844499288948,37.7133728178367
227,231,4.78722409040986e-05,0.0015316992579371,0,3273.52392914983,1,-725.69303942259,45.7903932447939,725.946187062276,-37.6907922122988
223,232,0.0158317920078226,0.0437520486213228,0,52.1412720860853,1,-42.8994623856671,2.16840434497101e-13,43.2066054304977,0.848807098052105
230,232,0.002017540246176,0.0145951015311896,0,670.151047932735,1,285.087288337387,13.0265119349762,-283.403914668349,-0.848807098051965
210,233,0.0002045130842741,0.0068882870114619,0,476.871889376671,1,248.550743779489,18.1305610288525,-248.423728495865,-13.8525084458248
225,234,0.0037529981770441,0.0108916262425622,0,1193.99879593306,1,-335.836981675495,27.3009057615271,340.188335137696,-14.6727846370724
229,234,0.000812052148257,0.0154472263977252,0,359.607526893506,1,-238.069956815016,-8.48831459871548,238.534440886791,17.323942495582
226,235,0.112311185161107,0.571805149995086,0,58.6322867150626,1,-0.416237435427644,-0.0147046257761462,0.416433107056027,0.0157008403976623
227,235,0.017189342114511,0.592705430040609,0,3.4411290011152,1,0.944400664007574,0.235060276708572,-0.94423783391263,-0.229445734813709
228,235,0.0010188903329802,0.014020891808205,0,1981.09733277962,1,132.064516322015,3.08897401767777,-131.886714067361,-0.642247323883964
182,236,0.0903464814216494,0.274716918139343,0,58.6322867150626,1,0.546454701282234,0.100371116982881,-0.546173238182284,-0.0995152709756923
199,236,0.003029651977909,0.117806140753962,0,138.821150048712,1,8.38544755424037,5.96691790142762,-8.3822504922943,-5.84260212774633
225,236,0.003517626607051,0.0167474416186355,0,417.982357959561,1,-97.002755945343,-8.9742296275063,97.3436721446868,10.5973337210204
227,236,0.0048601209877728,0.0180432402369778,0,295.724717224946,1,88.8003446994717,6.08488953554181,-88.4152484142105,-4.65521632229937
181,237,0.0203315352229327,0.259360676378578,0,2.0152371556924,1,1.69990960628215,2.50872293080015,-1.69800814898931,-2.48446685548807
190,237,0.0017346045132901,0.0069488064945683,0,513.095029763054,1,-244.499175948878,58.9865164802743,245.633120607548,-54.4439467196888
230,237,0.0061831017396758,0.0088206373580203,0,346.646619899076,1,214.660154871332,-102.345036866461,-211.077849445104,107.45545205948
233,237,0.0046528847445437,0.0249173626854389,0,969.817669649286,1,33.0318158364723,51.4618125519385,-32.8572630134549,-50.5270384843039
181,238,0.0011979789552679,0.18824112074612,0,58.6322867150626,1,-1.69990960628215,-2.5087229308002,1.700021644345,2.52632772295837
230,238,0.0021267413867533,0.0397376247198285,0,121.204909182761,1,45.3459095656157,-21.2192488935659,-45.2912985061833,22.239642721794
186,239,0.0010231128679854,0.0029790412526539,0,5301.56905999683,1,474.007174093292,-103.955904517719,-471.596494124144,110.975183914701
189,239,8.99678163935532e-05,0.002556297470562,0,926.011496041489,1,-545.815764657025,98.13468581181,546.092456416824,-90.2729139688081
233,239,0.0232015161831777,0.0291456900532573,0,1275.87899596004,1,-26.8288406087569,22.7063075158637,27.1163893284593,-22.3450894905635
235,239,0.000276885705368,0.0142051803701213,0,1428.37377570637,1,132.414518794218,0.855992218300809,-132.365812249173,1.64281954468048
188,240,0.0068439764203299,0.000329068552073,0,989.072947314943,1,-278.726993680352,91.4642645402477,284.837589304189,-91.1704580262061
233,240,0.0010528590465155,0.0080435576307457,0,420.514348285741,1,242.220753268151,-60.3156116219752,-241.562609863698,65.3436487752171
238,240,0.0124762382923548,0.0418444060663185,0,120.403892922261,1,43.5912768618381,-24.7659704447537,-43.2749794404951,25.8268092509919
241,242,0.0007885468866184,0.0006197377655548,0,2892.70393807027,1,861.475412149679,-338.548339025723,-854.781780357579,343.809023559108
242,244,0.0043602400511008,0.0321531220185343,0,782.362615800967,1,22.3400043569604,-4.11255717930087,-22.3175060013581,4.27846372674351
246,247,0.0334016136013569,0.147356411098402,0,35.1014220409819,1,-3.69782553583185,1.33646459683788,3.70315782282041,-1.31294038381755
245,248,0.000129229533085,0.00299705354614,0,1691.04776477347,1,581.8655823308,-46.0178323115411,-581.42462787503,56.2443191199672
248,249,0.0128596547173704,0.0181690906329035,0,775.028859694914,1,102.144840620514,9.07458659938936,-100.792530057016,-7.16394018375502
249,250,0.0062966022743521,0.0193315420183812,0,686.594713595827,1,113.184683856387,2.5519051172684,-112.353486244213,-3.24740234702858e-13
245,251,0.0644784859917179,0.0689929221192936,0,77.7162761247998,1,10.7658487906125,8.86948169506219,-10.6401960115328,-8.73503138550882
246,251,0.0456548390153347,0.273901671015791,0,36.2740521912962,1,3.69782553583182,-1.33646459683797,-3.69053712435111,1.38019069743699
242,252,0.0055783868683177,0.0531530291536385,0,650.197360658957,1,105.727121901651,3.05749515990585,-105.103035821839,2.88903855632702
252,253,0.0024013125042067,0.0174415226729971,0,1184.29790849567,1,127.412499186007,5.7212551536963,-127.017200953622,-2.85007405141715
253,255,0.0029834760771726,0.0169014091488393,0,1322.46092297377,1,128.812033935594,2.86142622300937,-128.306928319384,-2.91433543964104e-13
252,256,0.531893143425633,0.832916308152168,0,17.4366294196208,1,-2.23478254490982,0.971085497469417,2.26674114831358,-0.921040028205937
256,257,0.388166555393003,0.946326071696896,0,21.1967723990637,1,-2.26674114831357,0.921040028205947,2.29006399267008,-0.864180375116186
252,259,0.0006819032529841,0.076218683254617,0,1035.39466415183,1,-24.5590365413848,-7.30107585304767,24.5635665920122,7.80741526759563
252,260,0.0002401472054707,0.0764150214742724,0,51.0893218477345,1,4.4843557221264,-2.2803033544445,-4.48429421381685,2.2998753448227
254,260,0.0269663224973994,0.27417722788289,0,23.1728079116491,1,-2.74661178568263,-0.0426695475492701,2.74866743769948,0.06357017170835
259,260,0.0021283403651267,0.0130457445054033,0,558.866457064771,1,170.822308229314,6.17520256141828,-170.200441353313,-2.36344551653289
256,261,0.117739511425013,0.162679060568251,0,58.6322867150626,1,0.0,0.0,0.0,0.0
258,262,0.0023679373833955,0.0115904934003718,0,466.686287915699,1,170.237750578935,-29.9316918142377,-169.53028671257,33.3945601027363
253,263,0.134279526205802,0.262183462756864,0,25.0301766683485,1,-2.73397122641133,-0.0113521715923157,2.7442074007689,0.0313385069204562
254,263,0.0315410480280081,0.148642130731491,0,24.6946533208143,1,2.7466117856826,0.042669547549228,-2.74420740076885,-0.0313385069204613
257,264,0.0198190052939366,0.141431813722734,0,26.7078150819203,1,-3.73240116702701,1.39581107522281,3.73555731570615,-1.37328825808598
259,266,0.0179281711991148,0.194455436997449,0,232.318433394987,1,-12.2358442098814,1.24031344208501,12.2629613327329,-0.946191307951939
265,266,0.0119797440837999,0.192376278616765,0,182.492799242413,1,12.2810812061121,-0.655213989461825,-12.2629613327329,0.94619130795194
257,267,0.0015936533805463,0.14017456440058,0,58.6322867150626,1,1.44233717435691,-0.531630700106944,-1.44229940834009,0.534952523423209
258,267,0.0992630742189783,0.212612677962049,0,54.1572397187219,1,3.68471699855876,-1.36544455305112,-3.66938921334249,1.39827530595394
265,267,0.0001663437245329,0.0174237180694495,0,732.551555175068,1,111.634931584238,4.10757370124741,-111.614173168077,-1.93322782937681
264,270,0.0012826210622988,0.0524085057794405,0,79.8905546387722,1,-5.54033973665655,3.41212852190915,5.54088567111199,-3.38982138077105
269,270,0.0011018691716138,0.040455075992836,0,4489.38368503207,1,-34.4038569139163,14.0727263588524,34.4190556917028,-13.5147039309716
247,271,7.17749885885892e-05,0.15124053325139,0,35.057316680686,1,-3.7031578228204,1.31294038381772,3.70316928109431,-1.28879610332803
251,271,0.0059415121191126,0.029879530390652,0,335.30687960186,1,-68.3489567830989,30.2624487364798,68.6903234702209,-28.5457348599892
269,272,0.001363229159514,0.0554086079586057,0,109.695305267376,1,-7.24300279679894,1.70068165332164,7.24375613237516,-1.67006224108798
270,273,0.0068573509900417,0.0532972659836631,0,808.720564277892,1,9.87417540786725,-6.21434587764556,-9.86475913487856,6.28753180713664
272,273,0.0277093354441401,0.155197231382982,0,5.35308811497202,1,-2.53021866091328,1.56142492801011,2.53266818120657,-1.54770540851815
248,274,0.0019400252223725,0.0043956673116342,0,3324.93196964295,1,-409.150235556893,163.143578327124,412.914267495944,-154.615115932082
269,274,0.0088373780009135,0.0239097885550112,0,969.681955308095,1,41.6468597107153,-15.7734080121744,-41.4718836548148,16.2468109262898
265,275,0.079615765306966,1.20522422597649,0,58.6322867150626,1,-0.60943714909238,0.280389762827373,0.609795445559318,-0.2749658674422
268,275,0.0037842386458591,0.0071793778501905,0,307.829554872041,1,211.285068916144,-45.9959998893226,-209.521592153434,49.3416308588114
270,275,0.0064391131176231,0.0175976137116491,0,418.528006037698,1,-84.4419642618802,23.1188711893894,84.9398652793064,-21.7581450130899
271,275,0.0163569814660682,0.0155854026062797,0,2102.17865091557,1,-121.320866460336,29.8345309633177,123.971931428567,-27.3085199782836
272,277,0.0001342861324506,0.0140771412980181,0,194.155826690159,1,-140.231076213408,2.72247223130168,140.257493205092,0.0468064560978202
243,279,0.02249982934185,0.10243814631031,0,32.3695272235066,1,-5.12282060086706,-2.24713354713762,5.13006169418513,2.28010109393509
272,279,0.0315645319503905,0.37321433745728,0,34.0434901137965,1,5.14022006996304,2.40021222029551,-5.13006169418511,-2.28010109393505
272,280,0.0078349553571961,0.259797935152997,0,58.6322867150626,1,0.489920994824207,1.47272369812916,-0.489732255633007,-1.46646532779766
274,280,7.47517106159289e-05,0.0037845919947718,0,2098.50107168849,1,-371.442383841129,138.368305005789,371.559598005454,-132.433888464379
276,280,0.0029055807311215,0.0056980163421414,0,1733.70097369117,1,384.600053368289,-122.590166775903,-379.865538864077,131.874830846034
272,281,0.0067919754344658,0.0213253432949747,0,540.01979398556,1,167.381878192377,5.98228785792801,-165.476560579857,5.13478148889135e-13
242,282,0.0092544474623656,0.0059958061610319,0,699.516746949246,1,175.689749279278,-20.4969553574033,-172.794309081923,22.372864021297
243,282,0.000942614295373,0.01096164959238,0,751.521556587722,1,-172.499393223088,25.8024367740893,172.794309081924,-22.3728640212949
273,283,0.0162679018072661,0.0490388319409817,0,1112.35049202043,1,7.33209095367209,-4.7398263986177,-7.31964807782345,4.77733486804622
258,284,0.0033499780343665,0.0325596771815981,0,1191.46556618713,1,-32.4788866779714,5.54982843444638,32.5152566751242,-5.19633496247664
277,284,0.0364161514307132,0.083710721339545,0,58.6322867150626,1,0.561404060467771,0.545481921018685,-0.561180929587433,-0.544969004463463
278,285,0.0019414110870809,0.101674210824312,0,27.7936657929722,1,-1.05429400205245,-0.841968013726508,1.05432951330539,0.843827783994398
283,285,0.0066338250810935,0.101977667922102,0,26.6071240944932,1,1.05445085568464,0.845693104937169,-1.0543295133054,-0.843827783994398
264,286,0.0066789518533018,0.240006560838963,0,8.95397332342814,1,0.249262974461192,-1.79235034586368,-0.249043094633829,1.80025167564151
280,286,0.155208420926473,0.0343128152777707,0,111.607778627475,1,-4.37449922326189,3.89646758888778,4.42817875500844,-3.88460034711042
277,287,0.0120094152025028,0.0844230342172422,0,784.883758114425,1,23.6311425597713,0.0502087126763647,-23.5640779717826,0.421237724228889
278,287,0.0150615115400812,0.0625418998610554,0,111.923470537364,1,-2.65289257240307,1.11974062413774,2.65414739010686,-1.11453007916916
284,287,0.0106834971232529,0.0864670102167416,0,573.322723467086,1,22.7069419905013,-0.246821196926398,-22.6517779074562,0.693292354940831
251,288,0.031721936833359,0.236411610742947,0,58.6322867150626,1,-2.04682387672015,-4.77848344516009,2.05563871357065,4.84417709398139
278,288,0.0162345438313587,0.408435010325504,0,27.5107450212981,1,3.70718657445549,-0.277772610411234,-3.70493217391194,0.334489701993698
280,288,0.0021661646898008,0.121842891148034,0,947.72342666378,1,13.1701723375188,-1.87094464273886,-13.1663094317355,2.08822618697237
284,289,0.0341943146823361,0.177294196510964,0,38.1737380547537,1,-8.75993765124902,1.38921247112993,8.7868726921581,-1.24955690322838
283,290,0.0584131974528189,0.0116098667792389,0,3810.36192801166,1,5.68115038387186,-17.5825421997935,-5.48148793004824,17.6222259457754
284,292,0.0073580961259794,0.0792268049806641,0,174.911702954683,1,7.2497191592756,-0.857076414534937,-7.24579261910832,0.899354637971499
286,292,0.0279086299511984,0.159918251710828,0,66.2383296942119,1,-4.17913566037443,2.08434867146899,4.18520254575207,-2.04958502650975
288,292,0.0005926559679561,0.166886162027674,0,680.620431165337,1,-18.5330607661998,-0.384257453445828,18.5351043316264,0.959705621273894
289,292,0.0034158735125692,0.140951753133108,0,169.600880511316,1,15.4827033308296,0.147387081500003,-15.4745142582703,0.190524767264443
283,293,0.0078234245519482,0.0218738239512413,0,283.924584426437,1,-70.0902351103251,19.2665824329632,70.5040838209421,-18.1094863584277
289,293,0.0038203273886266,0.022168273382855,0,391.677391919343,1,81.3322381691575,-17.0284035164091,-81.0684484027104,18.5591005125898
291,293,0.0604523635337909,0.285425080704874,0,63.5865453497701,1,-10.4968877237981,0.768205297765696,10.5643645817687,-0.449614154158469
243,295,0.0015982798017954,0.0076005733628493,0,685.438778619002,1,177.622213823954,-23.5553032269585,-177.094500728968,26.0648275846256
291,295,0.0014496991882232,0.0372555275749432,0,190.242396669069,1,64.4905517978153,27.9187228795385,-64.4184124220224,-26.0648275846205
251,296,0.0096103444349882,0.0423410611820121,0,69.5681168528673,1,-47.3575964103257,-18.1291246032478,47.6117080229956,19.2486844079876
264,296,0.007947232391611,0.590860142899857,0,6.47785767555493,1,1.55551944648919,-0.246489917959816,-1.55532127131972,0.261223828229923
276,296,0.0002925615376708,0.0261093723457697,0,484.514235322965,1,101.567951244527,5.10827002328478,-101.537694111521,-2.40800136164004
242,297,0.0007167445604812,0.0023957926960146,0,1978.8227887566,1,593.902978383261,-172.68420402072,-591.161139569779,181.849083344785
244,297,0.0084847131144058,0.0347140662522162,0,696.082922088124,1,22.3175060013582,-4.2784637267428,-22.2737258216904,4.45758446270992
245,297,0.000248572764787,0.0020704398508506,0,1734.76122361674,1,-592.631431121414,37.148350616475,593.509249582755,-29.8367276970027
288,297,0.013293588980536,0.025555483826501,0,226.4840921366,1,-35.6665695098099,12.0159171462579,35.855525036681,-11.6526706281089
291,297,0.0017712335693269,0.0191702968219235,0,1009.01118388472,1,-38.3006833087018,-16.040393366607,38.3314565548253,16.3734563079251
248,298,0.0008744746787086,0.0159659255180749,0,368.680326027164,1,-159.889543131252,10.8136628743674,160.114122231773,-6.71335753776607
291,298,0.0058195679929209,0.0226239910891719,0,318.59905002814,1,-15.6929807653154,-12.6465348106976,15.716800454492,12.7391355735607
296,298,0.0023913286520535,0.0150045504127786,0,104.777800354016,1,55.4813073598448,-17.1019068745792,-55.4004974206894,17.6089542036314
241,299,8.56433237817378e-05,0.001202454780434,0,1987.92861613285,1,-861.475412149684,338.548339025723,862.202401101862,-328.341223021003
294,299,0.0002263153451081,0.0010292181414738,0,2595.1009087582,1,864.123493702395,-319.604637550089,-862.202401101863,328.341223021015
248,300,0.0003758186303832,0.0003143506533573,0,2018.14572777869,1,1109.03918712226,3.86645918200444,-1104.41668235349,-1.3045120539345599e-11
45,62,0.0079127527155911,0.129176127810069,0,279.637214092698,1,24.5297497566198,10.3998254162982,-24.4722149580162,-9.46056663176599
58,81,0.0024507838563324,0.0044168543023883,0,883.737086948181,1,453.181754575261,-246.714092147611,-446.655049644766,258.476657287001
43,75,6.25417564923449e-05,0.0012920956375194,0,725.773458599359,1,129.580733731614,3.07956348198897,-129.56981217135,-2.85392702463522
22,78,0.005459656971706,0.0999563748201436,0,313.049691865141,1,7.29320204234398,-0.440703943776848,-7.29026581037723,0.494461002974526
119,143,0.0002646597408636,0.0022109682699125,0,2640.7622905547,1,-679.918008037013,-57.2351961001842,681.158058890749,67.5945846560049
78,161,2.37924564790842e-05,0.0013091811558517,0,4597.65503322756,1,-851.188877564427,-88.2581400774989,851.364378910768,97.9151107924814
62,165,0.0017254774670833,0.004658071738219,0,2763.73564081875,1,-1214.9288098869,93.8493540212184,1241.99095021843,-20.7928270837338
98,147,2.87008737954817e-05,0.0047315277615086,0,965.54336908178,1,-322.531020056305,43.5044782294836,322.561456988815,-38.4867497738672
160,198,0.0022538045752929,0.0013876049875217,0,1125.28770365623,1,-535.684397264817,247.07538185785,543.527727740043,-242.246460750176
127,210,0.000443157461299,0.020348602539141,0,422.39996386808,1,-96.3266008408854,-12.5397043227864,96.3686846888978,14.4720817987514
177,199,0.0054131046888686,0.0011068639624116,0,1934.28139985374,1,-134.994744406695,14.1048700120912,136.002684061448,-13.8987679423445
122,203,0.007713503379453,0.0101656554525555,0,1221.1501047784,1,-134.736577569077,21.1189097640171,136.192159788137,-19.2005924192366
195,284,0.0026489928914497,0.0245136768053402,0,183.250350712884,1,53.2265221155906,-4.75525261026088,-53.1507992440647,5.45598910727062
192,262,0.0010385890574706,0.0041825053540579,0,2014.46048092502,1,355.499991182055,-127.641264576987,-354.011863544646,133.63410820095
189,290,0.000123003770871,0.0074752744885505,0,627.622666970944,1,244.3541874097,22.1222187028928,-244.280141155095,-17.6222259457748
208,268,0.0008938320933934,0.0080908643996168,0,270.313772298689,1,211.701599762628,-42.2256109962917,-211.285068916143,45.9959998893312
249,22,0.110607009310832,0.0652283312421872,0,101.965102602831,1,-12.3921537993699,4.61203506648765,12.5913203271476,-4.49458048266713
288,28,0.0075299883782443,0.0187606415229017,0,508.046172966076,1,69.0152331680868,-18.8985526757595,-68.6283400052697,19.8624803169022
283,12,0.0004410615199038,0.0115930764219167,0,251.711710694414,1,70.6742819485942,-7.30706820615002,-70.6519906863106,7.89298263198959
262,41,0.0007103119300536,0.0023817904794671,0,1330.92958974247,1,523.54215025722,-167.028668303671,-521.395529229743,174.226634872924
