from_bus,to_bus,resistance,reactance,susceptance,line_rating,line_status,P_from,Q_from,P_to,Q_to
4,6,0.0009966302153362,0.0539087789716369,0,720.704573743649,1,25.9623199699909,-1.59569729628451,-25.9555768864791,1.96043779183829
2,9,0.0001616894755256,0.0011327309758824,0,2761.90762120779,1,-1308.397548259,213.611476500551,1311.2620930417,-193.543635989509
3,9,0.000195232720405,0.0182302925087535,0,312.387732046462,1,-291.231174612875,17.0304163231792,291.39834985908,-1.4200533050895
4,9,0.0006894015590133,0.0160989866824513,0,358.237451442289,1,-119.379166839202,32.2309142290564,119.484577835695,-29.7693441810423
8,9,0.0004488513148372,0.0009364785303409,0,3678.29648094834,1,1750.95031130426,-195.761364779116,-1737.06427850571,224.733033475605
6,10,0.003878858429009,0.0333026863617449,0,670.593458132244,1,25.9555768864791,-1.96043779183723,-25.9293329838613,2.18575987403919
10,11,0.439899847380329,1.03076701900201,0,2.50240738984368,1,0.825114872850328,-0.0029364291137028,-0.822122230765707,0.0099487451644467
11,12,0.0123253052727118,0.0653441652588918,0,2765.35989067842,1,-32.3781968480962,0.271696237802965,32.508243199499,0.417760947179987
8,13,6.27308793536853e-06,0.0002602751160152,0,4910.37297288538,1,-2973.51702877937,733.820992770054,2974.10347880439,-709.488742071107
12,15,0.0224687305964043,0.125144411446217,0,415.80373219042,1,16.6435642351222,-1.21422789430891,-16.5811018819536,1.56212535969061
14,15,0.198811468225693,1.11254610735964,0,80.7615822800961,1,0.0718310456467147,0.0629410083893863,-0.0718129013857155,-0.0628394733666546
14,16,0.227094860178587,1.10750647457706,0,80.7615822800961,1,-0.0718310456467108,-0.0629410083893532,0.0718517711534003,0.0630420834767834
15,16,0.0586953564740996,0.130700698777761,0,13.7329807962231,1,-1.33102350118309,-0.703650448996015,1.33235696808108,0.706619764898217
10,17,0.0436188157905324,0.169434327097161,0,120.012544402521,1,9.74171521821273,-0.541012832599077,-9.70022470933565,0.7021798960578
11,17,0.0380980898082213,0.282851809401643,0,111.009700945903,1,2.82890395823927,-0.499783650179165,-2.82573984265406,0.52327500690964
10,18,0.0475014543522995,0.067025725996071,0,361.147695474534,1,15.0595346273427,-4.2199661241814,-14.9434363148524,4.3837837122465
11,19,0.0504117320421306,0.633551877342357,0,13.6616000826965,1,-1.07624367437145,-0.962991508979391,1.07730180255635,0.976289586051023
12,19,0.0015362515481622,0.0234417321278881,0,1323.95456788955,1,62.905999314175,-14.8915225067238,-62.8419125432771,15.8694254537564
16,19,0.0128657346066354,0.355324122749579,0,14.096790788024,1,-1.40420873923442,-0.769661848374961,1.40453825672682,0.778762418027335
11,20,0.0092572709975848,0.0705822942798827,0,5573.32392984158,1,31.4476587949946,1.18113017619296,-31.3553939173908,-0.477654309015129
15,20,0.0377031128570038,0.122135815858346,0,512.251800833357,1,17.9839382845225,-0.795635437327766,-17.8614847352143,1.19231260842053
1,21,0.0197288550139211,0.0740139024478814,0,16.740346519952,1,-3.34450020789569,2.78086479917429,3.34826029799845,-2.76675861096092
12,21,0.300469478142153,0.0982041353012787,0,318.653921706853,1,2.16264856944273,-0.545169893273703,-2.14772851072757,0.550046300267936
12,22,0.0018579945048048,0.0201275809943884,0,605.852189590977,1,-114.220455318238,16.2331593471279,114.467319814838,-13.5588860179538
21,22,0.0076150338253634,0.294903194511584,0,257.719971362971,1,-9.16008779650895,-1.35290960217811,9.16668354612535,1.60833954204203
20,25,0.0083030606827303,0.0482653481745366,0,4461.71347412793,1,49.2168786526051,-0.714658299405842,-49.0129932911463,1.89983546894868
18,26,0.000935336158819,0.134905516286977,0,87.4468197505052,1,12.5034431001357,-2.49512176864944,-12.501910776275,2.71613208627207
25,26,0.0208211656996268,0.0384044206416397,0,6362.04480975827,1,-61.8095930929424,9.36964343008034,62.6401262038888,-7.83773386220394
18,27,0.0066591948626895,0.106862833219229,0,132.734686898419,1,2.43999321471673,-1.88866194359519,-2.43935428794544,1.89891506374073
27,28,0.0003157008347463,0.0037787534506707,0,1135.54243988138,1,372.250252123036,5.25827785657613,-371.81094251199,1.96509475358653e-12
22,29,0.0045101215901546,0.0776603524638331,0,115.594634953412,1,52.4313046589165,2.6589719217858,-52.3070006637755,-0.518565752608852
23,29,0.0010744068836227,0.0198536546947903,0,384.470146205277,1,-123.334103056289,16.6567570728986,123.501157133327,-13.5698130003805
24,29,0.006147233463887,0.0117560900847064,0,10549.0671425353,1,71.5202821456415,-13.4646896008593,-71.1941564695491,14.0883787529961
5,30,0.0001518684130703,0.0004993321451842,0,3223.97531599461,1,-1389.32372269619,278.770227856016,1392.37060519928,-268.752302827154
21,30,0.027624259862038,0.0522168763742072,0,308.662050312483,1,-28.7476262507475,3.56962191287359,28.9818121900985,-3.12695093074631
24,30,0.0028850618894758,0.0151784976393948,0,383.807721794652,1,-132.465815201325,13.4646896008653,132.978142389159,-10.7693030514472
23,31,0.0033847144688232,0.0755195892306795,0,80.7615822800961,1,15.9482856108911,2.318519415463,-15.9394608083678,-2.12162083871801
23,33,0.0025042275826713,0.0226617713279503,0,326.725656069424,1,107.385817445402,-18.9752764883589,-107.086871654457,21.6805582290117
25,33,0.0008633962807098,0.140588021826445,0,80.7615822800961,1,-0.483118818182811,-7.15292171559099,0.483571744075475,7.22667227105003
7,34,2.7140934997191e-05,0.0023644903133079,0,1509.0535140154,1,-577.097185596661,9.237055564881299e-12,577.189521570076,8.04421493700584
25,34,0.0010563662633602,0.0188998179743171,0,391.610286257321,1,111.305705202271,-4.11655718343735,-111.171948250917,6.50964954265491
32,34,0.001375401664262,0.0206539254805533,0,736.4530571456,1,121.851456218171,43.408733861621,-121.621322697401,-39.9528993137454
33,34,0.0066926441870585,0.0123841983898717,0,1324.64917344041,1,172.681918740455,-7.89580928775283,-170.682063705623,11.5963797663436
31,35,0.0199358242230195,0.101788858858824,0,80.7615822800961,1,15.9394608083691,2.12162083872089,-15.8874830969469,-1.85623166430969
35,37,0.0073779602666052,0.0117089842279026,0,1684.46266969699,1,-145.345089341118,13.6393033456349,146.947335278233,-11.0965040177748
34,38,0.029777321495179,0.048562400187799,0,1949.20214318203,1,-50.5736017877298,18.6828875128589,51.4573257738096,-17.2416646052003
33,39,0.0316106020075856,0.0605833134180085,0,927.154826179455,1,-35.8037978077567,16.6644474867184,36.2968017345454,-15.7195805902961
32,40,0.0008643461477721,0.0034306580717858,0,1597.34191855652,1,494.389716920247,7.19156413185406,-492.276624733477,1.19546551553202
37,40,0.0095610771229697,0.0429992596145548,0,110.869244850806,1,66.9801463591805,-3.7220796560955,-66.5498793513185,5.65712970711831
38,40,0.0289902981981399,0.481884465052878,0,7.2549326279074,1,4.66568822621974,-0.113063985367674,-4.65932517507773,0.218832317749632
5,41,0.0005828485028805,0.0009544373717867,0,3413.04071852877,1,1215.27221892852,-271.675410453628,-1206.24153172879,286.463516305733
10,41,0.069869238452603,0.204230618483145,0,7.447978717923,1,-1.26623324975298,2.57815551185387,1.2719932013376,-2.56131893969978
34,41,0.0005666421174322,0.0696725739972878,0,316.980809104359,1,-114.496752372331,-3.4517817974221,114.572665105499,12.7857782587788
39,41,0.0178786259076045,0.0800089175195179,0,1091.64275235112,1,-36.2968017345445,15.7195805902976,36.5756395996355,-14.4717489132619
37,42,0.101436252297434,0.155570596820894,0,235.334113164275,1,-19.5194386724916,13.3470515500601,20.0866217810015,-12.4771750246647
34,43,0.0094922686462246,0.302933826633927,0,222.121053497775,1,-8.64383275606947,-1.42845064769579,8.65127166164206,1.66585397192316
37,43,0.0417122237388424,0.17229677519584,0,298.863063552895,1,6.47751306316031,1.24310801992886,-6.45936678881233,-1.1681529043361
38,43,0.0011652427065072,0.186067206906142,0,53.7624540583653,1,2.19196431035141,0.507192115119932,-2.19190487282827,-0.49770106758576
42,44,0.0017499020813487,0.0062823979812648,0,971.985623622774,1,111.667812926897,-8.63851967512271,-111.448299531974,9.4266040621414
36,45,0.638448198883983,1.15561132516168,0,80.7615822800961,1,0.0,0.0,0.0,0.0
42,45,0.0775083312867454,0.0268404255262258,0,74706.1061277214,1,32.1466408622087,-14.3988963785766,-31.1849680729154,14.7319148612754
46,47,0.0283458242291566,0.0332297300360829,0,12071.6089475107,1,-38.7874169636343,35.2680654537178,39.5664452950186,-34.3548127314445
33,48,0.0460038174604425,0.104487784142034,0,516.794542889009,1,-26.0648462320947,8.44983459449543,26.4102318130056,-7.66536547831766
38,48,0.0190030910586441,0.030079705281472,0,1739.04283455682,1,-64.4660416093874,16.8475364754526,65.31621046981,-15.5018170510664
46,49,0.0108108810569965,0.0394272014472023,0,5733.09412189917,1,22.1623177085637,9.71516192792528,-22.0990143029108,-9.48429488630198
46,50,0.0333354734296876,0.0223592575847554,0,210.844851122618,1,66.7824320853338,-8.31638452772276,-65.2726499969007,9.32904771018297
1,51,0.0001569761243117,0.131618841656575,0,17.0563091166611,1,3.34450020789665,-2.78086479917373,-3.34447029007471,2.80594981822325
26,51,0.0061447077942905,0.0602754953556875,0,1703.50737413875,1,-50.1382154276134,5.12160177593282,50.2944392538789,-3.58914997679857
17,52,0.0736986253817417,0.119798203234797,0,329.447404847077,1,12.5259645519893,-1.22545490296652,-12.4085666643558,1.41628690192448
45,52,0.0113543876218642,0.110483421108373,0,4902.13205905567,1,13.9720528299069,-10.5129964064986,-13.9358434676048,10.8653301788274
47,52,0.0898901904940138,0.649361213334487,0,17.1621454174399,1,2.66168966503646,1.19139082118501,-2.65403831876482,-1.13611796581232
50,52,0.0092376220228587,0.0439690281603498,0,25260.5866337884,1,-56.1459643475705,-9.32904771018306,56.4577010123321,10.8128449642378
3,53,0.0001907611404687,0.0038235877376939,0,275.449069654506,1,288.346815480391,-17.4355263640516,-288.186650966337,20.6458399030065
45,53,0.0493630868452489,0.428696873605136,0,81.7007941017336,1,1.03640961710131,-4.21891845477668,-1.02669208821746,4.30331095366429
2,54,0.0006904633595679,0.0019659440518691,0,1025.42193578591,1,1057.5982327523,-92.8270325808267,-1049.75337429598,115.163558634317
49,54,0.0012080966970525,0.057625842170561,0,343.026318784542,1,-89.2451335792595,9.48429488630206,89.3436587517031,-4.78467435848393
51,54,0.0852255650334658,0.0193098666848054,0,454.317344421221,1,9.38849965758355,6.51707005687879,-9.27718132451613,-6.49184825670343
2,55,0.0020513457530429,0.0073649332198713,0,1444.12911143655,1,250.7993155067,-120.784443919679,-249.196992566758,126.537253474984
4,55,0.0007774457311311,0.0047213677353942,0,713.683869587239,1,346.933415344118,-54.1384213875713,-345.974873244181,59.9595733502577
27,55,0.0003723895587966,0.0056205084530341,0,1051.03347110201,1,-369.810897835089,-7.15719292031769,370.322412243876,14.8775250040895
47,55,0.0260909861489384,0.0325854103960789,0,56.5586304581236,1,-42.2281349600547,33.16342191026,42.9810421544926,-32.2231052131114
48,55,0.0018511266491305,0.0326864240724926,0,150.943688715927,1,-89.1041693204062,17.5586762406073,89.2557408625872,-14.8822890213022
52,55,0.0019739439611394,0.0346793669234278,0,335.623618997965,1,-111.949135574239,-21.3350388596089,112.210957865552,25.9348813515608
51,56,0.009531540443596,0.0993047842736688,0,1043.16562521789,1,22.5792247141379,1.1507832321004,-22.5305046558994,-0.64319110658806
52,56,0.0922721173951123,0.979104852145304,0,6.32302034705791,1,-1.26500458359057,-0.623305219567846,1.26687865550191,0.643191106588409
48,58,0.0337714815961424,0.0913652074772926,0,15.5254491928319,1,-2.62227296240991,5.60850628878169,2.63512428935326,-5.57373836931108
3,59,0.0127653584349733,0.0517702161499052,0,80.7615822800961,1,2.88435913248362,0.405110040864221,-2.88326950914158,-0.400691047364994
5,59,0.0999030395172994,0.151682699073473,0,485.006199733158,1,15.291578041764,-7.09481740236817,-15.0079206758475,7.52549413735218
53,59,0.0018984806431589,0.0629094702520074,0,323.887898942422,1,-15.2241238478995,1.73367319148199,15.2286068804179,-1.58512008304146
58,59,0.0721584340014085,0.0894927075208272,0,16.4972711840465,1,-2.63512428935357,5.57373836931057,2.66258330457126,-5.53968300694449
8,60,0.0009622086042328,0.0018028860780648,0,1475.95909789356,1,1222.56671747512,-538.059627990852,-1205.45709765036,570.117848263809
30,60,9.82282292900692e-06,0.0004747384953922,0,7084.80753142728,1,-1554.33055977852,282.648556809363,1554.57515311311,-270.827324513067
57,60,0.201778031468227,0.803346953215047,0,80.7615822800961,1,0.0,0.0,0.0,0.0
65,67,0.0019036197736537,0.0474994310021403,0,3428.25749071269,1,-52.4105995492526,3.10041711835286,52.4637185326815,-1.77498358209343
62,69,0.0043182125010847,0.0199365482292415,0,334.890747817277,1,69.5102050722255,4.69976147337297,-69.2978013272979,-3.71912480860566
67,69,0.012394092279544,0.0579283913217654,0,9419.15249223981,1,48.2659091398654,-2.34933238694742,-47.9728346509927,3.71912480860518
68,70,0.0803106786033199,0.978419931047385,0,3.38471152950345,1,0.270505183758584,-1.80147090981214,-0.267768275698407,1.83481448805219
62,71,0.0313972848998156,0.0353704807258585,0,112.055013705777,1,-65.3656271076209,45.9654367435133,67.3973584321837,-43.6765982695856
66,71,0.0181706011685549,0.0074585572056656,0,207.489735042985,1,-140.732938515419,29.1976951480698,144.687865948798,-27.5743007302143
62,72,0.003347543318625,0.0182367790395009,0,615.096659232231,1,-205.623374143928,12.1022551875287,207.062680305491,-4.26118908613424
67,73,0.001008385414931,0.0226228075404356,0,369.414582854686,1,-80.1812263710265,11.2964045665746,80.2481781822817,-9.79436187725799
71,73,0.0439333320734632,0.222541584963751,0,9.20211367013342,1,2.46651105097873,2.31020808339392,-2.46147721018989,-2.28470947323317
68,74,0.0041002722828372,0.0030273539811764,0,1562.52001768889,1,-390.010530547905,101.979023820983,396.85336797977,-96.9267517490504
70,74,8.38903981445623e-05,0.0070931703588556,0,546.069592663575,1,-287.091351965207,69.225324333264,287.163870100988,-63.0937109117353
68,76,0.0004543331342379,0.0053712329381837,0,1461.81044364439,1,389.74002536414,-100.177552911175,-388.984483961929,109.109740682433
75,76,0.0041815420172238,0.0871282555969587,0,3108.43461895425,1,-28.5518526014538,12.43246225611,28.5924041256597,-11.5875147340475
70,77,0.0058258632373229,0.0029361397733438,0,521.870241830155,1,287.359120240905,-71.0601388213232,-282.299271042205,73.6102200495005
71,77,0.0003408387725611,0.0139597749888517,0,1240.3560349783,1,-214.551735431961,68.9406909164049,214.725394666531,-61.8281085622252
73,77,0.0039274751904813,0.0533965969543109,0,149.75664479436,1,-63.7511363729449,9.94561531639979,63.917238941091,-7.68734213726724
72,80,0.0006621225751153,0.0139144690455018,0,524.051390258907,1,-207.062680305491,4.26118908613426,207.347365823008,1.72146121166596
73,81,0.0852577166131855,0.148435600549884,0,585.316997612692,1,-14.035564599147,2.13345603409129,14.2101296932832,-1.82953428234277
80,81,0.0004574344765725,0.0769520760634779,0,563.226026468302,1,14.2110662899414,-1.67197497937742,-14.2101296932833,1.82953428234287
75,82,0.0024725650990331,0.0024098341148568,0,8545.7998120782,1,477.257386525171,5.48971658030563,-471.624765783202,1.55431223447522e-13
75,83,0.0048576149511538,0.0573595557323841,0,4742.94556271124,1,-49.5473357880069,9.35858936328488,49.670841701201,-7.90021022406325
80,83,0.030088061004512,0.131015730934149,0,451.371442925268,1,0.754372055483703,1.76797799816414,-0.753260354765075,-1.76313719827979
76,84,7.4142372570995e-05,0.0040596322217398,0,798.327573307841,1,360.392079836269,-97.5222259483826,-360.286778382845,103.287959610409
78,84,0.0009495568484345,0.0062495359305977,0,867.942364964611,1,-358.938160679077,112.163926131244,360.286778382846,-103.287959610403
78,85,0.006138059055805,0.200059739018888,0,122.934663095785,1,0.285668508716232,-0.276535906329857,-0.285658763996601,0.276853519120557
79,86,0.0013437888239353,0.0191036145749593,0,1141.42464679505,1,106.109416891535,-62.1334215169342,-105.899096262728,65.1233885104953
85,86,0.121256169831503,0.776964888680249,0,8.35696310670823,1,3.74595719873526,0.069042620394185,-3.72888164343802,0.040371250579197
78,87,0.0192845968530204,0.0297387031703611,0,1150.91112601781,1,-44.482050168308,29.3563173156401,45.032176354362,-28.5079698247387
79,88,0.0013993113289786,0.0192067128280383,0,5001.75178357444,1,-113.36235980456,19.7861421321105,113.554178312151,-17.1532734386933
79,89,0.0024016091673238,0.0006533204937356,0,1052.36390809938,1,-391.931398634955,462.395638737204,401.065602783001,-459.910820289191
89,91,0.0080610018653199,0.0020470049349079,0,773.462186952613,1,-394.702600417889,460.570748078341,424.994675636289,-452.87840058895
62,92,0.0194712623120918,0.17446115933817,0,12.6745030066664,1,-10.0882245542453,3.42059995088679,10.1106151672303,-3.21998161207321
88,92,0.58186404878044,1.17491525961583,0,7.94341442977311,1,1.09827182781309,-1.24670688841327,-1.08157717802367,1.28041716632552
90,92,0.0182372884533783,0.0616748147576863,0,9796.93173948912,1,139.33662074439,-17.6646294714658,-135.738999542048,29.8310555161058
88,93,0.0139855188092815,0.0195079229207361,0,61.8938831295183,1,-114.652450139964,18.3999803271073,116.612469660119,-15.6660159855814
87,94,0.0324425054615288,0.012812897017086,0,886.626499863376,1,-45.0321763543622,28.5079698247387,45.9576544409209,-28.1424599713549
89,94,0.248720877153408,0.46618914489755,0,4.5733384764558,1,-6.36300236511271,-0.659927789150256,6.46696440236115,0.854788686238388
90,94,0.0235800644113674,0.170373544618725,0,118.790659929079,1,28.5464291303083,-8.4722925994854,-28.3373498023743,9.98295794734817
91,94,0.0453390850814159,0.039731085189482,0,287.368774401794,1,24.4790308157313,-16.9614086499579,-24.0872690409072,17.3047133377689
79,95,0.0578534503047996,0.209227503056212,0,15.7514600526558,1,-5.81602281264865,2.65606099323019,5.84050521903274,-2.56752015894004
78,96,0.0004701290900376,0.0030259475515198,0,4088.14401339794,1,-288.328275602964,-24.7138752690214,288.723674873435,27.2588304307157
90,96,0.0213279100897962,0.0046555630978108,0,790.460739581383,1,86.3921223710027,-334.641565713739,-60.9162374118279,340.202569553339
91,96,0.0117026164873623,0.0002899323316775,0,182.423755568448,1,130.414762385421,-362.861839293876,-113.463791800995,363.281799601987
93,98,0.0622088649130029,0.138587451546636,0,39.8022988761176,1,-0.935020769886335,6.17838079377704,0.959610836142669,-6.12359962037685
93,99,0.0281451159549112,0.0180286376394264,0,354.100670941952,1,44.963721430957,-7.92781004969105,-44.3697759888857,8.30826778771728
95,99,0.0195085504892107,0.0376129080187346,0,3022.21474166701,1,-49.4981619124879,21.4123176075619,50.0880827057904,-20.2749375367516
98,99,0.0021495284124431,0.0080768824089231,0,831.885573308697,1,187.457523718398,-9.03971539159183,-186.678563318245,11.9666697490327
91,100,0.0007890455391293,0.0021688648488236,0,1886.84421217542,1,-579.888468837447,832.701648532786,587.803737308369,-810.944795849066
97,100,0.0018354159620683,0.0051827749708897,0,1507.56717691802,1,381.754212653771,-130.447063804264,-378.76702333783,138.882170799041
98,100,0.0082088277701408,0.0120836872939248,0,682.175912912999,1,-188.41713455454,15.1633150119698,191.434884890238,-10.7210788719503
77,101,0.0230445698060231,0.195616412102154,0,112.485715227477,1,3.65663743458325,-4.09476935000687,-3.64955023275735,4.15492985656858
93,103,0.0022339958250767,0.0123809738214386,0,1385.94619150161,1,-160.641170321189,17.4154452414951,161.231635461325,-14.1430427775182
97,104,0.0123911904696639,0.0123480305310257,0,935.256542468691,1,143.629871998888,-15.7234449164786,-141.04299205454,18.3013144610642
103,104,0.0064354534308169,0.0652243900941213,0,59.7450286351974,1,-15.1214896065564,18.6814709274476,15.1589982629395,-18.3013144610635
102,105,0.131904148792596,1.09678663405502,0,4.95517569693864,1,1.68901490010316,2.39192765303155,-1.67771504608584,-2.29796905531936
101,106,0.0185758519693276,0.205328727100879,0,49.4005596670456,1,-8.05976222164718,-0.562144535338676,8.07195581539255,0.69692678310078
102,107,0.004887380241919,0.0255544617000901,0,1289.57287690336,1,-120.24291004356,41.2373329424834,121.031976587154,-37.1115703111784
103,107,0.0139587381994599,0.297315481779164,0,3.68735923162979,1,1.1215791343229,-0.308078471510097,-1.12138859748908,0.312136829058896
105,107,0.0055722472408171,0.0156843028306044,0,540.841103267101,1,-311.724199314028,-31.9761471429666,317.514404403737,48.2739397845184
92,108,0.0001519155973221,0.008652655231012,0,1498.89468098502,1,-322.805658500837,-109.812570277786,322.986044335093,120.086804522931
101,108,0.0113753964925484,0.112090021753191,0,227.339217922091,1,11.7093124544046,-3.59278532122991,-11.6921517393613,3.76188227743326
102,108,0.0023898882877154,0.0218403550427973,0,165.681599888493,1,11.6529968354866,0.71027277411015,-11.6497422947573,-0.680530662148649
106,108,0.0049618808969006,0.0106628721261393,0,1125.54416542146,1,233.345233285506,-104.347510717558,-230.103219653403,111.314460853725
86,109,0.040195439956052,0.132471940951155,0,86.2058531124749,1,-8.82161246332406,6.82979063873414,8.87227576651214,-6.66281980533465
95,109,0.0031739875245439,0.0455475824745467,0,3290.91399502543,1,43.6576566934556,-18.8447974486218,-43.5830428024039,19.9155270372358
79,110,0.0462846797282268,0.290229907109838,0,128.161876454633,1,9.72863663762458,-5.23933884414483,-9.67013768956785,5.60615880185479
61,111,0.063326491768982,1.20553896562441,0,80.7615822800961,1,0.0,0.0,0.0,0.0
105,111,0.0002658910162656,0.0086115657130061,0,544.438083952273,1,313.401914360114,34.2741161982853,-313.122243703275,-25.2162613177805
109,111,0.0027185407425603,0.535976025402282,0,47.5929722400813,1,0.869737947073098,3.6296347669163,-0.869350216211371,-3.55319138575195
103,112,0.0023486833946092,0.0163709933386082,0,2135.72638434912,1,-147.231724989091,-4.23034967841801,147.745849287106,7.81394271497921
107,112,0.0005897087374665,0.0062826255184704,0,1995.2023928414,1,-437.424992393403,-11.4745063024028,438.562503473378,23.5932959430308
63,113,0.0065861134596024,1.61156331693248,0,80.7615822800961,1,0.0,0.0,0.0,0.0
78,114,0.0114002278524028,0.0046151189111461,0,1144.5527025777,1,190.786433254992,-117.563460767012,-185.036525406506,119.891178141827
92,114,0.0009816818050849,0.002739592172366,0,1521.87230212592,1,610.25617993115,66.4762079169913,-606.478028697882,-55.9324721656896
62,115,0.0014809336489309,0.0139780410422187,0,326.425965177332,1,211.567020733569,-66.1880533552997,-210.829517606823,73.1491005175858
65,115,0.0031670124147325,0.0287141959389732,0,101.874922318228,1,67.3175006348784,-27.8214168951436,-67.1474004720153,29.3636556887085
79,115,0.0039806002616036,0.007538771360401,0,1591.73528985395,1,395.271727723005,-417.465081501467,-381.652646821347,443.257959537163
109,115,0.0031291051678861,0.0895703367467706,0,402.947199698133,1,44.0105448280331,-13.5492120814936,-43.9426116181474,15.4937937300086
110,115,0.0063700972577425,0.0990481367956035,0,211.272412710934,1,15.4951038019052,-6.64039210986235,-15.4767904941947,6.92514427829818
78,116,0.153268052121485,0.295791809094331,0,38.7296678362892,1,5.88259858384366,-0.805631467626126,-5.82833289359268,0.910358750767744
110,116,0.0095091392468245,0.349871382962971,0,28.3223904211813,1,-5.82496611233733,1.03423330800751,5.82833289359264,-0.910358750767739
63,117,0.0567952689361206,0.0125332750663642,0,4145.46818633727,1,24.8082774170334,-19.7923664436012,-24.2059826943252,19.9252776098325
64,117,0.131518901246937,1.0521968731759,0,80.7615822800961,1,-6.996346303309949e-16,-1.07491815193637e-14,6.996346303309949e-16,1.07491815193637e-14
111,117,0.0011533278256848,0.0083460813326273,0,548.578643999266,1,313.991593919487,28.7694527035355,-312.76943554069,-19.9252776098335
65,118,0.0002836691056723,0.0034910914630811,0,608.029678983176,1,535.952477707775,-34.9295197725677,-535.124116968003,45.124084669278
86,118,0.009157229554861,0.0147256557750233,0,1470.08205728233,1,118.44959036949,-71.9935503998078,-116.667906331455,74.8586599492387
63,119,0.0211426150077156,0.0272510701394452,0,926.29187389954,1,-130.811733717972,13.2827043331751,134.660248451328,-8.3222893186124
67,119,0.0008302019694168,0.0823642686887148,0,559.279372379738,1,-20.5484013015205,-7.17208859753354,20.5523834678918,7.56715899371474
85,119,0.0231377056251293,0.224148534525728,0,87.2252786806203,1,-3.46029843473866,-0.345896139514763,3.46310556983759,0.373090504800397
102,119,0.0062128214112134,0.0136681609935382,0,749.189105401935,1,106.90089830797,-44.3395333696228,-106.069481237279,46.1686447544235
109,119,0.0365075363690835,0.228170056448189,0,47.2719756513069,1,-10.1695157392143,-3.33312991732397,10.212323160961,3.60067390434104
115,119,0.0148191254854287,0.0020380887718375,0,3934.80909089861,1,-43.9969397546463,415.938807502845,69.9216397357332,-412.373358246298
63,120,0.0322266088294922,0.202223150407341,0,233.750104992679,1,7.81378279670693,6.50966211042606,-7.77868732334119,-6.28943673000809
65,120,0.0046967169852476,0.116833454536784,0,177.665536983998,1,10.8965668618148,29.6772147313897,-10.8490465507706,-28.495120490371
66,120,0.0168097431415092,0.0256683957442262,0,245.382872213576,1,140.732938515419,-29.1976951480705,-137.074209028062,34.7845572203799
122,125,0.0107874912763375,0.0689146748376656,0,4597.90496523347,1,-47.8407505176489,4.12315714046622,48.1003908107606,-2.46447432754981
123,125,0.0018652379897522,0.0039084983103978,0,1220.35535037857,1,322.27173004937,-76.0788710959217,-320.162552573639,80.4985304881908
123,126,0.0301188197320427,0.392145983887705,0,14.2538075515722,1,1.74859819930273,-0.825408151493128,-1.74743684962104,0.840528883899445
124,128,0.0438328068465234,0.0053263743651871,0,274.58620882408,1,50.3311096285322,-32.5411120081076,-48.7565718387596,32.7324430754934
127,129,0.0027938340976136,0.015944511824734,0,408.751239081979,1,-128.92224968858,-68.2736428771955,129.534945350403,71.7703190875846
128,129,0.0698900563800783,0.355553862852675,0,12.4415943887,1,0.545843531592147,-5.66388971217869,-0.522273026640081,5.78380067690191
129,130,0.0086065224206482,0.0360325684533605,0,2022.1186749431,1,37.7608594458832,-6.93972690415617,-37.6339956635016,7.47086221055481
122,131,0.007079034289913,0.0311713580033919,0,178.573025527144,1,-53.5732336283263,13.1612955661157,53.7981194461047,-12.1710480198021
128,131,0.0105599591272205,0.0321341524067653,0,208.280786811191,1,56.8612163505524,-14.38310353651,-56.4828272047935,15.5345487582571
130,131,0.0811434336141192,0.473601502237858,0,80.7615822800961,1,0.809985270725242,4.23676583205231,-0.794867914117373,-4.14853191735996
123,132,0.0038592656325173,0.0150318482777735,0,1063.92949667681,1,236.430257322593,6.0764064444368,-234.203979196826,2.59495183903362
129,132,0.113004808754249,1.1953933247471,0,18.7352122274606,1,1.85551833922906,1.91830780258679,-1.84746917266863,-1.83316169170719
131,132,0.0577144254067933,0.174930502042376,0,117.145845035124,1,3.47957567280596,0.785031178904537,-3.47190781175365,-0.761790147325036
124,133,0.00038954211735,0.0314347653546789,0,95.1498878166064,1,73.983259326406,-14.6666523937569,-73.9610997035944,16.4548609401596
130,133,0.0130217974669628,0.0477581810484363,0,973.578153689272,1,-30.7458278629546,-2.36860353751255,30.8698149795264,2.82333332239327
130,134,0.0097142901612973,0.0211712132361716,0,242.65970006268,1,67.5698382557315,-9.33902450509325,-67.1172552931077,10.325378654462
125,135,0.000424842021167,0.0041370045574294,0,808.896396283885,1,272.062161762879,-78.034056160646,-271.709048121471,81.4725878289165
134,135,0.0147368515673206,0.0659595733392196,0,435.707121133622,1,-23.6598506698285,22.1026683609646,23.8159342307865,-21.4040656072472
136,138,0.016915840762157,0.28794761176794,0,19.2505809705619,1,3.26513767893644,0.190621322112157,-3.26329859170268,-0.159315708383662
137,141,0.0098152342405867,0.866083000537676,0,3.30528632935912,1,0.751944780501851,-1.97161711780276,-0.751490016269179,2.01174489891477
139,141,0.0370633685491058,0.27684994706966,0,94.3384247016573,1,4.11676334258271,0.30681920247329,-4.11044704836813,-0.259638771027383
134,142,0.0006278952603748,0.0099535016488489,0,420.920298092945,1,-249.060683728497,-32.4280470154242,249.460866349641,38.7718094719372
140,142,0.0037188461822757,0.0160178998878215,0,619.537149457617,1,128.423049422259,-82.2740412832653,-127.542630676165,86.0662011745528
139,143,0.0049355881599158,0.0080855783341871,0,331.620888197419,1,-162.813360283129,101.426163569059,164.629432499396,-98.4510380745093
137,144,0.0020167290843675,0.0243033968104827,0,632.661167220465,1,-117.089559749514,9.00616021510711,117.37896632434,-5.51855105526688
140,144,0.002761915869899,0.0054067206138777,0,1726.28614983108,1,416.950327900244,-18.9866554513362,-412.053418057176,28.5728357117013
122,145,0.0032275649980523,0.023480595080281,0,628.382061444963,1,101.413984145975,-17.284452706582,-101.057411512914,19.8785252097396
135,145,0.0053324004102532,0.0215892748537699,0,575.723940382592,1,208.267352087668,-27.9039572499513,-205.835262019232,37.7507536112345
137,145,0.001795250396496,0.0196838661806889,0,693.237644709933,1,116.337614969012,-7.03454309730508,-116.083860906862,9.81680734965344
139,145,0.0043551853993208,0.0168093229902847,0,599.831872376152,1,184.888144410425,74.1154758177521,-183.160149271636,-67.4460861706277
136,146,0.0784926501117226,0.276978774188252,0,37.9728921101883,1,-3.26513767893645,-0.190621322112109,3.27367138605712,0.220734405747329
138,146,0.0047022519417307,0.0703360386505723,0,1359.55119222261,1,-26.2582388332227,-3.95068007894143,26.2920079480722,4.45579673297922
139,146,0.0189749128259081,0.0381640324955269,0,151.754918519271,1,-56.1814882069551,41.9162907930044,57.1137892497256,-40.0411640075297
140,146,0.0005301990769647,0.0184019877758211,0,538.166778782736,1,103.938450680629,-22.7602266024858,-103.877359860502,24.8805481458857
138,147,0.0218602336083273,0.0600473131351177,0,1264.52824705503,1,29.5215374249256,4.10999578732543,-29.3237352546749,-3.56665809621656
139,147,0.0203616661486256,0.0397820617137832,0,1246.13443106908,1,30.6643440441701,29.5515430685542,-30.2950657437958,-28.8300573105705
144,147,0.0006068171734218,0.0102897153703969,0,552.020743257463,1,294.674451732836,-23.0542846564322,-294.123498939999,32.396715406787
121,150,0.0021887531051958,0.0044878009223341,0,852.279679363816,1,-362.4079477283,-1.55431223447522e-13,365.440533321992,6.21798794579447
124,150,0.0053857005742479,0.0229298815008852,0,880.973627671048,1,141.856578737201,47.5709022280733,-140.650920744471,-42.4377548273276
142,151,0.0117690127869233,0.0531899242305229,0,1243.30836575106,1,37.6643736437329,27.609338420493,-37.4077055258754,-26.44932967648
143,151,0.0038571750265448,0.0008099427679289,0,1073.03809002537,1,523.866593263486,-145.966790349774,-512.459286970021,148.362135432732
146,151,0.00623648358875,0.125475646357436,0,242.279753265973,1,17.1978912766477,10.4840847229163,-17.1723409951285,-9.97002290545042
148,152,0.0838627657911138,0.713909553391429,0,80.7615822800961,1,0.589276461143703,-0.422106797934047,-0.588825730391386,0.425943792660504
149,153,0.0079573459755903,0.0105041218489381,0,843.054136852265,1,-210.581112837858,4.1078251911130797e-13,214.235122426929,4.82348789137976
151,153,0.0006799587744844,0.0157954174122003,0,857.09590179659,1,-123.727051914155,-111.382374584872,123.922858705488,115.930959171641
152,153,0.0004329028486951,0.0054880447357632,0,621.598409861571,1,184.074856170273,-170.709420332154,-183.797204136393,174.229301958021
150,156,0.0014070480790656,0.011173120804025,0,1064.99583060555,1,-221.557289418672,32.7704334857564,222.289332921105,-26.9574050553994
154,156,0.0450741114586668,0.932984666748454,0,80.7615822800961,1,0.127706635514587,0.270717102959767,-0.127664953278859,-0.269854326400206
155,156,0.0056314542264456,0.0089511744985624,0,966.172989043677,1,225.089077846709,-22.5741528126905,-222.161667967826,27.2272593817971
148,157,0.555041908509536,0.554196711310481,0,80.7615822800961,1,-0.589276461143687,0.422106797934067,0.59225960216736,-0.419128199526725
152,158,0.009457302572408,0.0079582548380239,0,537.291594950901,1,-182.694552816086,169.677210906158,188.677670576302,-164.642458607905
157,158,0.0191102944315987,0.0500669188734984,0,4216.94036309321,1,-39.1405367885976,3.72182053338954,39.4421353988937,-2.93166456755127
158,159,0.0013862958288092,0.0040087661121625,0,1074.53480904339,1,-778.729252900682,173.674854330896,787.632712472014,-147.928627393734
155,160,0.0005323040169231,0.0049338171455468,0,1649.32718644827,1,416.952656216742,70.593614286118,-415.985681449042,-61.6309227855614
158,160,0.0022040092188596,0.0043507459958412,0,2060.90024049158,1,422.754973704096,-5.9463658818099,-418.780083346813,13.7928567938606
152,161,0.303900321036096,1.11428561931528,0,80.7615822800961,1,-0.791477623795506,0.606265633333818,0.794551674801482,-0.594994270350974
154,161,0.660918827152496,0.650909514725879,0,80.7615822800961,1,-0.127706635514601,-0.270717102959797,0.128317819483816,0.271319030828193
160,161,0.011483914279785,0.126818505640668,0,80.7615822800961,1,0.922982253459529,-0.322430023856139,-0.922869494285276,0.323675239522821
155,162,0.0078264453938126,0.012416877309687,0,552.403858772672,1,77.6355254930469,-31.1473492182073,-77.0792229411631,32.0299389746334
157,163,0.0005790335392071,0.0470510304183355,0,8993.80278913457,1,38.5482771864301,-3.30269233386295,-38.539428288411,4.02173491374115
162,163,0.0007158618345342,0.0533359754848815,0,81125.8111560706,1,52.5827520910673,-2.11663438170599,-52.5625260006098,3.62359873257917
155,164,0.0010397972518505,0.0013050242150014,0,2793.62307486792,1,-719.677259556492,-16.8721122552106,725.150829244535,23.7418563064488
135,165,9.19696154200663e-05,0.001742886700895,0,2406.70346387765,1,-926.994068782097,-32.1645649717019,927.811419510887,47.6539166306027
151,165,0.0211131835561292,0.507569012852062,0,16.5972676971268,1,-5.41267227708867,-0.560408265929175,5.41916829742229,0.716575080821791
160,165,5.59097718594253e-05,0.001627111690174,0,1893.81773476878,1,833.842782542401,48.160496015594,-833.442126886639,-36.5004323175501
133,166,0.0395984694863284,0.0615646695215075,0,1031.92473652884,1,43.0912847240672,-19.2781942625547,-42.2168801780919,20.6376515243982
158,167,0.0194410063076049,0.0068076387131692,0,1054.45455400225,1,127.854473221389,-0.15436527364221,-124.648206780498,1.27710054785523
162,168,0.003403960752642,0.0355863712932487,0,241.281082597616,1,24.4964708500967,-29.9133045929261,-24.4445568266944,30.4560346202004
163,168,0.0147533399479551,0.786630635308449,0,3.20725357466247,1,-2.38384142606813,-1.0410668524449,2.38485750368942,1.09524290936324
166,168,0.0266648572210284,0.0061688684106238,0,503.207110551952,1,-38.4545488049707,188.746519023264,48.3482776328322,-186.457622040859
165,169,0.0025952609016997,0.18913560329338,0,80.7615822800961,1,1.05788686643396,3.95470478174358,-1.05743902444774,-3.92206726765459
150,170,0.269426069429006,0.193562310991537,0,515.271773680452,1,-3.2323231588491,3.44933339577805,3.29476747840502,-3.4044718616765
141,171,0.0009418456868784,0.0145606239184272,0,459.059966905962,1,-180.888033323155,-1.7521061278892,181.197668418116,6.53896265066136
163,172,0.0011238012056801,0.0315265516820493,0,240.877690338874,1,93.485795715089,-6.60426679387554,-93.3853309124907,9.42265564710975
166,172,0.0275071161059821,0.0815536972028513,0,354.86416970258,1,-1.57769911348058,9.49826089472043,1.60319988653665,-9.42265564710956
170,173,0.0115538532178492,0.842203242566495,0,80.7615822800961,1,0.0,0.0,0.0,0.0
123,174,0.0004788547706009,0.0080401829394626,0,811.51326881549,1,230.157393016579,-25.8068311078778,-229.892505403167,30.2544110443861
166,175,0.0050329291956693,0.0119934577344216,0,428.533213685001,1,133.213622893491,30.9919028989368,-132.272144668692,-28.7483626348054
171,175,0.0043713178684024,0.0943982414601107,0,2039.77090457265,1,35.6094491998063,9.86924194449482,-35.5497617040247,-8.5802954966349
174,175,0.0038054881320284,0.0282860137338407,0,885.907937616905,1,152.948142452611,-30.2544110443832,-151.996401299328,37.3286581314411
167,176,0.001123628847192,0.0205629493455398,0,776.093064234597,1,124.648206780497,-1.27710054785497,-124.462894692852,4.6684010478994
169,176,0.0158030790688146,0.195679045792334,0,80.7615822800961,1,1.05743902444768,3.92206726765452,-1.05471202219757,-3.88830060763514
126,177,0.0037660742338731,0.0204903583482577,0,877.004906291621,1,-126.993708047633,-0.840528883898495,127.616591377572,4.22949624009605
128,178,0.0066462541744099,0.221326777999069,0,2.53979644159928,1,-0.178280906694557,-0.295937097846884,0.178289170024026,0.296212274817087
170,178,0.0204487882177204,0.309187751949787,0,17.2114092346969,1,0.84461640353558,1.09332010267222,-0.844213383175849,-1.08722639395518
176,178,0.403067432322268,0.981348671816429,0,11.8935348164227,1,-0.661441659043003,-0.780100440263845,0.665924213151778,0.791014119137992
128,179,0.008601172467045,0.0889398711261179,0,82.1920275118179,1,-8.4722071366903,-12.3895127289571,8.49239014995171,12.5982138804902
171,179,0.0003657521359921,0.0191964392491306,0,1104.67411245447,1,-141.775104335281,47.2308527550878,141.856780202134,-42.9441086410418
177,179,0.0012248825111999,0.0082617277908278,0,2536.14922615225,1,267.858864788129,-24.2832176828859,-266.960013202662,30.3458947605503
129,180,0.0006457489799293,0.0122648131103431,0,1206.17936035467,1,-164.945232832733,75.1692890408935,165.157408847131,-71.1393962435864
170,180,0.0013586265973581,0.0020330902924412,0,1770.25461285098,1,-574.547100340073,2.31115175900447,579.17809519476,4.61881023475874
181,184,0.0068092974109418,0.0478870589074898,0,250.846430216951,1,-4.36832203362469,-3.92948293865175,4.37074626026885,3.94653155279036
184,185,0.0134008969305589,0.085738772290637,0,2005.48607633907,1,-8.23572785649372,-3.94741020489495,8.24720300522972,4.02082806413044
183,186,0.004826206213207,0.0230499647664458,0,2537.05702106228,1,162.462975655885,21.3626270036418,-161.157239414138,-15.1264296600269
185,187,0.0450703863033983,0.163304008092411,0,150.363497890337,1,7.9184953077581,-3.81464360491607,-7.88307840462237,3.94297004519444
181,188,0.012759569404663,0.0424026052611891,0,158.201523981974,1,-70.7424048171771,3.92948293865143,71.4029385909056,-1.73439688356416
184,190,0.0063908466007344,0.0323209244007494,0,441.79256740788,1,3.86498159622429,0.0008786521047242,-3.86400151185899,0.004078004603846
186,190,0.0002180997365513,0.0006716330189691,0,2333.63763454733,1,-1213.50936304516,15.1264296600317,1216.82639357101,-4.91171202068443
189,192,0.0031149539395311,0.0024114611750909,0,886.973827423744,1,474.426675068166,-594.22707116356,-456.416432465537,608.169813699504
185,193,0.0734759853243571,0.295132513950581,0,7.98286075621094,1,-3.53760490430905,-0.913574062755679,3.54758192148401,0.953648954539363
188,195,0.0102892185769356,0.103103344978459,0,80.7615822800961,1,1.42931364102344,2.04663192086592,-1.42866297908621,-2.04011194836491
191,197,0.0006083523944142,0.001073368128551,0,4045.23228400336,1,-993.068068971303,-18.8071601827765,999.146518636817,29.5318884847783
196,197,0.001061120807901,0.0319244279813581,0,226.980528010486,1,-98.050067997861,-27.4730263620423,98.1624170783017,30.8531128711297
190,198,1.90103352258354e-06,0.0002856154163852,0,1903.75142991204,1,-1212.96239205913,4.90763401605467,1212.99112112896,-0.591316000508479
192,198,0.0010273358056693,0.0080284538908484,0,1986.26875090678,1,594.148348474417,103.182245587192,-590.412351043771,-73.9860636350495
195,198,0.0022295647655197,0.005405703722455,0,2876.49053974003,1,424.0853215997,-101.044323087218,-419.765470608318,111.518041969799
183,200,0.0074839241151072,0.0556797727012433,0,55.9430420318426,1,4.64168770341414,-3.51410825304663,-4.63913176169293,3.53312424678008
194,200,0.0575787597855123,0.0608661511380496,0,42.6763725988058,1,-4.61946721778136,3.55391151462326,4.63913176169277,-3.53312424677951
192,201,0.0151634433177599,0.13542661314157,0,306.695627950241,1,11.2179352564151,1.85173782069019,-11.1983333209406,-1.67667047769281
195,201,0.0712503767806164,0.63381050794254,0,4.27358602032058,1,-1.10090004734635,-0.729789376632002,1.10216722709217,0.741061623525938
192,202,0.0001237385757955,0.0186313185193367,0,5311.20349560563,1,-98.0688218570849,5.81753749442933,98.0807642847305,-4.01936605170238
197,202,0.0012606228081466,0.0056306500511224,0,1983.77444911524,1,-479.933526094551,128.870508699605,483.046555928913,-114.965967640438
194,203,0.0019902933203332,0.114372311297965,0,91.6576470231438,1,5.65901181719893,-2.41488166386697,-5.65825431896,2.45841134037536
196,203,0.0017791563268479,0.0008088450761476,0,2035.46929178083,1,-590.462084974923,27.4730263620518,596.809875573558,-24.5871758650252
199,203,0.0033083745464893,0.0080547717814113,0,1473.58616697207,1,523.910863374036,-207.312470997394,-513.396064102892,232.912446836373
202,203,0.0028980067784225,0.179052115732396,0,1089.08274179696,1,30.5064534197379,-0.1030453304875,-30.4794400423636,1.77205535764399
197,204,0.0004967117330043,0.0032092019765941,0,700.354984367524,1,-600.094849863157,126.558361010832,601.963135914506,-114.487562415906
195,205,0.0031757391955712,0.0039488095406082,0,2553.53372493975,1,-421.555758573263,103.814224412213,427.657969646833,-96.2265518036671
199,206,0.0079342221014233,0.0940416395693668,0,229.661879527261,1,78.3803744830473,6.35542739834514,-77.8891716223533,-0.533366736274726
201,206,0.0271278303349864,0.455271157560277,0,204.891560768346,1,10.0961660938484,0.935608854166675,-10.0680465852407,-0.4636949164963
182,207,0.0027100868135663,0.107499299601359,0,42.163958510394,1,5.17715830729568,2.16725273583587,-5.17629557846852,-2.13303141709388
198,207,5.39685979154833e-05,0.013509723002917,0,616.21502055132,1,-202.813299476893,-36.9406623342179,202.836856722314,42.8376445171803
205,207,0.0019081419664645,0.0092813189446209,0,482.298337181196,1,200.731591616562,43.7167370905754,-199.926273180055,-39.7996190812431
206,207,0.748704624942959,1.52290030722674,0,20.6931198802778,1,-2.22044875600629,0.997061652770866,2.26571203621093,-0.904994018842483
199,208,0.0016575754050256,0.0477973103850958,0,68.1712059479529,1,5.53073772090238,1.10040947673716,-5.53021001039622,-1.08519258658539
199,209,0.0001924851562102,0.0015797945769053,0,3163.2229165392,1,-731.499226378036,197.300984829932,732.605389614209,-188.222307200524
208,210,0.0013742016768481,0.0114080988714044,0,407.384585330777,1,243.827726339689,6.80373814842716,-243.008158725681,1.58761892521397e-12
208,212,1.38197615741666e-05,0.0124364996551385,0,2685.75187680259,1,-238.297516329293,-5.7185455618424,238.305387144696,12.8015471402622
209,212,0.0018178219691102,0.078200202929118,0,6370.45286798623,1,-19.2860832265247,-2.22544047091483,19.2929650715468,2.52148798623742
204,213,0.0003195036766175,0.0032759945370514,0,698.279521108596,1,-601.963135914505,114.4875624159,603.164887801397,-102.16553639721
211,213,0.0658417996874859,0.163752138808698,0,92.813911827575,1,-10.5930487015567,5.92981061336802,10.6900832742212,-5.68848035071381
182,214,0.197902019105685,0.427277520512662,0,2.10760912364169,1,0.547323945651689,-0.635734466180943,-0.545916497370553,0.638773197238521
199,216,0.0009583839403619,0.0223999624193166,0,652.03889448913,1,124.676288509434,-12.4659826373655,-124.525654387912,15.9866996684701
211,216,0.0009927349870563,0.011631269738816,0,679.663324438324,1,201.707328343549,-27.0152090419169,-201.296180518906,31.8323770810155
209,219,0.0006710377798055,0.0014873216368385,0,3501.8172005458,1,-739.352095573324,190.447747671432,743.280994241313,-181.739540512755
214,220,0.132195289896842,0.436925159126119,0,2.14786375111499,1,0.545916497370536,-0.638773197238518,-0.544976345095282,0.641880540796589
215,220,0.0004347024020341,0.0750370717598916,0,264.66243967685,1,-11.796287888416,5.17605039090453,11.797006008471,-5.05209058333815
216,220,0.0229685037773422,0.0172585465654286,0,939.697342125213,1,19.3267644165388,-8.51697012285091,-19.2246010597204,8.59373572621899
218,220,0.0069573351656779,0.147653921595247,0,130.736944398263,1,-7.96691421969162,4.3035866406726,7.97257139634571,-4.18352568367664
215,222,0.0121554648245839,0.0877962179343817,0,40.0319676604523,1,3.17919218061744,-4.94869326124038,-3.17500567613475,4.97893145165514
215,223,0.217417786495001,0.0398051308742895,0,80.7615822800961,1,0.232097681061774,-0.227357129664526,-0.231869205044391,0.227398959350681
218,223,0.046583545562856,1.07341714942937,0,80.7615822800961,1,-0.231820252182143,0.228526972284967,0.231869205044452,-0.227398959350761
216,225,0.000238688778898,0.0070393682703586,0,1194.30847312248,1,408.152093142377,-70.0413472837115,-407.7439172332,82.0792007473156
218,225,0.0447993097066962,0.115317561509333,0,146.299446534329,1,8.19873447187376,-4.53211361295745,-8.15974505517437,4.63247597317865
188,226,0.0006237631509278,0.028336472655329,0,541.975281809143,1,30.190773844236,-20.5645303748262,-30.1823274606204,20.9482348594599
193,226,0.0109863204347181,0.115364884121871,0,7.00605475544222,1,-3.5475819214841,-0.953648954539209,3.54907371104205,0.969313901735083
194,226,0.0060951160596926,0.0897479055804247,0,12.4873679426183,1,-1.03954459941738,-1.13902985075633,1.0396903232324,1.14117556989659
224,226,0.0001247507319939,0.0131849288594205,0,1432.87383380704,1,254.058810021185,13.9058213664038,-253.978047331903,-5.36999720202693
217,227,0.0047861424013521,0.0063868779282118,0,1253.56520745549,1,-595.257760374008,64.7226282188612,613.341500903732,-40.5907421270117
222,227,0.0234976320600567,0.0343117540526295,0,2971.87395313384,1,50.9066685143703,-15.9988165684821,-50.2458180775938,16.9638047679014
225,227,0.002928673590558,0.0026651233801292,0,2905.90002677526,1,279.296227654978,-86.7116767204902,-276.820204694475,88.9648833267324
226,227,0.0001068909452989,0.0089014308854199,0,392.814340107163,1,279.571610758249,-17.6887271290628,-279.487462844553,24.6962134584002
188,228,0.0080601625764255,0.0296970884752993,0,341.546670855139,1,-103.023026076165,20.2522953375235,103.924700425087,-16.9301411425002
189,228,0.0088928511548906,0.0177299730100829,0,89.8143905934721,1,89.2954121422209,-18.6988980269818,-88.5552317353145,20.1746203131717
216,228,0.0018624919593813,0.0266014846106774,0,263.741796658825,1,-101.657022652099,30.7392406570697,101.86649833182,-27.7473544143722
221,228,0.0010667206462481,0.0179467674880634,0,536.765131370032,1,117.390362283374,-21.9052918237149,-117.235967021592,24.5028752437007
222,229,0.001488085052874,0.0679385262944807,0,3374.40860911742,1,-47.7316628382356,11.0198851168273,47.7669337335178,-9.40959231673626
202,230,0.0005110349680589,0.0022313420670676,0,1100.76753813143,1,-652.630353672558,126.414315540782,654.892249239355,-116.538156285621
224,230,0.0170961842092878,0.0176444066727382,0,371.289299314836,1,-83.0179692017347,83.7501141919702,85.395375662625,-81.2964715598586
224,232,0.0203166459470544,0.0181941644507601,0,17749.5880869497,1,20.1482500095299,-22.313935998365,-19.9646152180622,22.4783864496625
230,233,0.0030430142542898,0.0419528204773682,0,929.041231204432,1,43.9385533611847,-7.50589886135176,-43.8780707332349,8.33974866300712
232,233,0.0121580396464862,0.0400221376752137,0,2008.165225784,1,-43.6364188292063,9.13522441845223,43.8780707332352,-8.3397486630068
232,234,0.209883582752168,0.531299659650549,0,3.78262893782805,1,-1.48561759924134,0.546837520904988,1.49087747266269,-0.533522668347565
229,235,0.0035124551517549,0.0391031023515734,0,1803.29434554493,1,-57.3170040092413,5.80266177746814,57.433579228628,-4.5048650687878
230,235,0.0060401142170246,0.029417267373424,0,284.392009145854,1,36.9466110639873,-7.92672653944606,-36.8603367707825,8.34690964517345
234,235,0.0039929370513001,0.0239170577754421,0,104.027128950681,1,-68.0274558878995,13.0068511102706,68.2188964982498,-11.8601523069871
183,236,0.0003780873626173,0.0300942989286698,0,2130.98190566371,1,-40.3474045719373,-11.7863299309724,40.3541356246073,12.3220958178656
231,236,0.143849256634751,0.0257129903950074,0,14.7629353040326,1,1.58656551047091,-0.58103164465997,-1.58247633777178,0.58176258245413
183,237,0.0012743379026063,0.0084090721519155,0,1522.35413983426,1,-243.980528208013,-5.3990806794404,244.745249996788,10.4453095366337
231,237,0.0257508067807772,0.44166271738768,0,17.7207531786765,1,-1.58656551047071,0.58103164465998,1.58729752326335,-0.568476591068358
234,237,0.0023020303984186,0.0100512786979059,0,77.6812351601782,1,66.5365784152371,-12.4733284419237,-66.4311367464001,12.9337148905915
183,238,0.0004273196273507,0.0028963794252783,0,343.806649408276,1,-169.284930250272,-0.663108140195667,169.408323672854,1.49947077721886
229,238,0.0076179598411138,0.0268317362799439,0,112.606492493956,1,60.6393186633459,-5.40436405383245,-60.3569716185997,6.3988378502374
232,238,0.0016614781260257,0.013099106663391,0,523.836254079224,1,104.298854262159,10.5971217178338,-104.11624867816,-9.15745785186802
236,238,0.0918643242715179,0.122215914901436,0,42.8302740434388,1,4.95907868809353,-1.22725256906326,-4.93510337609445,1.2591492244216
182,239,0.013018766391638,0.121242592241864,0,57.4687429378436,1,-5.72448225294749,-1.53151826965527,5.72910230370949,1.57454438394463
229,239,0.013199492193302,0.116694774354747,0,60.3228089826591,1,5.73378648976299,1.61595658575816,-5.72910230370948,-1.57454438394427
202,240,0.0044411758087023,0.0336736678252135,0,2244.85656064544,1,40.9965800391783,-7.32593651815389,-40.9194301071294,7.91089899125936
236,240,0.0065531088032045,0.0332499629342075,0,978.052687315758,1,-40.8055927089599,8.48850107041526,40.9194301071296,-7.91089899125904
241,247,0.0008995581311119,0.0012920516952299,0,5632.54684974608,1,-750.716898631318,159.380524172389,756.066103454094,-151.697364051478
244,249,0.0005826264242213,0.001328029708057,0,813.50443692116,1,-758.28702075696,1.70585434487591,761.667261997197,5.99901553539771
243,252,0.0012500278974628,0.0158734912527766,0,1219.64214463257,1,120.713824290774,-18.0986316151673,-120.526997356342,20.4710552350801
245,253,0.144535341347743,0.268864997929744,0,7.88090009522552,1,2.54511740129513,-0.935578295405285,-2.53435775418715,0.955593417453896
246,253,0.0341471158916606,0.305756579190904,0,7.23098906689669,1,-2.53181573980279,0.97835486017336,2.53435775418711,-0.955593417453804
244,254,5.71470068482336e-05,0.0074225702405266,0,617.10014184649,1,309.495705479502,7.17769778590066,-309.440443766748,-6.6557870326278094e-12
244,255,0.0003589211856833,0.0035928359898671,0,3311.60513537712,1,448.791315277461,-8.88355213076546,-448.061612181564,16.1879511170434
246,255,0.0001345247573664,0.0155387552552842,0,843.922561869719,1,-197.676417851573,7.62518428687757,197.729613378123,-1.48064789133902
250,255,0.001223393797859,0.0124546118180721,0,352.076076682616,1,-181.800221010733,6.70962779999289,182.211091084973,-2.52681496305136
251,255,0.0006292511057547,0.0455037790181298,0,243.197290189416,1,-68.090431728399,14.3843345566474,68.120907718467,-12.1804882626509
251,257,0.00078156066311,0.0030700302005343,0,510.994523860438,1,-472.753796087527,124.257896566321,474.62122725357,-116.92248378549
252,258,0.0010620739654057,0.0036879012494641,0,1011.46415560301,1,526.506982655624,43.0372301435912,-523.543139867094,-32.7457063146839
250,259,0.0009053322517677,0.0678306900639663,0,1731.81148804872,1,43.8330642094718,12.6083329658022,-43.8139527516258,-11.1764350396084
251,260,0.0082439740034887,0.0899606881768236,0,1198.99873560777,1,-44.6051153971364,11.352306863264,44.7797632601646,-9.44649760913633
252,260,0.0008962413193557,0.0094839658069632,0,1036.86774097751,1,-397.575374031078,105.460703012338,399.091708030528,-89.414957862965
258,262,0.0015693177726441,0.0259756444116477,0,338.726475958213,1,-86.3934508473924,32.7457063146827,86.52930429576,-30.497034357731
251,263,0.0104107175347314,0.0107181022422524,0,431.314673144369,1,177.027575153727,1.28204155266854,-173.764814011313,2.0770552050502
252,263,0.0755986782069789,0.433510294752552,0,48.3284777434136,1,5.47788498130616,3.33894535644999,-5.44677175564929,-3.16053081342997
256,263,0.0004637452851036,0.014920874008274,0,458.94442244939,1,-177.472904945483,7.60502771868232e-13,177.624866898007,4.88933304659669
257,264,0.0001242067417566,0.0025872905985397,0,826.225502225876,1,-318.234204403158,16.5940105801116,318.360334324891,-13.9666591491159
261,264,0.0134728780569255,0.0228859538738612,0,210.922899794971,1,-72.3231124452556,1.3322676295501899e-13,73.0421116810489,1.22134137013494
262,265,0.0793717949204581,0.253305985959621,0,39.5433138290135,1,4.48775445984565,-0.0700085025327654,-4.47131027327013,0.122488239169559
265,266,0.095435430298766,0.0380100870881986,0,40.2004699749313,1,3.17814251164009,0.0039755485942342,-3.16816073522654,9.99200722162641e-14
259,267,0.008149357386488,0.136726617423247,0,26.2341532031463,1,-8.42074958381293,-0.390785516721526,8.42672876794193,0.491101846235439
262,267,0.0367165069321628,0.273268749629201,0,56.8468751178646,1,5.98383140903123,-0.52898932157044,-5.97020494215059,0.630406582564662
263,267,0.0008833927069177,0.138918218433249,0,39.562618306034,1,-6.2451926181889,-2.6455749376162,6.24561435806951,2.71189578495602
260,268,0.0012705062442635,0.0063198336652446,0,1268.1352426451,1,604.056243378242,-197.734927057404,-598.864732039868,223.558875800583
259,269,0.119980065769367,0.0888885875581813,0,461.933970543258,1,-13.7453872815238,11.5672205563302,14.1451843515656,-11.2710263790889
268,270,0.0016614283704407,0.0003431081397486,0,3580.10148171459,1,791.967746343652,59.2359358148071,-781.488755297941,-57.0718779546521
263,271,0.0270390464384978,0.106132745650202,0,7.60945092314344,1,2.02005913091055,-1.63132719614714,-2.0181672645137,1.6387530857974
262,272,0.0087740688150893,0.0677445768750872,0,68.4666614830277,1,62.8453008912332,5.402166333526,-62.4862746119941,-2.63012477713186
263,273,0.249444142386235,0.854112025181154,0,53.5147886964616,1,5.81185235623395,0.471044695546995,-5.72383569900505,-0.169670269046911
271,273,0.282322665582523,0.78359080679295,0,104.85737443039,1,5.99261742676762,0.343084333402539,-5.88731264566292,-0.0508093287912964
265,274,0.380799627127406,1.82353555339052,0,5.20533246480635,1,1.29316776162969,-0.126463787763859,-1.28651057495664,0.158343064210204
272,274,0.262979426883749,0.482743313182006,0,6.28690552470684,1,-1.28191313574921,0.166782443143609,1.28651057495666,-0.158343064210229
270,275,0.0007656399753018,0.0048312413992217,0,520.993974660091,1,514.480769142513,29.9368159056383,-512.391890646312,-16.7558475728279
271,276,0.0017961095136138,0.0061743044467529,0,1062.8280161575,1,-368.880722995468,-40.5338386329144,371.441461491761,49.3366309820416
270,277,0.0020188948598649,0.0311006522697996,0,1987.73715912829,1,155.872664605971,27.1350620490139,-155.353503744228,-19.1374977606837
271,279,0.000569657084025,0.0376110030040994,0,350.451737979762,1,93.6133342160768,13.0507028403923,-93.5606480374634,-9.57215394198947
272,279,0.0101200888590159,0.109985714709252,0,405.720945686832,1,18.5596150249397,-1.71902230701162,-18.5228343863791,2.11875642752246
271,280,0.0019574388034104,0.0255356252858893,0,276.366120467329,1,238.95536160217,25.5012983733225,-237.785086083318,-10.2345543614074
272,282,0.0013412880031103,0.0376386129201559,0,1329.2046547987,1,45.2085727228036,4.18236464099944,-45.1796491489674,-3.37072448812866
273,282,0.444218020682259,0.503973253308083,0,18.6202472355725,1,-2.7443762490112,0.220479597838172,2.78061000351726,-0.179371758246392
279,282,0.0452533356427337,0.0341515008309551,0,51.5789008036213,1,-0.60617012460068,7.45339751446718,0.632630545491945,-7.4334285315575
280,282,0.0005215451075456,0.0420912535028817,0,159.314336216715,1,-68.8258376630474,-3.27034702189126,68.8519713826622,5.37946663851533
281,282,0.0284765456903551,0.108506312826737,0,2088.31539114602,1,27.3144392307228,-4.73195308364913,-27.0855627827043,5.6040581394173
276,283,0.0003767710303911,0.0044049741731941,0,1039.60960189284,1,-371.441461491759,-49.3366309820418,371.978629228191,55.616864372588
278,284,0.0842396289127475,0.150942797155182,0,117.334717898885,1,-9.65485961795815,5.24925495003799,9.76012523943974,-5.06063722277844
275,285,0.001355584667814,0.0301056704130806,0,146.076524783392,1,29.8749696520083,16.7558475728284,-29.8584597174226,-16.3891846406044
277,285,0.0063324108403552,0.4241566973378,0,46.4173818270263,1,-3.41293398214722,0.104241927396832,3.41370886321186,-0.0523389473957463
281,285,0.0032913483604405,0.0098520202049379,0,318.792870023443,1,125.669294000528,-22.9372506871258,-125.107533324923,24.6187735526254
284,285,0.004841933227957,0.0193520354514979,0,595.576620225653,1,114.370999375601,10.8176987038677,-113.710351738856,-8.17724996462641
277,286,0.0005567807391533,0.0293133598408977,0,2049.91782085905,1,158.766437726375,19.0332558332879,-158.617019365424,-11.1666866914733
280,286,0.0007869780804796,0.0037389358681005,0,1187.23892788735,1,378.337524729929,-5.51697758263571,-377.148363592485,11.1666866914759
278,287,0.000373425543732,0.0690096022063147,0,231.736543364479,1,8.64377295626675,9.52498109300675,-8.64313373351651,-9.40685176721405
281,287,0.0003704826495417,0.0037666230479148,0,2015.43428569469,1,432.585613550563,-2.0347247537616,-431.860495822041,9.40685176721536
280,288,0.04604925899614,0.117242672624863,0,259.023154166037,1,-71.7266009835651,19.0218789659305,74.4028598433234,-12.208050726472
284,288,0.0032214239048094,0.0196388493112892,0,523.623531041071,1,-124.131124615041,-5.75706148108905,124.64539755828,8.89223683695348
281,289,0.0004093009097039,0.0133111489812743,0,403.416507664811,1,-272.250184686089,-100.401819859072,272.610634868489,112.124261623799
283,289,0.0005736290181383,0.0009196491292407,0,695.32178051655,1,322.311027421768,102.672709283457,-321.649495496434,-101.612133127333
251,290,0.0010821180551934,0.0006268462801994,0,2323.37858290148,1,417.699074592461,18.0989931926859,-415.807531252991,-17.0032653277895
281,290,0.0067955330184532,0.0033176533420331,0,986.517970076003,1,-313.319162095724,130.105748383609,321.499517560328,-126.112009618384
289,290,0.0296392849451586,0.0721811763636452,0,1340.97543316241,1,19.1484129806911,-10.5121284964713,-19.0050693416762,10.861216286797
283,291,0.0001654154632668,0.0016874683649464,0,2521.78110236983,1,-694.289656649946,-158.289573656055,695.135050328081,166.913767909753
290,292,0.0017771047802862,0.0142683555620834,0,430.176477710135,1,-102.785963434833,20.330052579338,102.982878118134,-18.749026661284
288,293,0.001453689391289,0.0091221070749992,0,542.085527392517,1,-199.048257401604,3.31581388952122,199.637233238204,0.380093006580784
290,293,0.000991728733018,0.0073506072660561,0,2110.7376309623,1,-420.220085502783,111.92400608003,422.113052776091,-97.8934969999494
241,294,0.0003011432425407,0.0044316000165956,0,5211.37152500187,1,463.021444961447,15.9228512977556,-462.36884124831,-6.31918693668712
262,294,0.005547311205097,0.0069971646431633,0,3209.22254387116,1,-159.846191055871,25.6938658483105,161.341559204669,-23.8076660746849
269,294,0.000679808410696,0.0035787305188052,0,1677.76796112465,1,-409.695642661809,11.2710263790878,410.858852811137,-5.14751334852653
245,296,0.0034807485878751,0.0420973770887858,0,167.0233494861,1,56.4660976915658,11.8841517159099,-56.3487606194294,-10.4650365895187
248,296,0.000126034693024,0.0097840726007131,0,349.944537094166,1,-262.485883169539,3.38618022510673e-13,262.575124572742,6.92780969252711
267,296,0.0028582411702608,0.0360377235815157,0,18.631957148235,1,-8.702138183861,-3.83340421375667,8.70479953327513,3.86695945588882
294,296,0.0032068739988052,0.0133290562391743,0,404.081364098764,1,197.408141285904,1.43648266223907,-196.141501290988,3.82818184697147
295,296,0.0208838836004435,0.0913237601091142,0,6311.55074652008,1,18.8690362181809,4.50501144661614,-18.7896621956009,-4.15791440587035
241,297,0.0021037711257113,0.0016580542851747,0,359.452376388775,1,261.957083537998,-175.303375470139,-259.846806585345,176.966557220991
243,297,0.0023153285538579,0.106131888557316,0,127.961151586097,1,-9.57333157755867,5.7235392717948,9.57622099855557,-5.59109167306091
246,297,0.0009340064323925,0.0074464254795273,0,719.994442667796,1,-413.857537592186,87.7836038376256,415.546739522466,-74.3163343869388
292,297,0.0020566547078225,0.0174396365442821,0,450.988561555734,1,-107.45938018014,23.8279359600581,107.711361645003,-21.6912305877874
294,297,0.138469363863764,0.145429429156805,0,233.531934701444,1,-4.21215754457734,4.53343541409075,4.2658985896202,-4.47699311317455
295,298,0.0031388754931855,0.0923875232961058,0,1024.7525008224,1,-18.8690362181808,-4.50501144661615,18.8809662393894,4.85615156502122
292,299,0.0259916924103406,0.097779839492599,0,9.0647816116036,1,4.47650206200656,-5.07890929877188,-4.46445449209904,5.12423183619021
297,299,0.0001784350440712,0.0034297295665084,0,1453.56457835072,1,718.73238901679,-190.523588382334,-717.731175766563,209.768074265457
298,299,0.0001374556696862,0.0054353602622544,0,961.443544343546,1,364.58426280768,26.666400319931,-364.400576972821,-19.4029772118775
242,300,0.0001614605733113,0.0011061277712907,0,1843.54910102453,1,838.577974620188,-59.2373882170766,-837.436897085701,67.0546374947603
245,300,0.0020062238791976,0.0140987121360804,0,550.411113175633,1,-179.740886312186,-10.9485734205043,180.399521853618,15.5771260947749
293,300,0.0014540729217991,0.0016822701650588,0,1803.03727520776,1,-621.750286014292,97.5134039933627,627.605095937217,-90.739760176902
297,300,0.0130667794305162,0.0392006401123481,0,2515.80913535092,1,-27.2337078964234,-7.788790794588,27.3401090081235,8.10799658737644
42,83,0.0179591076837322,0.0716902146428815,0,7384.1869531454,1,49.3663803143628,-7.87180549783381,-48.9175813464354,9.66334742234504
19,106,0.0146957839344221,0.0292053161830447,0,1419.84298124837,1,60.3600724839951,-17.6244774578348,-59.7830613563072,18.7711867793967
35,92,0.0018474506568658,0.0137496369706871,0,1494.74814537269,1,161.232572438066,-11.7830716813258,-160.740559877473,15.4448712904429
40,65,0.0005399738651632,0.00714869784288,0,6002.9950757544,1,563.485829259875,-7.07142754040063,-561.755945655215,29.9733048179737
118,140,0.0005576656920123,0.0009079743570573,0,2056.83624425167,1,651.792023299454,-119.98274461852,-649.311828003129,124.020923337083
115,180,0.00107236970422,0.0003708523842052,0,3182.06432731174,1,763.268577141352,-64.9475372391084,-756.975942778769,67.1236882876807
78,177,0.0011727587563449,0.0089040018319578,0,3331.61172844926,1,494.793786102798,1.83925996309335,-491.910230356651,20.0537214427899
114,123,0.0001385668868753,0.0049944116366887,0,1588.31771473355,1,791.51455410439,-63.9587059761386,-790.607978587847,96.6347039108506
180,185,0.0075869724670117,0.0640910511672279,0,1652.35004386393,1,12.640438736873,-0.603102278861285,-12.6280934086782,0.707389603542399
171,187,0.007406531628271,0.15621385931077,0,146.335185906467,1,-7.87725825452465,4.0657249531828,7.88307840462241,-3.94297004519454
127,217,1.30747259629477e-05,0.0161922899928278,0,488.306458576603,1,128.922249688581,68.2736428771968,-128.919382364467,-64.7226282188607
165,191,0.0032447439552112,0.0277958560855145,0,555.813356337032,1,-100.846347788107,-15.8247641756567,101.194497216799,18.8071601827852
230,299,0.0004202927538953,0.0024690027558207,0,2019.56823448612,1,-821.172789327153,213.26725324627,824.199085174223,-195.489328889749
221,250,0.0032242281647914,0.0178759336673812,0,508.635718945059,1,-117.390362283374,21.9052918237163,117.857031371759,-19.3179607657951
199,278,0.005310097380793,0.109029915351044,0,48.6276128576304,1,-0.999037709385398,15.0216319297481,1.01108666169152,-14.7742360430443
213,246,5.39949423174318e-05,0.0029371578289933,0,1044.64470418194,1,-613.854971075616,107.854016747926,614.065771183563,-96.3871429846751
294,53,0.0015009529100409,0.0027909071109432,0,496.683248268185,1,-303.027554508818,29.3044482835684,304.437466902452,-26.6828240481403
297,54,9.64774341636704e-05,0.0024289025860765,0,3145.64808066861,1,-968.752095290656,127.421471716883,969.686896868795,-103.887036019107
243,44,0.0024537536444742,0.0235045600838188,0,1055.41477273084,1,-111.140492713215,12.3750923433759,111.448299531976,-9.42660406214295
260,41,0.0004912374952336,0.0011986169114294,0,1141.00984459254,1,-1047.92771466893,296.596382529512,1053.82123382231,-282.216226711564
