from_bus,to_bus,resistance,reactance,susceptance,line_rating,line_status,P_from,Q_from,P_to,Q_to
4,5,0.0046351441550827,0.0425697100855402,0,1219.30695164028,1,-17.795225645561,22.0106811633461,17.8323596459829,-21.6696381279219
3,6,0.0013621364164371,0.0264273351770297,0,1521.51641266423,1,22.3685431534966,-5.51784412417818,-22.3612959665019,5.65844960061195
4,8,0.0007586280306073,0.0026690017814044,0,1202.01903867441,1,633.612466727548,10.7181676682378,-630.565971035215,5.04041253179821e-12
6,11,0.0017907040971002,0.0044239730911965,0,303.989198652453,1,-103.716126060274,69.1426062986677,103.994360914126,-68.4552210916598
7,11,0.0004686526659489,0.0049719921439945,0,1841.35436635333,1,175.915015961083,-81.3084773387233,-175.737422965482,83.1925826540547
10,11,0.0099684820455666,0.0743104820164546,0,1387.73718226998,1,-44.8087755890001,8.39018609625088,45.0159427353171,-6.84584961348287
4,12,0.0025192389880265,0.0003701053874725,0,2362.20073589106,1,-754.446102029281,884.326100836262,788.486602723203,-879.325156996093
5,12,0.465150173131725,0.515785633470698,0,22.4575064731703,1,-4.05882679908578,-1.0339416474794,4.14183503179279,1.12598601586436
10,12,0.0007883938943723,0.00261039208272,0,2421.07179325653,1,803.316285193385,-842.811438358711,-792.628437754996,878.199170980232
9,13,0.0003792952553619,0.0043058892826534,0,2992.40788642365,1,483.688466407625,10.1074325094498,-482.798127399103,-2.99760216648792e-13
11,14,0.0771819361365167,0.126619508663908,0,5630.41181816423,1,18.2659280972912,-6.2944675201422,-17.9771515993257,6.76821487757303
5,15,0.0035259266907453,0.0077564468424733,0,773.442277230089,1,-249.508507916954,22.7035797754018,251.759875632287,-17.7509487259032
10,15,0.0008358866653403,0.0097144663735168,0,648.832936801392,1,234.341937696964,-5.08860088470066,-233.882684530811,10.4259266544664
14,15,0.0267166643254442,0.14881909566702,0,2036.59049856655,1,17.9771515993258,-6.76821487757304,-17.877191101476,7.32502207143631
9,16,0.0003808708587893,0.003441472114718,0,689.413262434299,1,532.203066863544,9.77918219154524,-531.120795848293,3.33066907387547e-12
7,17,9.60219332439524e-06,0.0279460046998876,0,1892.70099056584,1,152.092432381188,-24.3390406948624,-152.090133855095,31.0286186723281
11,17,0.027691251823603,0.390155872090366,0,93.6507963426956,1,8.46119121874889,-1.59704442877203,-8.4406115568599,1.88700155973792
9,18,4.72331365739942e-05,0.0007952025224161,0,3933.9808644433,1,-1361.24794669585,-19.8866147009858,1362.12589889088,34.667547128659
17,18,0.0010142370773378,0.0043335989183727,0,1064.77941394916,1,747.067204259835,-73.0372696295781,-741.389707481312,97.2958916502332
17,20,0.0006474620686628,0.0194800871996052,0,553.44192557668,1,-123.450024579404,17.215444798421,123.549962001704,-14.2086436356525
6,22,0.0004673210811903,0.0010227839394478,0,2100.84203691796,1,-1813.84150882304,593.49533936308,1830.86254705921,-556.242912196003
17,22,0.0001278442704342,0.0105958528508812,0,1126.29996910824,1,-463.086434268475,22.906204599096,463.359478779979,-0.276019798398563
19,23,0.0031729018136757,0.0147368711670018,0,598.377225760405,1,129.535867667168,-33.9624389230876,-128.95623331353,36.6546107251611
1,25,0.0746798175036845,0.554071011517096,0,32.0003374755306,1,-4.08576188437366,-1.23474315567735,4.09964993458113,1.33778258833363
2,25,0.0120107773547711,0.0136478535748814,0,509.915354927402,1,114.88302904028,-98.333642596889,-112.136450640875,101.454581293844
20,25,0.0002085451262459,0.0123519630446794,0,358.204590590786,1,-203.946613729334,14.2086436356537,204.033601508071,-9.05642623480721
18,26,5.00735373493612e-05,0.0007033109617202,0,2446.28571085514,1,-1171.35364370879,5.08475357505469,1172.04150501057,4.57664482611797
21,27,0.0159187482049466,0.0333463694515333,0,2107.18085524606,1,146.014330680453,-56.8010318315793,-142.106828469445,64.9864124082035
22,27,0.0177299182410528,0.229693312362518,0,229.298081047837,1,20.1657070464121,1.2039066575034,-20.0937298852721,-0.271433516234215
26,27,0.0046232520530818,0.0150588845328087,0,268.988823302701,1,-160.783156432239,69.3317490014323,162.200558354717,-64.7149788919706
23,28,0.0026557149969535,0.0088861287510794,0,604.230833644695,1,-180.120335564479,-35.374097327249,181.029857006916,38.4173925033631
24,28,0.0045577898884562,0.0051884253302909,0,2121.54747681169,1,896.313865696225,-693.879671212188,-837.963011938879,760.304200444109
26,28,0.0003658232376272,0.0015687420425334,0,1167.26578124025,1,-1032.13188156981,250.015504122562,1036.25765057886,-232.323169036756
21,29,0.0069160400012913,0.0084192146623563,0,408.972385456709,1,274.438272121144,-2.10998283341555,-269.229054272052,8.45140412165206
26,30,0.0001380028244772,0.0090868569745945,0,269.80666908349,1,251.38234276168,5.74526439758328,-251.295088971238,4.38538094726937e-13
23,32,0.0130779649023208,0.015413987117213,0,722.77670846953,1,113.219797615336,-5.04330710974089,-111.512472763697,7.05559904236322
24,33,0.0004773595327209,0.0008863989565683,0,2891.36551460781,1,-898.224835880328,693.879671212183,904.352516469991,-682.501308974603
33,35,4.3522842939293e-05,0.0002783182268407,0,7414.03508554983,1,-5226.67694499295,857.330388511999,5238.88648092876,-779.253310758986
29,36,0.001528386685734,0.0108805999483929,0,412.3936681089,1,269.229054272052,-8.45140412165206,-268.077860929886,16.6467609225693
31,36,0.0110218560965692,0.0206901821734937,0,308.566465787772,1,22.5851684716104,19.7832874534716,-22.4828342188665,-19.5911860221601
22,37,0.0001208459286027,0.0006872522637535,0,4128.74416330906,1,-2314.38773288561,555.315025336917,2321.19746257759,-516.588009867901
33,37,6.53487608189923e-05,0.0006584298727668,0,9904.71342096526,1,2432.92340526083,-487.417186717309,-2428.9000834557,527.954684767044
32,38,0.0497169826301064,0.31096024934377,0,95.1323399961118,1,-12.1759000979442,-7.05559904236318,12.2788529825311,7.69952900287558
34,38,0.0093040281785051,0.0573595199755243,0,560.062324273227,1,23.07371924821,-9.85903754906294,-23.0155565892382,10.2176115059676
19,39,0.0125821917464287,0.0369863285485536,0,551.390792474579,1,-129.535867667168,33.9624389230876,131.834416758367,-27.2056755876242
10,40,0.0019670061183587,0.005650935668136,0,2549.09625501935,1,-876.073825475161,332.769185542831,893.348873355752,-283.140369787727
33,40,3.47367944983584e-05,0.0027467517037172,0,2132.41105727842,1,959.280736557546,0.508554126939653,-958.961081700105,24.7675986371599
31,41,0.0096465377252739,0.0615681744858636,0,279.051411137651,1,-22.5851684716102,-19.7832874534714,22.6747333526096,20.3549273908482
34,41,0.0080900785519016,0.0561609265274159,0,2363.54667481782,1,-23.0737192482099,9.85903754906365,23.1242930933059,-9.5079564093163
38,41,0.0003838407230336,0.0034904752228176,0,1395.61010116123,1,-766.253833030984,301.876429601317,768.820451617019,-278.536752377454
40,41,0.0001345867639692,0.0047551963707365,0,950.936470350512,1,719.621330036142,-8.04359888784315,-718.924278862896,32.6716909191881
33,43,0.0009972295183801,0.0008302564148105,0,2977.9485423464,1,930.215030068256,-348.747059124041,-920.373127496376,356.941063205986
39,43,0.0010340185695462,0.0118273768553826,0,2585.07724342323,1,-162.696264239254,34.9299941508613,162.984921384482,-31.6282576645328
40,43,3.01977727427121e-05,0.0019653629569601,0,2396.61537913628,1,-757.180405346513,338.837111794491,757.388206111907,-325.312805541464
36,44,0.0003323727109886,0.0033401077787809,0,458.224024620078,1,290.560695148751,2.94442509958533,-290.267696653652,4.54636328584002e-12
25,45,0.0828100636658536,0.0184043268040326,0,3.88427624277281,1,-5.71259845554902,3.76906714685036,5.75138639810376,-3.76044662490856
40,46,0.0133171871739797,0.0118694095081725,0,342.360814703004,1,186.227755378883,-40.3592968679663,-181.392331363836,44.6690378838758
25,47,0.0424004509393415,0.131842045892215,0,43.0453484940087,1,-1.46053303961221,-1.49797055667536,1.4623889381107,1.50374137867344
39,48,0.0019564859294693,0.0216245216235946,0,266.067541205181,1,46.763251747155,-22.6424141232069,-46.7100059715864,23.2309256007517
41,48,0.013795118316486,0.0079826752703057,0,626.100568109686,1,-58.4423350692435,103.235274271944,60.3837259853012,-102.111870115483
42,48,0.0132780339781837,0.182135924267726,0,94.0453281730802,1,7.1849877133724,-0.736007862522808,-7.17805455978629,0.831110521438357
46,48,0.0064491476961024,0.0532013602188703,0,47.5358461761769,1,-27.3724532537511,-32.6968850896312,27.4944623204161,33.7033821666841
47,48,0.0680670641375628,0.119610368715554,0,236.375941786882,1,7.65549273874217,-2.13437960429327,-7.61272239184356,2.20953749493323
2,49,0.001085788445557,0.226613895002539,0,79.9123557624089,1,7.48602071258484,-0.652054176477252,-7.48540761474746,0.780013254983358
42,49,0.0361180841255985,0.0851886902827694,0,82.6042960961134,1,-7.46501329266905,0.828115628880967,7.48540761474743,-0.780013254983714
37,50,0.008611746842946,0.0290204777847187,0,1035.44516186978,1,19.8503080681284,-7.12666778789747,-19.8121348663875,7.25530656157464
39,50,0.168019928513242,0.06890562528153,0,119.782393088959,1,-4.87667650817858,3.00344129267174,4.9322410475031,-2.98065405927916
45,50,0.0210320890901217,0.0837038985144679,0,4.1732358478952,1,-5.75138639810391,3.76044662490834,5.76123775465793,-3.72124001325437
47,50,0.0009318561069869,0.0929292969673104,0,115.931080312875,1,-9.11788167685276,0.630638225619824,9.11865606422677,-0.55341248904125
1,51,0.0025215015838646,0.0194585423887171,0,1214.41590882583,1,143.682530205378,24.9284336282603,-143.135157194602,-20.7043312121484
46,51,0.0003515134360568,0.0129209207993089,0,650.033698821318,1,208.764784617587,-11.9721527942411,-208.604866510113,17.8504180014377
42,52,0.0199500413114335,0.441509892251773,0,4.4014094324287,1,0.280025579296695,-0.0921077663577615,-0.280008226641072,0.0924917940895806
51,53,0.0266512392936551,0.0685051384723683,0,1046.40818031613,1,0.807831918992898,2.85391321071256,-0.805398534257919,-2.84765836618583
1,54,0.0367922420673979,0.0812579724486223,0,648.878527558382,1,-31.0317390299026,4.34394836874292,31.4004896550602,-3.52953950274945
37,54,0.0087684489470585,0.0201395406688458,0,3717.06356105799,1,52.1290303296239,-4.24000711125371,-51.890015548956,4.78898081513003
54,55,0.0045804415150428,0.0463925720250806,0,275.785126528125,1,19.9440922934239,-0.97157267251874,-19.9257600254771,1.15724932799154
3,56,0.006089915604528,0.0245712007690802,0,523.993650111526,1,-22.3685431534965,5.51784412417817,22.4009442820734,-5.38711412936246
55,56,0.0007931437563557,0.0252892657198356,0,949.229201604532,1,22.4051641686036,-5.25256370150516,-22.4009442820734,5.38711412936246
26,57,0.124557843683287,0.285034904034328,0,16.2194381729113,1,-0.209780803975436,1.85549312281423,0.214123964984848,-1.84555434702207
53,57,1.00991807066955,0.969931374038012,0,16.4933882001042,1,0.249338421638267,-1.81173417158436,-0.214123964984811,1.8455543470222
2,58,0.0297031499509477,0.0042032713255749,0,186.010245218628,1,52.5115861641922,-48.308145385391,-50.9993561488259,48.5221399641397
39,58,0.0025509094798089,0.0810857363746353,0,667.228832715655,1,-11.0247277580885,11.9146542673,11.0315043265029,-11.6992475489027
1,59,0.0033701874737706,0.0221238836914785,0,482.600440896507,1,-108.565029291102,-28.0376388413254,108.99755426815,30.8769860172127
52,59,0.0958277841961489,0.421057346195919,0,4.91784058861984,1,0.280008226641064,-0.0924917940896247,-0.279924875107484,0.0928580320844309
54,59,0.018707173353828,0.691270464829616,0,5.19007368037172,1,0.545433600471393,-0.287868639861156,-0.545362173713736,0.290508012845694
7,60,0.0095241490947207,0.0211396825624093,0,1105.54943022197,1,-28.343586194008,33.6781082976132,28.529780515893,-33.2648337026414
55,60,0.0488030157593531,0.18935030651877,0,49.4277508853085,1,-2.47940414312663,4.09531437351345,2.49064138679997,-4.0517151102125
58,60,0.0037828655290062,0.016269215907723,0,3486.39340482787,1,39.9678518223227,-36.8228924152374,-39.8530684313891,37.3165488128547
64,65,0.0062633057045024,0.0097515786826306,0,1071.5679731059,1,234.624751718001,5.37093755701383,-231.175071934431,-1.24344978758018e-12
61,68,0.0030152848979746,0.011469982945833,0,899.927708938903,1,-217.617685568407,-1.04360964314765e-12,219.110875940366,5.68001654263572
63,68,0.0347931192268848,0.139416273756689,0,346.961330032843,1,15.2442221467386,-0.161462706628801,-15.1616918728431,0.492162095309558
66,70,0.001006541449791,0.0066130673378894,0,1228.22255317478,1,-273.178972085462,100.794204974952,274.059652168119,-95.0080580746329
69,70,0.0049129350684066,0.000219415912926,0,1264.58020603621,1,327.88818796747,-133.527460818083,-321.686392611559,133.804438341875
66,71,0.0010294140951826,0.0085231547381138,0,477.302093650362,1,268.303845306931,-60.1414851958685,-267.500696848757,66.7912470543193
64,72,0.0163366613691538,0.018069873368377,0,912.959732534741,1,-87.287564820003,122.268045210029,90.974519573333,-118.189928880006
67,72,0.0105468639699755,0.0389336060825265,0,287.829051703997,1,-25.7922023241875,-4.78364886851316,25.8665323279773,5.0580370748943
69,72,0.0002457808144411,0.00238312697624,0,1545.92277731374,1,987.462394604022,62.1033635155556,-985.039193896584,-38.6076525591412
71,72,0.0001434546357691,0.0031794537131692,0,3196.64533992778,1,-861.125319198411,-127.015275637845,862.240860195318,151.739544364269
63,73,0.0108063427425188,0.0276729586601355,0,58.6533662043032,1,54.3729994693712,-15.297264612384,-54.0211243673773,16.1983488536504
71,73,0.00810299528154,0.018970968614396,0,68.281509939344,1,-53.7572754076428,16.8160797247841,54.0211243673773,-16.1983488536497
67,74,0.0187217986975702,0.0778064191812617,0,364.285450836536,1,13.2811077510782,0.336340486653573,-13.2472646139301,-0.195690896414667
71,74,0.0005184748777198,0.0147947849816253,0,108.08390947034,1,-48.7527150744583,13.1411177612216,48.7662818464292,-12.7539871926459
66,75,0.0647427141412943,0.0158029547380565,0,84.9103088138973,1,5.13629129328503,-22.7533154862634,-4.7727726038226,22.8420462333785
67,75,0.0008884862027922,0.0392963611666736,0,189.364876123799,1,24.6785946595697,7.93437051856354,-24.6724797824499,-7.6639190258603
71,75,0.0049831488819572,0.0243045736770664,0,199.712959500021,1,-29.3888658389641,15.4531442752207,29.4452523862718,-15.1781272075193
69,76,0.0095717376324117,0.0915067580294864,0,346.017542901217,1,-13.3468800144027,5.91188381857286,13.3674218313213,-5.71550201806351
71,77,3.72646590785156e-05,0.0009082581691211,0,1762.92229995345,1,1260.52487236825,14.8136868223265,-1259.91708593935,-3.1841196346249496e-11
69,78,0.0019943903783601,0.0123823578146466,0,412.473477887339,1,102.117727488064,-2.89240309662089,-101.908100790168,4.19388991134863
68,79,0.0187023650355558,0.0737271459222422,0,1008.63861754999,1,-24.8800119113934,-5.91375069854241,25.0060881217352,6.41075945329198
78,79,0.0026545383804647,0.0142381757533465,0,326.607746388221,1,94.2586691574513,-12.7725803748768,-94.0159981996698,14.0741971729434
74,80,0.0168290313444664,0.0054051420492936,0,1516.90392955352,1,-35.5190172324989,12.9496780890579,35.7667347829005,-12.8701162580399
79,80,0.0197600005135329,0.0286421566536085,0,4850.54136327911,1,36.0575951909045,-12.4485135680673,-35.7667347829015,12.8701162580394
77,82,0.507038767574211,1.20035184809846,0,5.19007368037172,1,0.0,0.0,0.0,0.0
68,83,0.0007196011835879,0.0185410886621331,0,848.057958245796,1,-121.988399791208,-7.20322818066055,122.099166123877,10.0572095826211
76,83,0.0012561476328886,0.0274241506681432,0,766.063318285068,1,122.292521651575,14.2785375422505,-122.099166123877,-10.0572095826204
81,84,0.0086918329817843,0.106671202422794,0,198.546449118931,1,12.681111397735,0.309268178299388,-12.667100382151,-0.137316889929902
76,85,0.0050365305185588,0.0149283910216733,0,253.4694797048,1,168.273421235009,-16.6457812334164,-166.811152210187,20.9799798848474
78,85,0.0420037563293133,0.0570707341844235,0,2.8458797878081,1,7.64943163271527,8.57869046352499,-7.5933655164601,-8.50251312375409
76,86,0.0025985296161825,0.0087308906169838,0,636.358502067921,1,-303.933364717906,8.08274570922829,306.372450930034,0.112425433276131
81,86,0.0005265578988958,0.0125475349812034,0,351.216838646855,1,-185.526198242116,2.7535780498051,185.707807362963,1.57405012082425
79,88,0.0016142988164188,0.0244894144261188,0,294.519727897897,1,-65.1410648911014,-8.03644305816403,65.2114132538325,9.10364957011784
84,88,0.0021742260556964,0.108336871133067,0,184.870434004119,1,12.667100382151,0.137316889929901,-12.6635955845769,0.0373194143972473
81,91,0.0044255877564929,0.0401994622832457,0,501.423700164305,1,104.541645748611,-3.06284622810391,-104.056683847931,7.46795775404231
88,92,0.245101569350083,1.03119567351217,0,5.19007368037172,1,0.0,0.0,0.0,0.0
87,93,0.0229401791490082,0.0267671145586625,0,3531.48920978275,1,17.7235178603116,-7.99375095050711,-17.6371274267941,8.09455324222929
88,93,0.0008841210836538,0.0222845184479192,0,176.35108708223,1,-52.5478176692553,-9.14096898451512,52.573099501333,9.77820461179303
90,93,0.235789453662309,0.19813274447765,0,5.19007368037172,1,5.54829311296621e-15,4.40609657926962e-14,-5.5482931129662e-15,-4.40609657926962e-14
91,93,0.0011787165674801,0.0282249039375564,0,686.914179412479,1,-94.4964562224135,-6.83120393384171,94.6029856635911,9.38209982070303
87,94,0.0038065748931845,0.0746650857111419,0,58.2679139960138,1,-14.060205842811,1.82128118969367,14.0678282973589,-1.67176850752759
87,95,0.0180195754028695,0.041605695653697,0,1568.01670233054,1,-3.66331201749895,6.1724697608161,3.67256037154011,-6.15111608322207
94,95,0.934794806335141,0.781376100570942,0,10.242771394938,1,0.489965626051194,-0.436951448185199,-0.485945844020628,0.440311502805638
91,98,0.435509915040563,0.386653986560303,0,2.89204311832526,1,-0.502512085229089,-0.103747782554731,0.503666560798807,0.104772747925213
91,99,0.0568599280349168,0.20752381867007,0,5.19007368037172,1,1.01122717190548,-0.889661852573812,-1.01018862063361,0.893452292225645
96,99,0.127349327246188,0.17553015636191,0,2.12706193230738,1,-1.0078625746754,0.896658364998801,1.01018862063351,-0.893452292225899
97,101,0.001774789226403,0.0644374944096337,0,24.1876894938817,1,-6.76393698914337,-2.62857976305983,6.76487853550863,2.66276460469915
100,101,0.726352856133072,0.574157136948208,0,5.19007368037172,1,0.0,0.0,0.0,0.0
70,102,0.0083846849297955,0.0438175179626896,0,820.068873701201,1,47.6267404434347,-38.7963802672425,-47.2977102221416,40.5158590255376
97,102,0.0027351734377739,0.0373885268016287,0,197.408903514475,1,5.2866389854444,5.30097520336082,-5.28509457159046,-5.27986379668599
98,103,0.0884227220549618,0.344938203526833,0,3.61343465727752,1,-0.503666560798791,-0.104772747925215,0.503900957006305,0.105687130618424
101,103,0.0068103259539722,0.0522447006620544,0,20.3386348701394,1,-6.7648785355088,-2.66276460469948,6.76849149278439,2.69048102717973
89,104,0.0002871681597492,0.0033464375532375,0,1060.79839565913,1,-611.556464858235,-3.89673401238704,612.656431259695,16.7148990776276
103,104,0.0014942166001441,0.0025333590236267,0,1291.00375787318,1,628.855808777112,17.7531046245516,-622.942076002032,-7.72670799127864
85,105,0.0054891051252525,0.111132521136869,0,270.707583552421,1,17.1420526419998,-12.4774667610922,-17.1167073824371,12.9906073422616
96,105,0.0092706077019675,0.215260702811032,0,2.47599488860463,1,1.00786257467549,-0.896658364998635,-1.00769324626174,0.900590119476966
97,105,0.0345304856576842,0.156494114740928,0,103.714871461434,1,1.47729800369917,-2.67239544030039,-1.47405444524963,2.68709543071475
100,106,0.797247940842382,1.69258027433801,0,5.19007368037172,1,0.0,0.0,0.0,0.0
102,107,0.007163183860714,0.0258128745611489,0,177.209383191938,1,-8.32194484458774,-1.8789813625966,8.32721985259357,1.89799010544213
108,109,0.0863958427973938,0.335443973759164,0,5.19007368037172,1,-0.756991075490266,-0.980577369428239,0.758338978902361,0.985810793423618
69,110,0.0250497969797724,0.0883722487381751,0,224.097969229714,1,-22.6135700401212,2.65328899457952,22.7443575794343,-2.19188849040144
91,110,0.0036428750993935,0.0660742798677741,0,75.6050300215468,1,-70.1182314020792,0.356655814930233,70.2985676206252,2.91427317642941
102,111,0.0006943122192456,0.0021152354524608,0,1501.6507327426,1,-317.515317114681,-38.5081234679846,318.233936116982,40.6974099998138
107,111,0.0107077626061837,0.0557140020055431,0,149.437894661174,1,-8.32721985259348,-1.89799010544214,8.33510510788923,1.93901820304939
108,111,0.003169459068459,0.0326459852027644,0,6.24311569992966,1,-9.20075815584383,-15.7035788731592,9.2114322071826,15.8135234771224
109,111,0.0207511878202443,0.134392367888354,0,5.19007368037172,1,-0.758338978902491,-0.985810793423553,0.758662728239986,0.987907513883369
110,111,0.0306971856293067,0.0088439702425236,0,1289.35114863249,1,51.6471132471722,-135.849214101041,-45.1631206942027,137.7172758147
108,113,0.0030082947445891,0.042921354479842,0,40.4075771616745,1,13.3989220419064,15.5298060676206,-13.3860549909916,-15.3462232406983
89,114,0.0126193774229888,0.0136734712788923,0,296.532733619432,1,-76.1131361305111,3.89673401238757,76.8638014970236,-3.08336573081375
104,114,0.0082588692798995,0.0873233832600061,0,184.266641994475,1,10.2856447423291,-8.98819108635,-10.2699311135666,9.15433577036535
105,114,0.0017160316242564,0.0222081146525154,0,287.37519127216,1,66.6710059528751,7.06922411903409,-66.5938703834565,-6.07097003955007
112,114,0.306117498453251,1.86012765708168,0,5.19007368037172,1,0.0,0.0,0.0,0.0
62,115,0.0413853647071197,0.234730754148435,0,5.19007368037172,1,0.0,0.0,0.0,0.0
94,115,0.0145534697080331,0.168973257333236,0,32.9349772927791,1,-14.5577939234101,2.108719955713,14.5892128886257,-1.74392963415903
110,115,0.0012727342828288,0.0059604855392848,0,1326.19707751178,1,-354.504763695893,79.8115562019196,356.185326741196,-71.9411217644032
64,116,0.0127790127615167,0.0262771938846372,0,214.603544148542,1,-88.7186337397767,46.7434664453616,90.0036845704479,-44.1010455902194
66,116,0.0183925163920806,0.0826863747377754,0,9.95197582740004,1,-0.261164514754708,-17.8994042928183,0.32198809451334,18.1728460123527
63,117,0.0094199509949671,0.0252528432635456,0,188.80172729058,1,-69.6172216161097,15.4587273190128,70.106150294116,-14.1480156943618
68,117,0.0202313555666926,0.0681484408961572,0,95.708913911617,1,-57.0807723649209,6.94480024125772,57.7703028502127,-4.62214680520392
110,117,0.0052554125975101,0.0102443690259462,0,303.577947952911,1,212.694335334617,-35.2843843053369,-210.251416276821,40.0463632868595
116,117,0.0007218648962191,0.0326299190500566,0,99.0510622583061,1,-82.3219429612751,23.6728319351682,82.3749631324923,-21.2762007872929
64,118,0.0062052136495038,0.125432699309663,0,203.706699844442,1,-15.1130080720812,1.49473231607272,15.1273196054347,-1.20543780323306
64,119,0.0233994240216397,0.116449060281762,0,905.813254012275,1,-30.7206466810824,6.77251649053573,30.9522132572917,-5.62010734716143
67,119,0.0648356756532806,0.10852259732196,0,272.415757439642,1,-12.1675000864608,-3.48706213670417,12.2738833527306,3.66512750350826
69,119,0.0006125767071354,0.0012583047937105,0,6266.13887096317,1,1323.52444308141,-905.512223491927,-1307.65866161082,938.102409582673
113,119,0.0292571117720895,0.556925599947247,0,7.44944576101373,1,-2.14328924484468,-2.58905061665863,2.14669820202847,2.6539420365487
116,119,0.0318796012074833,0.0916901559435861,0,241.637340783233,1,-8.0037297036858,2.2553676426993,8.02579607366628,-2.19190170121997
118,119,0.013432165142613,0.119820315838215,0,190.201748361015,1,-15.1273196054348,1.20543780323298,15.1582991800808,-0.92908753660007
102,120,0.004574531414702,0.0035546666835856,0,1441.44228658546,1,378.420066752998,5.15110960173293,-371.791059087523,-5.77315972805081e-13
123,125,0.0074421420709878,0.035529871061307,0,44.2694613205298,1,7.6504707979964,-17.3705704929848,-7.62335412100058,17.5000294616638
122,126,0.0007223758014175,0.0066739261618774,0,1118.6282129189,1,-277.978946527456,1.92674177833506,278.546113495225,3.31323228630124
122,127,0.008923965082132,0.0061013089775759,0,473.686962717637,1,268.804215864586,-49.4466904639964,-262.031146961342,54.0774331579417
126,131,0.0097978366614865,0.0454636793786875,0,1740.7491762388,1,1.25003214654911,-13.0476231780166,-1.23300063634878,13.1266523704634
123,132,1.11116897919652e-05,0.111584418954653,0,778.247306417747,1,20.9916886538216,-4.78280745471146,-20.9916365620465,5.30591695176913
125,132,0.0307916393558032,0.158136620877093,0,284.813722269373,1,11.917975896825,-2.20007627787375,-11.8727496033999,2.43234495101547
130,132,0.0062778831971958,0.0148303089019859,0,631.949392485421,1,-504.933081736625,241.12240961853,524.588972902178,-194.689093073366
124,133,0.0018816336147987,0.0078491504218249,0,641.093537817515,1,341.425440019218,-48.1788436572071,-339.188318170332,57.5108973395772
129,133,0.0010355982142743,0.0045223749813382,0,5484.04164962876,1,-857.00458906904,133.605739433153,864.888624526076,-99.1767840608579
124,134,0.0046534121780027,0.0294962981653644,0,185.656956501647,1,38.9767317850265,4.72656431369328,-38.9049982249797,-4.27187119933606
126,134,0.0038294081475452,0.0296898420082343,0,208.28169969441,1,-38.8459669015586,-3.81419455626042,38.9049982249806,4.27187119933661
130,135,0.183934489912826,1.96205004015814,0,47.3035297164857,1,-6.52321454455679,1.0434179107648,6.6034854853003,-0.187158692692178
131,138,0.006694932109477,0.0082835246394403,0,2905.40787634814,1,267.298970866569,-16.9815533646358,-262.496219855192,22.9239147940403
133,139,0.000394429525129,0.003695339843708,0,864.881712297087,1,-525.700306355743,41.665886721288,526.802172894364,-31.3426957246676
136,139,1.02881054855941e-05,0.0016688655844787,0,3555.51148900272,1,780.498581830921,91.9448566433327,-780.435039210266,-81.6374105439057
121,140,0.000235353985678,0.0016432691140034,0,1257.73632478578,1,-906.281830586139,-232.893377513388,908.392477953767,247.630164824567
130,140,0.000176714337711,0.0016522058728454,0,4168.99173356714,1,841.660457719011,264.034026392358,-840.285432336328,-251.178108519446
131,140,0.000785715166659,0.0931991237522718,0,2325.96302320452,1,57.9116551685902,7.26061824963175,-57.8848899670102,-4.08581211102889
137,140,0.0071049825039256,0.182535742565944,0,103.350089906884,1,10.2338545528181,-7.33319660909572,-10.2221556504288,7.63375580591928
138,141,9.74715914524663e-06,0.0150245641815443,0,858.939054261886,1,-136.530214511699,27.9865808957723,136.532170693689,-24.9712631587449
135,142,0.0007025544349382,0.0015480280335466,0,2561.4065626071,1,443.787749781501,-12.898292844719,-442.402917104632,15.9496717827128
142,143,0.0014640521387637,0.018707729893318,0,1049.9691746043,1,-31.9214645264483,-12.8363479614583,31.9388960123998,13.0590883422041
122,144,0.0009043158778701,0.0156935169612443,0,3222.61531725762,1,9.17473066287092,47.5199486856719,-9.15320930481552,-47.1464665806503
142,145,0.0002370078859721,0.0106891105950478,0,291.620651632647,1,251.537054126263,6.80739137825169,-251.386114960166,8.88178419700125e-14
137,146,0.0045313088046918,0.0808913006205765,0,7756.80378483725,1,-45.1074556774731,-6.7227504985812,45.2053581486628,8.47047032299641
139,146,0.0011405351904558,0.0061844977856642,0,337.48512006371,1,240.105647109534,102.71676454421,-239.325399946285,-98.48591143791
141,147,0.002005577672015,0.0196317512725664,0,827.083995132282,1,-136.532170693689,24.9712631587456,136.934675142693,-21.0313174068553
126,148,0.0354789940094023,0.0072124307515979,0,464.54918398518,1,64.1047221639873,-51.6996365876222,-61.6700621406717,52.1945721773178
127,148,0.0004211680424038,0.0041574060342971,0,2394.58549697345,1,-386.865654344654,-54.0774331579446,387.547031020442,60.8033933884097
146,148,0.0014555965177913,0.0127481212965396,0,744.311858153223,1,196.006431616983,89.7913963185042,-195.31536465123,-83.7390285120652
139,149,0.0048677944684399,0.0794977189486118,0,674.896337711689,1,13.5272192063688,10.2633417243577,-13.5131412490701,-10.03342949204
142,151,0.0053856746308197,0.0597628567624112,0,301.103281324015,1,76.373586322299,-9.92071519953165,-76.0522864447768,13.4860621382899
150,151,0.0035627462306842,0.176527514507,0,18.7550802491046,1,-1.55786114782223,-2.63605007570667,1.55819836568393,2.65275859972682
149,152,0.0004034765653506,0.0512861159094506,0,6275.92214273677,1,-47.1358631539353,-1.28003548763822,47.1450220057929,2.44422190714394
151,152,0.0394904254324177,0.873009665398037,0,7.83380818112875,1,0.659371291794232,1.02007175138552,-0.658788682882469,-1.00719209244169
143,153,0.0083001230141674,0.0057932309551383,0,1796.8291947633,1,382.350306465058,-169.319753559846,-367.836633689976,179.449851421026
147,153,0.006125177739791,0.0179361635609234,0,760.484554236557,1,-121.418540239947,38.7634810890556,122.458985084984,-35.7167794732858
149,153,0.0210539365444551,0.152138175320187,0,3953.23945646619,1,-27.1612280972251,11.5310174298417,27.3483824048439,-10.178618803375
146,154,0.0739801230587223,0.134615089791397,0,5.19007368037172,1,-1.10091195953802,0.24917899198436,1.10187472646124,-0.247427130126622
149,154,0.0117887444125624,0.15445335899172,0,5.19007368037172,1,1.10202814352397,-0.245417095821858,-1.10187472646115,0.247427130126603
146,155,0.0001580285621615,0.136605369186615,0,5.19007368037172,1,-0.785477859822313,-0.0251341955706352,0.785478856721974,0.0259959502077978
149,155,0.0145022543615719,0.296225655262117,0,5.19007368037172,1,0.785570342034864,0.0278646456595315,-0.785478856721953,-0.0259959502078913
126,157,0.0003521551660073,0.0079799700078629,0,1397.40402338222,1,-305.054900904201,65.2482220356037,305.40164543179,-57.3908591522945
151,157,0.0090406378082733,0.0070948249685484,0,1295.70156800713,1,116.718465207628,-11.4816949049821,-115.474922815689,12.4575901680029
158,159,0.0207498373191426,0.0439276761834042,0,126.325580218618,1,-52.8983131729817,3.3879303189048,53.4930106925184,-2.12894791516412
150,160,0.0093524611073863,0.175112591959421,0,19.6336757991664,1,1.55786114782224,2.63605007570676,-1.55697592705936,-2.61947547566689
156,160,0.0199093113543246,0.205261568752531,0,28.3306129318056,1,2.39962735930303,0.334760209891879,-2.39843885436008,-0.322506928765343
158,160,0.0007105569367515,0.0271591799387883,0,76.632941934466,1,49.4537276964768,-2.26302397840955,-49.4359643243697,2.94198240443276
137,161,0.0494492557263322,0.0788313720015197,0,736.12573481507,1,-16.3257156605034,14.055947107677,16.5641134384378,-13.6758964144837
148,161,0.0008515036501164,0.0036619924910959,0,1111.28198175326,1,-212.940824933539,-29.2589370536593,213.354395394906,31.0375458991501
152,162,0.0048747172596152,0.0213174080251384,0,11100.333517474,1,-46.4862333229104,-1.4370298147018,46.5936318278058,1.90668941303605
156,162,0.0472972167518457,0.204972160711286,0,40.0998557004779,1,-2.39962735930302,-0.334760209891969,2.40245081084773,0.346996214535083
159,162,0.0040370831744026,0.0065893703162762,0,1421.4944522892,1,354.797346428825,-112.687388859087,-349.202772526717,121.818912191702
163,164,0.626587270962518,0.694344673413274,0,5.19007368037172,1,0.0,0.0,0.0,0.0
153,166,0.0036605718038195,0.0145465721727742,0,1016.48722866187,1,218.029266200148,-133.554453144365,-215.531145893652,143.481614604989
161,166,0.0036405039492171,0.0095389596000598,0,624.881589186663,1,-286.916325596079,-18.4775368162521,290.060700773152,26.7165246596721
162,166,0.0039176021607289,0.0073034404943365,0,608.765889605906,1,300.206689888064,-124.072597819276,-296.018598238339,131.880301841703
165,167,1.25050564023644,1.51271916622111,0,5.19007368037172,1,0.0,0.0,0.0,0.0
161,169,0.0029396923189282,0.0511053417135085,0,1164.23183205525,1,45.6998912810089,1.11588733158978,-45.635702972948,-3.19189119579733e-14
164,170,0.0006418854498874,0.0139697980799991,0,341.671690782505,1,179.954705200583,31.5966255453987,-179.740430725811,-26.9332215894645
166,171,0.0027641582653424,0.0059072138453381,0,894.137497918405,1,318.206668639312,-291.326068259601,-312.969494597942,302.518302581175
168,171,0.0136932439851127,0.0226593778047486,0,958.933968737926,1,-48.0722445302806,-106.463552575265,50.0651716519078,109.761418927122
170,171,0.0027738918732779,0.0095883609499163,0,576.373799094053,1,-285.289499198665,32.1839833500476,287.600132495942,-24.1969430870057
138,173,0.0026020015388694,0.0100984411263242,0,297.558857794242,1,272.544701822573,-50.9104956898089,-270.478005460277,58.931402376012
144,174,0.0013643446205971,0.0049315322154552,0,6614.8323950069,1,-534.789883580337,47.146466580652,538.847168477204,-32.481087413163
157,174,7.97535246595207e-05,0.0016844541726221,0,2283.46929125891,1,994.175172185493,-15.5005492623593,-993.371197942588,32.4810874131777
124,175,0.0012007368214046,0.0129595535431871,0,737.447692454109,1,-200.881565929811,28.6807766472186,201.375981209077,-23.3445521140901
125,175,0.0004141203681931,0.0056759501821228,0,740.50049366467,1,314.171897142049,-3.2610206376698,-313.763099814083,8.86401301943153
165,175,0.198173831354972,1.02784438873782,0,5.19007368037172,1,0.0,0.0,0.0,0.0
166,175,0.0030774933085702,0.0386743558552713,0,475.186756702356,1,-96.7176252804656,-10.7523728467544,97.0142923206125,14.4805390946613
157,176,0.0050067429728495,0.0266798654056623,0,20.0985362393698,1,77.7319151559264,47.7426252660852,-77.3070770526037,-45.4787536279141
168,176,0.0005904743438936,0.0017702260275329,0,5068.9648838501,1,-923.136540727725,20.1123146893261,928.506078479952,-4.01458651009174
128,178,0.0051743548076208,0.0093118882161109,0,1294.25902264184,1,-656.645831506499,39.6270801211604,682.793733703883,7.42928756147978
168,178,0.0006506082438704,0.001452588611923,0,986.505338357054,1,971.208785258009,86.3512378859689,-964.611544539263,-71.6218260956164
177,178,0.0018452694831093,0.0164329178771821,0,2614.92905119203,1,-280.147048630205,-49.3136829739097,281.81781083532,64.1925385341846
121,179,3.75269397370182e-05,0.0008901441196528,0,1305.06293485492,1,906.281830586162,232.893377513405,-905.945290134796,-224.910592188814
129,179,0.006551421300843,0.0080279330581621,0,830.095412373152,1,299.247847106921,-133.605739433154,-292.127505405627,142.330812040205
172,179,0.1088151540658,0.0916789981181728,0,5.19007368037172,1,0.0,0.0,0.0,0.0
173,179,0.0011447672435472,0.0081560488842032,0,3186.75891667346,1,268.605531819141,-75.9923964623836,-267.68093938821,82.5797801485827
128,180,0.0032611296714594,0.0130041465413372,0,490.358237025363,1,-276.84362401618,-39.6270801211508,279.822036445073,51.5038576761296
170,180,0.0114433578911847,0.0026224747865904,0,4706.3243230821,1,465.029929924489,-5.25076176059777,-440.017929861985,10.9827628174417
173,180,0.0146442546378493,0.23311621186196,0,2.52633753710047,1,1.87247364113514,17.0609940863697,-1.82776009640076,-16.3492165036131
177,180,0.0006751306533633,0.0099201347386746,0,519.447543661863,1,-161.807486761266,49.3136829739122,162.023653513253,-46.1374039899175
183,184,0.011738706231136,0.106103012731902,0,169.942568939428,1,-10.3943309463438,4.08224796795886,10.4095178188772,-3.94497790616157
182,185,0.0494791022444317,0.155429671484283,0,116.102942442087,1,8.08029443661514,0.101497844744506,-8.04798386045717,-2.0383000842727502e-14
183,187,6.93577268266547e-05,0.0005911626717577,0,2082.66927916926,1,720.606845585175,4.87921906533357,-720.233191889071,-1.69442441580208
186,188,0.0233355480167538,0.275432629528057,0,27.002359344561,1,3.72137337890838,0.769436270975114,-3.71793377409872,-0.728838150177561
181,189,0.0037957603559823,0.0167592157071641,0,475.665361820837,1,279.096483369176,-16.2280388380175,-276.129785540073,29.3267395443336
187,189,0.0053003892696255,0.0082590504124853,0,485.973962569128,1,-271.987096891456,35.7818643760577,276.129785540074,-29.3267395443344
183,190,0.0064284737367446,0.227093731404001,0,93.1948574757733,1,-7.04532027243561,0.900357174928877,7.04868463296544,-0.781507006475992
181,191,0.279482427627449,0.376539920873622,0,109.0202441412,1,6.70048854553731,-2.74581851880555,-6.55393895508477,2.94326124055913
190,191,0.188334970354495,0.233739691755611,0,97.6163426701325,1,-7.04868463296557,0.781507006475923,7.14725029047543,-0.659178655237289
183,193,0.0001975001280902,0.0041816018049639,0,919.560790072958,1,329.457151604069,23.1096430791263,-329.233663392906,-18.3778045926193
192,193,0.0055050703838912,0.0130417758194642,0,502.874351866269,1,182.413609399196,-13.9086339155157,-180.527125574016,18.3778045926128
186,194,0.0434703571635249,0.118132438819959,0,6.25563958969574,1,0.379003387643375,-1.44438435525048,-0.378013968434927,1.44707314162667
191,194,0.076125602807682,0.267998559212831,0,93.1514763481799,1,6.13311458351111,-1.38841494062541,-6.10253467220934,1.49607086540587
192,194,0.0752426199813319,0.0605955194855118,0,117.901925988303,1,-6.44176368226419,2.97437889361469,6.48054864064421,-2.94314400703254
192,195,0.0015819353419247,0.0265312877048033,0,115.759591712224,1,-57.8839315436272,-3.62802223742824,57.9384151343665,4.54178892737151
191,200,0.0209975416538035,0.177020022563272,0,97.2739283359681,1,-6.72642591890167,-0.895667644696396,6.73624810597748,0.978473708684562
192,200,0.0002498913351657,0.0986085400021893,0,2533.66806406208,1,-35.8397593878624,-6.27162549757669,35.8431465723539,7.6082277339112
198,200,0.00227964109499,0.0940135312138503,0,46.8911414091558,1,5.77699700166795,3.02087923200778,-5.77602469470587,-2.98078080987901
199,200,0.0036284313426081,0.0170441195225381,0,211.812215935178,1,65.7414225512022,-15.6474265273749,-65.574015834202,16.4337994318091
192,201,0.0033563151826869,0.0271945926982578,0,323.055230139337,1,-82.2481547854412,20.8339027569065,82.4955445094124,-18.8294239118215
196,201,0.0078532753105318,0.292426873392893,0,19.8334925776417,1,3.67342066885464,3.64891880310616,-3.67130065632595,-3.56997739193629
197,202,9.34248645916205e-05,0.0305004782192247,0,301.925662515306,1,-80.9792863168943,5.77315972805081e-13,80.9855665501012,2.05031194827241
201,203,0.0030828840172634,0.0102107836561231,0,757.019541695104,1,194.971848336558,-27.2562875344416,-193.741838312061,31.3301891748104
195,204,0.0116263489640268,0.0533390586487258,0,127.168270232629,1,-57.9384151343665,-4.5417889273715,58.3388393628166,6.37884469369649
198,204,0.0041168187048466,0.0953814562472897,0,48.584880168995,1,-5.29471540822795,-1.62921828908934,5.29598332145577,1.65859422685457
199,204,0.0507946699686335,0.12055288327624,0,8.38952136748984,1,-0.45523044068102,-4.01907612910914,0.463626029462856,4.03900169285583
196,205,0.0194607256685793,0.219335560892962,0,17.999035755724,1,-3.67342066885463,-3.64891880310611,3.67867414343733,3.70812902033318
198,205,0.135570977624545,0.462304962580335,0,2.6631630539164,1,-0.482281593440019,-1.39166094291883,0.485233098631462,1.4017257482407
205,206,0.0027651809113282,0.0170371564348564,0,786.863949832089,1,117.244896067064,-53.4219739878747,-116.790707266089,56.2203752141595
202,208,0.0025414204108949,0.167692035558321,0,354.466086337308,1,-14.170829203131,3.73001862987374,14.1764187909733,-3.36119757248936
203,208,0.0026241705862763,0.0276931115887023,0,369.723803367535,1,-88.9265184770926,10.0838354726,89.1442378093993,-7.78622349717549
205,208,0.0228300470140459,0.0105521626710845,0,467.894175293966,1,105.875269404858,-9.96666616986122,-103.320656600373,11.1474210696642
183,209,0.0004032471247787,0.0082171513162317,0,2163.45315327728,1,-391.847214775257,-90.9495304646099,392.524155509019,104.743861780659
203,209,0.0007878281197459,0.0048131756825968,0,2305.09640578738,1,-410.403494208804,-112.765848824864,411.881773899146,121.797285605673
201,210,0.005858165432308,0.001999513156568,0,668.260906552904,1,-273.796092189642,49.6556888382028,278.465619852418,-48.061882363366
204,210,0.0399287359236603,0.106592516031634,0,316.028787652217,1,11.38952420466,-5.01570609139732,-11.3276831497603,5.18079505510546
205,210,0.0024388520532939,0.0698253574747342,0,173.662294905968,1,13.8690064488925,5.93558839495652,-13.8635146042948,-5.77835458009306
202,211,0.0134673862357263,0.0306196828095914,0,188.883879717827,1,-66.8147373469702,-5.78033057814651,67.4351576156423,7.19092885630279
203,211,0.0056881015526339,0.0048514705803657,0,1318.26769765627,1,-344.180973851531,71.3518241774565,351.460605370966,-65.1429128516574
205,211,0.551416761041494,0.442602265955018,0,34.5259484360776,1,2.32320075124168,-1.4617522782051,-2.28209504144638,1.49474634292074
206,211,0.0132208028668739,0.0367567130437725,0,164.099856785325,1,3.77928596828365,32.2047510138133,-3.64338558264646,-31.8269183263659
199,213,0.0165554665750112,0.030513672978155,0,221.151525032787,1,-65.2861921105205,19.6665026564852,66.0637820115852,-18.2333129698824
204,213,0.0097525168372285,0.0318599075507925,0,289.17002492049,1,-70.8900147901777,22.6649310695793,71.4302157966306,-20.9001810658945
205,213,0.000299401058442,0.0120914631577971,0,2701.72496636826,1,-243.476279914125,53.8049492724085,243.660472208408,-46.3662503183564
207,215,0.0139056796024803,0.0305184058416112,0,322.807596381682,1,85.3197745202178,-7.87826894982901,-84.2504551211101,10.2250743077243
214,215,0.0389078460855853,0.11049142067494,0,153.551375807598,1,8.4973315230981,-0.011278738674818,-8.46754442150578,0.095868853621929
207,216,0.0624725849184439,0.267793146875086,0,40.6339593241713,1,-6.38010964086251,-6.83843142113372,6.43734664689804,7.08378188940669
210,216,0.0149233086246026,0.168738576080924,0,22.9349517201711,1,-4.64600504090308,0.962783043663265,4.64935859327216,-0.924864264000816
211,216,0.0005950268020755,0.0029399055595648,0,1041.47368614161,1,-551.642794565957,88.2841559787944,553.502975131593,-79.0933847939849
212,216,0.0012258783455916,0.0037552417141197,0,5503.67411318342,1,485.363599685286,-153.062922556525,-482.188500210309,162.789226995942
184,217,0.0080462007403481,0.0398247150158312,0,54.2300304431894,1,-5.75284054384464,6.42190268498256,5.75908498552106,-6.3909957864075
207,217,5.34680735303893e-05,0.0119923222039074,0,353.508594037947,1,184.704534342859,5.65123851634773,-184.685410084578,-1.36187007504739
209,217,0.066503063303058,0.551425862712144,0,25.607543336457,1,3.40261009218412,2.31220431977334,-3.39116237529565,-2.21728287032764
217,218,0.0042094967607061,0.0288486427574163,0,2189.24178212132,1,144.261684112768,20.1980328600389,-143.325061949436,-13.7791472486147
209,219,0.0005159489742884,0.0045160192845059,0,735.814891383526,1,-582.832195788918,-111.598163590509,584.680206412332,127.773506558908
210,219,0.0007275069194546,0.0060327883542694,0,391.799683933703,1,-249.932278201902,47.0176061416677,250.401961892161,-43.1227946683835
215,220,0.0039232964555896,0.0090313958780957,0,530.954811899286,1,92.717999542615,-10.3209431613468,-92.3534571973252,11.1601166145663
218,220,0.0035797257308197,0.0281866667519248,0,510.455794242279,1,-92.0208385364174,13.7791472486144,92.3534571973263,-11.1601166145651
219,221,0.0043767273248998,0.0027322268208021,0,1562.44140859988,1,360.349904291022,27.2568675185222,-354.634117663447,-23.6887161655699
221,222,0.0275124566178279,0.0219861734990691,0,194.711279787224,1,68.7859182512815,1.0756895138014,-67.4398513204451,5.120903701083529e-13
209,223,0.0076065046320294,0.115506445922917,0,7.33449845961123,1,-2.25067337114906,-2.56371420512405,2.25157378585214,2.57738720044071
210,223,0.1216220981893,0.683563359692572,0,4.76276808974266,1,1.30386114444118,0.679052703021178,-1.30123740596714,-0.664306275250509
214,224,0.289335533114965,0.266219673141165,0,150.225556276368,1,-8.49733152309803,0.0112787386747418,8.71884126435189,0.192533943021555
219,224,0.0069980752708146,0.080730698655638,0,1721.69180530101,1,19.7756516942247,2.51513383066448,-19.7478411822745,-2.1943081789207
223,224,0.0056228189795461,0.0701262507340799,0,207.676730119078,1,-11.021888366605,-1.91308092519056,11.0289999179227,2.00177423589938
217,225,0.0272194578262664,0.0668753318315896,0,2358.80909377827,1,-16.4681803812551,-3.27467516531682,16.5486465835342,3.47237212214058
217,226,0.0071880208525744,0.0379283101431306,0,81.466291520983,1,54.52398374284,-6.95320896294015,-54.2962686634782,8.15477032891861
221,226,0.0017895182257261,0.022001815411552,0,355.001758506789,1,251.107000228691,22.6130266517661,-249.93103757661,-8.15477032891999
219,228,0.0001981758998088,0.0043569446282849,0,3015.4351254952,1,-477.538841243479,26.7146025227861,477.992182516101,-16.7477860509678
229,231,0.0038399965501261,0.0052946363601014,0,3151.19977854587,1,-475.372237947841,69.3941526159408,484.510508628535,-56.7941881152281
182,233,0.0006562967874536,0.0096258938899806,0,449.104855220394,1,287.383405761515,-125.641205341286,-286.737774227476,135.110672139688
230,234,0.0048024559973459,0.0034406643660138,0,1002.87427990593,1,-278.64948118178,258.618402038687,285.636238221248,-253.612820312799
232,234,0.0055933167550449,0.0189719596740474,0,376.65668322385,1,89.0143375371875,-87.2744561176786,-88.1265959256392,90.2855850761945
233,234,0.0095288583118678,0.0061438012956846,0,1606.50177956176,1,203.750542228656,-159.303369224538,-197.509642295603,163.327235236606
225,235,0.000220495527022,0.0830937910936455,0,626.44298277318,1,-16.5486465835343,-3.47237212214022,16.5492984127438,3.7180141126956
232,235,0.0062751394240555,0.0506621863094746,0,942.790589611351,1,16.5678489893736,3.86778174427393,-16.5492984127439,-3.71801411269576
188,236,0.0642441303060024,0.478714558224978,0,22.0185575008311,1,-3.41916075940646,0.0539520591294912,3.42687496232533,0.0035302544262852
183,237,0.0004293068889566,0.0031599384209061,0,1495.15432540335,1,-640.777131195197,57.978063177287,642.62079028974,-44.4077027713373
229,237,0.0007672069405509,0.0038244954250049,0,698.888405806519,1,539.083955761109,-54.7335783557074,-536.761286259758,66.3119914437554
232,237,0.0017348145808042,0.100587014402673,0,2442.23179611518,1,25.952650659892,6.3525791153071,-25.9400020425328,-5.61919430833118
233,237,0.0242312016626343,0.0448674023156899,0,60.9604139028534,1,81.5878361633221,19.3742445312168,-79.919501987451,-16.2850943640894
186,238,0.0199591564441166,0.101562369011502,0,51.3466711141796,1,-4.10037676655171,0.674948084275274,4.10389483409603,-0.657046362068559
188,238,0.0272287345870813,0.105086568723414,0,274.660225324154,1,-13.4878994796583,0.674886091048208,13.5388927073378,-0.478082846012018
209,238,0.0045358203565995,0.0246043893264605,0,1707.27215083997,1,39.2632348519779,-0.587891913061188,-39.1920973789535,0.973774497552155
227,238,0.0528705591118149,0.0738802113137476,0,720.53101811772,1,-21.949259990628,-9.57567358739198e-14,22.2155956088877,0.37217181145746
230,238,0.0846740270232078,0.564126923948605,0,6.49246265140175,1,-3.04992422551405,1.68521585427154,3.06027319985762,-1.61626749705145
184,239,0.0107564096900916,0.398475877039487,0,44.2957778228476,1,-4.65667727503293,-2.47692477882111,4.65980137444785,2.59265840092993
204,239,0.0611844116898602,0.228418876986308,0,185.706378112674,1,11.9127015141516,1.57145283553318,-11.824362284969,-1.2416572721467
236,239,0.0146385138602285,0.169005988046186,0,23.3650323514326,1,-3.42687496232537,-0.0035302544264578,3.42863270215017,0.0238238824993046
238,239,0.0578834154532404,0.18920450476341,0,22.8087643341679,1,-3.72655897122551,1.40545039612282,3.73592820837106,-1.37482501128236
209,240,0.000704448123787,0.0047485204378832,0,1807.33752202326,1,-397.258054712402,-114.103581997413,398.482094008644,122.354545295789
233,240,0.0122038434493677,0.219041648641254,0,34.9227824346855,1,1.39939583549304,4.81845255362845,-1.39638759216603,-4.76445886052707
241,243,0.396637168049435,0.399509755761273,0,9.21010511980161,1,-1.21259791034651,1.08068715777116,1.22307349142146,-1.07013570880512
244,245,0.0352726434445525,0.311641407187417,0,5.19007368037172,1,2.34015341463936,2.42444763526959,-2.33613157642135,-2.38891382778191
241,247,0.0362930297169064,0.132984715962189,0,22.6056263443976,1,-0.850488640296272,-0.168915829622737,0.850761806083729,0.16991676216926
242,247,0.0136294252016311,0.0279551564387772,0,129.104368929205,1,-65.7417301753387,32.9880848989905,66.4791078154291,-31.4756581474416
246,250,0.0001037549716616,0.0074952197136312,0,617.422776522449,1,-204.635978117361,-1.33238569580949,204.681063604599,4.58934415605938
250,252,0.0384866259137093,0.0229181772871496,0,175.676143206906,1,-54.1632416768704,6.13588837643642,55.3487686454885,-5.42992580890956
249,254,0.0326816844759894,0.0532126534582407,0,933.468095626633,1,36.0594735693351,-7.46832816869925,-35.6099605880196,8.20022980973287
250,254,0.0230126464542405,0.0585763430617468,0,1321.20149218972,1,-35.293438245874,9.00590512991356,35.6099605880196,-8.2002298097327
245,255,0.0038620722125132,0.0072235029624973,0,750.671247685585,1,-297.224451755064,18.8039577622354,300.722893669202,-12.2605779028362
253,255,0.0340949571179563,0.106865285606137,0,2930.9728485256,1,39.7546859200201,-13.8824311489617,-39.1472103939341,15.7864677303638
249,256,0.0007908075912587,0.0170147599305334,0,239.151776665996,1,-68.6671524690586,9.91547875711852,68.7057615722395,-9.08477780151615
253,256,0.01263854013401,0.0367800406233461,0,279.631317909264,1,69.3228050926657,-7.28908893974826,-68.7057615722396,9.08477780151581
250,257,0.0112079041437488,0.0659315955615263,0,3678.37136002869,1,-24.2779239045659,-8.02972183459693,24.353901581827,8.47666797409203
252,258,0.0002113646306304,0.0457976241344359,0,121.561349228864,1,-55.3487686454888,5.42992580890887,55.3552794388846,-4.01919371117329
257,258,0.0023388799791955,0.101631909211019,0,1288.01073327922,1,-24.353901581827,-8.47666797409204,24.3697567021004,9.16562429441942
250,259,0.0007072737032502,0.0067470714861961,0,1588.69186429507,1,-379.412482762546,-11.7014158278196,380.469003111921,21.7801424807295
251,261,0.0023555897035504,0.0112208600428465,0,546.395868535477,1,500.775300136947,-47.5701793285394,-494.814743671931,75.963311532598
253,261,0.0005016691309539,0.0100083326847894,0,374.415128155588,1,-276.49837353084,41.7127396419344,276.892528757098,-33.8493165400566
260,261,0.0292642308290399,0.0757167788195933,0,5545.67509810125,1,-32.5573187845657,14.3158228088988,32.9304010339266,-13.3505288183816
259,262,0.0084209729114505,0.0340388492700728,0,2414.36180958997,1,-49.5618997499192,6.42496933039759,49.7782347946286,-5.55051027962875
260,262,0.0030111011699728,0.0148173471511168,0,404.188556770256,1,260.285004284903,5.26633194161822,-258.228142097789,4.85529444954764
260,263,2.40303912024369e-05,0.0047530041235619,0,2107.88387887511,1,-428.39236402855,-75.4280513148991,428.438189544993,84.4919432333454
247,264,0.0304806133270269,0.135782284743918,0,6.08796042466283,1,-5.81787208511197,-3.46803641997199,5.8318550397165,3.53032642389361
253,264,0.0030119981657149,0.0528585483064344,0,4596.51034973803,1,30.3780426793583,-18.2879366427464,-30.3399907981096,18.9557216454174
260,266,0.0107899772456628,0.0474360730159677,0,2011.75792268198,1,22.803335521661,-5.11165442716688,-22.743945524891,5.3727511986485
259,267,1.18954398036964e-05,0.0113150451740859,0,973.891520110352,1,-330.907103362,-28.2051118111189,330.920598191465,41.0415102572632
260,267,0.0003057918164996,0.0102730157039435,0,253.726624063372,1,179.590838710239,55.1264766983263,-179.482070134936,-51.4724178848375
260,269,0.0426008111152563,0.311126261985667,0,20.716813181751,1,-1.72949570368504,5.83107429322972,1.74537884214318,-5.71507505829233
261,269,0.0104854711315781,0.0094405540661778,0,551.887219968393,1,184.991813880906,-28.7634661741606,-181.281141599573,32.1043558541955
267,269,0.0127736495885408,0.0660676558793624,0,3164.48550480872,1,-34.3349310597144,24.2030219939521,34.564910742659,-23.0135249401377
265,270,0.0051700764561507,0.0141153337452778,0,433.862160115713,1,208.065008872694,-105.028132556937,-205.229943317468,112.768423603144
265,271,0.292528852326951,0.399163985371769,0,5.19007368037172,1,3.65831263329164,-1.59173470308854,-3.61131054743573,1.65587039350606
267,271,0.0011763518904721,0.119226882233527,0,106.569322532811,1,5.14523116063766,-0.947634732030045,-5.14490265369511,0.980929921053687
269,272,0.0014720021283904,0.0194219263343036,0,1193.10047680658,1,131.287086629424,3.49777746735605,-131.02198749415,4.56579218877096e-13
266,273,0.0130799720328237,0.0719011490804169,0,942.139310739456,1,22.7439455248912,-5.37275119864709,-22.6719509804083,5.76850819742724
270,273,0.0007456556720025,0.0509072924111887,0,1079.00228231534,1,-22.6678467560021,6.0487111916536,22.6719509804081,-5.76850819742687
265,274,0.0019484402805155,0.0031687907495097,0,543.41756231183,1,-512.459503264994,173.628318458019,518.217770970997,-164.263522614671
268,275,0.0035775936826201,0.102819238103897,0,115.167718921868,1,-8.70524719429593,2.79801807075842,8.70829275874901,-2.71048923309776
271,275,0.0562916577783882,0.0865616254400482,0,96.1177600581202,1,8.75621320113095,-2.63680031455967,-8.70829275874881,2.71048923309774
269,276,0.0224101306176373,0.143216372220203,0,345.016975065337,1,13.6837653853472,-6.87353332312121,-13.628897519514,7.22417727206404
267,277,0.0076702076945892,0.0169045758265281,0,209.466919346593,1,-140.594368929606,7.12428375493412,142.145208006699,-3.70634804610461
276,277,0.0180508282359319,0.0422878441150255,0,1123.06611326173,1,-50.9488695643728,-10.873646923354,51.4529792250259,12.0546293396701
276,280,0.108383010994344,0.0847743819457814,0,115.216290379887,1,64.5777670838865,3.64946965129053,-59.9119647476062,-2.9143354396410403e-14
278,281,0.0296933106583936,0.190585704606329,0,47.8497495066781,1,-4.87800759629095,-0.55255263618557,4.88522500297009,0.598877364108266
279,281,0.0112076648921536,0.184757833445283,0,40.3402701153715,1,4.88794919483876,0.643785540110157,-4.88522500297007,-0.598877364108089
279,282,0.0081819656086982,0.127325527732034,0,112.256888335948,1,7.20047055251728,1.21125569335628,-7.19610842620195,-1.14337346777684
282,283,0.0084922576345669,0.128143146029163,0,98.290697159099,1,7.19610842620199,1.14337346777728,-7.19158087105499,-1.07505533786136
264,285,0.0782863933302129,0.0305567521082787,0,1100.87191787023,1,24.508135758393,-22.4860480693112,-23.6532354271001,22.8197328437574
278,286,0.037241232607893,0.187670957944996,0,42.20065707668,1,4.87800759629093,0.552552636185572,-4.86895555342323,-0.506936381368605
279,286,0.0020326873046617,0.0216545263466124,0,1016.26394479154,1,126.871812799877,22.4675896328003,-126.534361309546,-18.8726676930943
283,286,0.0224847641982291,0.126327342921069,0,95.5330298585853,1,7.19158087105496,1.07505533786109,-7.17959336263782,-1.00770528369861
284,286,0.0029584329594946,0.0695803877121317,0,867.806274142135,1,-110.754577419391,-1.0561259875343,111.128059321143,9.84017344886534
267,289,0.0030437635398917,0.0520555258762561,0,3982.25173420047,1,18.3455407721535,-19.9487633892877,-18.3227310568122,20.3388632481035
285,289,0.008640367835845,0.0518547454073478,0,352.893157271079,1,-23.6873090456617,-6.31104891474918,23.739797779993,6.62605748929304
253,290,0.0042555940114502,0.0201918022938497,0,1543.70420971369,1,137.042839838796,-2.25328291047629,-136.239532487766,6.06478917013034
288,290,0.0062759513915975,0.253316474975289,0,63.9751788739641,1,-4.28391995365339,2.00278777810723,4.28533091631786,-1.94583703611066
285,291,0.0086861907809642,0.0487581716869737,0,1173.421760752,1,32.4756271569219,-16.529440551246,-32.3590241490866,17.1839679060572
245,292,0.0014604375199321,0.0245875664015844,0,264.021286625771,1,-76.8070044365348,-1.68636628351938,76.8950372059324,3.16846430793792
268,292,0.0185177191901587,0.0645789601048566,0,96.7172555496282,1,8.70524719429596,-2.79801807075825,-8.68948327241975,2.85299339852328
285,292,0.0224343268003975,0.0593393495955681,0,965.459589606628,1,14.86491731584,0.02075662223827,-14.8148034878702,0.111795692967419
242,293,0.0239382872388358,0.129827208681466,0,176.111992227301,1,6.56491224582628,7.6915146712418,-6.54043355875897,-7.55875665132045
290,293,0.0039125173074155,0.0184129367187679,0,855.852011628558,1,131.954201571448,-4.11895213402002,-131.262081925391,7.37617868238897
292,293,0.104445025644818,0.0786648577946438,0,59.5873975164097,1,2.78442285852041,-0.176346109282441,-2.7761486842682,0.182577968932051
243,294,0.0235942993781977,0.0139601704389501,0,556.069790045803,1,90.1546362063737,-69.6342245711591,-87.0928550197056,71.4458056877467
245,294,0.0086007353000917,0.0167373304177448,0,573.348175368858,1,-114.057966180952,64.2743257798676,115.563557750048,-61.3443921536261
286,294,0.0008289945258775,0.0367481380414064,0,1992.68263767429,1,28.4784394734787,10.444372258089,-28.4707027303421,-10.1014135341179
241,295,0.0889981126871893,0.13403116131092,0,9.91986187185186,1,2.06308655064288,-0.911771328148365,-2.05855379430647,0.918597659374542
286,295,0.626491277392462,0.523992005314194,0,15.8218448817827,1,-1.02358856901441,0.102763651209725,1.03031353022841,-0.0971389505325706
289,295,0.0183734364520236,0.161675680036118,0,5.19007368037172,1,-1.02792129465633,0.824265456415022,1.02824026407809,-0.821458708841828
246,296,0.0004973679448622,0.0174007332230028,0,170.60139570594,1,-139.721196810583,1.33238569581306,139.821956619269,2.19276016182549
287,296,0.0119705055546292,0.0663336867375411,0,1665.51346207383,1,-36.5575724645964,-6.80011602582908e-14,36.7249370198046,0.927438521746898
291,296,0.0095183554677839,0.0090592655533423,0,368.16058935301,1,179.621359723615,6.04637692821574,-176.546893639074,-3.12019868357341
244,297,0.0012705019052108,0.0043813727335073,0,215.55017821713,1,-136.728094750643,-7.82712647454502,136.967392894665,8.65235496030686
289,297,0.0027105766035708,0.0294680298556224,0,463.381195095164,1,92.8142106065102,-7.24958198574656,-92.5792840071731,9.80358619061803
244,298,0.0173826754193809,0.0435778742875434,0,293.747519172311,1,-26.1322040248397,5.40267883927339,26.2565047384833,-5.09106047545273
270,298,0.0027184087938799,0.0407735161997025,0,63.1213578934436,1,23.5542949519699,-1.86598359478529,-23.5391184370736,2.09361671507697
288,298,0.0527365629032746,0.249554310243018,0,62.0445423102018,1,4.28391995365337,-2.00278777810709,-4.27206369208182,2.05889270826676
292,298,0.0076844760379433,0.736540060495078,0,7.61013703506841,1,0.0357461001964902,-1.19959838054204,-0.0356334584240288,1.21039484571329
297,298,0.0788292910992297,0.392022559995546,0,5.19007368037172,1,-1.58825961806737,0.282044682484051,1.59031084909631,-0.271843793602567
249,299,0.003587293282678,0.130599067023506,0,14.4853494195349,1,-1.50916410516665,-2.44715058841926,1.50946487003838,2.45810024002195
297,299,0.042387176986316,0.281445140308944,0,104.76388361635,1,-6.92577543531116,2.46491047781824,6.94868237667366,-2.31281147561533
248,300,0.0002632312103418,0.0043340636650429,0,3570.71760188826,1,481.975927448242,1.14534869836472,-481.364435801749,8.92277249098764
292,300,0.009558595771913,0.0409269638568896,0,3997.05273310657,1,-56.2109194043595,-4.75730890960377,56.5204924605722,6.08280541400771
297,300,0.0296172455519113,0.0719886482547781,0,1023.51168782071,1,-34.3499419214882,16.2671989148929,34.7777749605122,-15.2272939006307
299,300,0.0293901170066213,0.105991562658904,0,166.070879871868,1,-8.45814724671211,-0.145288764406705,8.47933954930647,0.221715995635829
18,103,0.0007486496779708,0.0032999880720004,0,663.851416411576,1,550.617452299219,-137.048192353935,-548.204263364144,147.685336716057
6,69,0.0009554568826989,0.0026147888713521,0,3209.43860198964,1,1984.02283834029,-527.129871908995,-1943.75785471943,637.32263202559
4,111,0.0002303372118274,0.0010567880284056,0,1246.35912473017,1,291.662687674177,198.470388220065,-291.376015466091,-197.15513500857
38,69,0.0022581135688636,0.0020327145062754,0,1981.75915010532,1,776.990536637689,-319.793570110169,-761.27444836699,333.940919052336
113,147,0.0022754548715798,0.0349879917698101,0,19.14833468129,1,15.5293442358369,17.9352738573606,-15.516134902744,-17.7321636821986
119,157,0.0007633351002728,0.0012382574701935,0,4427.69771806016,1,1274.22817680269,7.4145473802024,-1261.83380995754,12.6911929805492
108,158,0.0254794330942206,0.219831716755163,0,21.6927274633084,1,-3.44117281057358,1.15435017497179,3.44458547650584,-1.1249063404945
95,132,0.0013891791474174,0.0066553177491393,0,879.530769150664,1,370.404571845452,-72.369041813685,-368.425869173516,81.848665113017
123,200,0.0096892811855958,0.0085710487619391,0,1254.94467599905,1,-28.6421594518163,22.1533779476976,28.7706458505745,-22.0397200645267
176,187,0.0009644942249265,0.0020090964932115,0,3282.89813670395,1,-851.199001427367,49.4933401380306,858.594814322093,-34.0874399602722
136,230,0.0002514408717712,0.0015248794321185,0,882.380093915172,1,-281.32706278842,262.561713791265,281.69940540729,-260.303617892944
132,206,0.0119349237711261,0.0021585668167607,0,1815.85866072306,1,-110.608877949179,88.8596535402222,113.011421297806,-88.4251262279722
232,245,0.0037116210853915,0.0064131126609216,0,1397.64620278385,1,-131.534837186455,77.0540952580973,132.415747685687,-75.5320168600628
219,242,0.0006397528507831,0.0073720118751905,0,716.730263553106,1,-328.128162726694,32.5131905693157,328.823735285124,-24.4979560072181
207,245,0.0047860206427584,0.007675048878115,0,337.617571379136,1,-263.644199222216,9.06546185461736,267.132812079182,-3.47098657074104
229,258,0.0066928097055895,0.0670192413266359,0,147.203368939651,1,-63.7117178132702,-14.6605742602374,64.0066775954379,17.6141889142208
262,53,0.0042917026436113,0.0120337302374179,0,1507.36780928566,1,208.449907303162,0.69521583008243,-206.540242848796,4.65939253777242
284,23,0.0030128133115293,0.0123549749189507,0,385.559971740686,1,-194.681657147698,1.05612598753499,195.856771262674,3.7627937118315
270,26,7.2536204984001e-05,0.0223614851967036,0,750.276116541175,1,218.414173063822,4.6277039089658,-218.379554313758,6.0445757788838
265,7,0.0011189717624033,0.0051767891427577,0,1088.69109289482,1,300.736181759007,-67.0084511979901,-299.663862148265,71.9694097359733
