from_bus,to_bus,resistance,reactance,susceptance,line_rating,line_status,P_from,Q_from,P_to,Q_to
1,2,0.000283,0.001004,0.0,0,1,33.317699593431,11.0311594375284,-33.3141998555761,-11.0187434064106
4,6,0.000265,0.00106,0.0,0,1,-208.417938570652,98.5677802571999,208.558788822293,-98.0043792506356
4,7,0.005663,0.030309,0.08365,227,1,-7.79050520878028,-0.749524864116541,7.7946094761965,-7.58893374399589
6,7,0.000219,0.001054,0.0,0,1,-5.75538069643119,11.3108632553642,5.75573374611778,-11.3091641029913
1,9,0.010262,0.023189,0.00897,83,1,36.5528802288467,-22.759004216027,-36.3639313717246,22.2911965421483
3,9,0.00046,0.01717,0.0,397,1,48.9941539046431,-7.54438101532045,-48.9828136997844,7.96766648798092
5,9,0.005315,0.026291,0.00233,142,1,14.1089855361787,-6.74823569819389,-14.0960286134055,6.57979427144268
3,10,0.001311,0.006752,0.00394,273,1,-48.9926971957898,7.55204623965018,49.0250559402918,-7.77817398007806
3,11,0.42443,13.738671,0.0,1,1,-0.0014567088530656,-0.0076652243250289,0.0014569680686015,0.0076736150536909
4,11,0.024254,0.650316,0.0,25,1,0.354389986038448,0.0749200944777347,-0.354358165069393,-0.0740668873650013
5,12,0.003578,0.018902,0.00596,211,1,-11.4885909857747,7.93500473326438,11.4957597657321,-8.49066276861617
4,13,0.00241,0.082268,0.0,231,1,1.8117844153952,0.852175215018107,-1.81168659753163,-0.848836094685361
5,13,0.027787,0.162667,0.09985,277,1,-2.62039455040372,-1.18676903507078,2.62631321394612,-8.6795796097779
11,13,0.002045,0.083085,0.0,147,1,-1.28412851869972,-14.1443465203034,1.28841433615837,14.3184722628722
1,14,0.00829,0.04734,0.00711,98,1,8.2239473777669,0.0182011980340792,-8.21830673223543,-0.693568154393255
10,14,0.001995,0.011796,0.00478,202,1,42.7118908440189,4.10227207446337,-42.6750108568922,-4.36014740570518
10,15,0.00022,0.001077,0.0,0,1,5.96712769632589,-27.0933452851284,-5.96542942366166,27.1016591017619
11,15,0.002958,0.019254,0.04745,261,1,-15.3279513611063,3.41946129259509,15.3359011732492,-8.10442097363743
8,17,0.000614,0.044954,0.0,263,1,26.9292064765415,21.4678602466131,-26.9219256312413,-20.9347932765378
13,17,0.003024,0.021169,0.01228,233,1,-10.518010875847,13.5983335566665,10.5275895785367,-14.7390130783732
15,17,0.002802,0.070474,0.0,135,1,-1.69500274092632,-29.9341945908516,1.72185413388115,30.6095425805382
15,18,0.002687,0.012898,0.00645,297,1,-45.3970490205835,6.21183799109472,45.4537084180798,-6.58356883377051
15,19,0.005432,0.029469,0.01162,198,1,-14.9042157308669,-3.36218897181663,14.9167328198449,2.26898308170275
11,20,0.00027,0.001159,0.0,0,1,10.4254640619936,8.02918176037278,-10.4249960242475,-8.02717266501076
18,20,0.012408,0.063091,0.00747,129,1,14.0962954249045,-3.29839135385599,-14.0705365440176,2.68346848804299
12,21,0.000218,0.001068,0.0,0,1,-11.4957597657375,8.4906627686096,11.4962073835724,-8.48846985187731
10,23,0.000744,0.004883,0.00199,226,1,-117.731230424771,18.1085800833908,117.83713377883,-17.6119296369007
16,23,0.001461,0.008001,0.00819,243,1,133.959851938077,-17.25317224859,-133.693031606535,17.8973523710965
22,23,0.021837,0.088589,0.00678,100,1,-15.800834321215,-0.164883771565573,15.8558978277046,-0.285422734195924
14,24,0.000239,0.001044,0.0,0,1,47.9910979442242,3.85183543823033,-47.9855264135671,-3.82749787335172
21,24,0.0001,-0.002254,0.0,773,1,-11.398372242933,-12.8283167901084,11.3986683356253,12.8216428608237
21,25,0.000515,0.003401,0.00523,257,1,-2.98251394378564,43.3553456531935,2.99241024259846,-43.8093911110799
16,26,0.000213,0.001068,0.0,0,1,108.495819320106,-13.3115851807015,-108.470321626595,13.4394327707
18,26,0.002388,0.015979,0.01253,247,1,-59.5500038429836,9.88196018762716,59.6374647760593,-10.5474429298012
21,27,0.008631,0.039427,0.00392,117,1,3.29823185188068e-06,-0.389891393813749,3.65531325364862e-14,3.52444646667985e-13
22,28,0.007686,0.043004,0.03191,295,1,7.97352071243151,-2.77100928821494,-7.96847589804166,-0.360314996643512
21,29,0.020997,0.110313,0.06154,268,1,-5.65815875645783,-25.5146469454319,5.77136027329578,19.8268811077811
9,30,0.009609,0.046499,0.01522,216,1,1.23502925646692,-0.375308852605758,-1.23486829204691,-1.14393937077923
28,31,0.002571,0.070381,0.0,221,1,-17.5266549245643,-1.35610855860384,17.5346797444786,1.57578761359733
29,32,0.004213,0.023207,0.03087,222,1,-5.34510313378689,-87.6333921006222,5.64392599565571,85.9838690800573
29,33,0.000237,0.001053,0.0,0,1,2.84715611724661,0.745725302973042,-2.84713651228069,-0.745638197364979
25,35,-0.000107,-0.003409,0.0,259,1,-58.8016392412099,24.6630660310461,58.797252090409,-24.8028398355355
29,37,0.039425,0.102533,0.01087,72,1,21.4451176523006,14.1692238516119,-21.1901930063324,-14.6193290813424
31,37,0.008987,0.051222,0.02036,262,1,36.7780793791293,-14.6790618154894,-36.6387561731219,13.4434137198314
34,37,0.000538,0.006796,0.11595,1127,1,-41.3720247720304,-7.86915824321661,41.3812556547721,-3.61455456218188
29,38,0.001045,0.040879,0.0,322,1,4.46361473737486,-48.1799756358508,-4.44025110318644,49.0939297047396
32,38,0.000211,0.001011,0.0,0,1,5.63036725766369,53.1104931890485,-5.62483517225073,-53.0839863722119
35,39,8.9e-05,0.005738,0.0,1282,1,-59.731966478785,-20.1921819084387,59.7357093353346,20.4334910194885
7,41,0.002298,0.016106,0.00575,161,1,42.9789794686136,3.92880110351142,-42.9360734895035,-4.20148455642309
11,41,0.008308,0.034631,0.00989,131,1,6.53951701481707,2.76209673966807,-6.53507842289277,-3.72986602634697
24,41,0.000876,0.010012,0.42842,1354,1,-2.79995255882994,-28.7660142843457,2.8005137903428,-13.8467997905881
32,42,0.002448,0.010483,0.00147,160,1,21.7622125495382,8.81804437772954,-21.7497746578992,-8.9244952192105
36,42,0.000256,0.001066,0.0,0,1,0.0,0.0,0.0,0.0
39,43,0.000514,0.00347,0.00401,288,1,-67.7928795338482,7.97293024752379,67.8181650272811,-8.18231901614594
40,43,0.003685,0.024389,0.01393,241,1,67.9999997869797,-8.29999946759346,-67.8181650272822,8.1823190161391
13,44,0.000231,0.00103,0.0,0,1,5.92587559948082,-18.7319144319222,-5.92497144070204,18.7359459624077
41,44,0.006021,0.026113,0.00243,165,1,-5.90167785016751,18.5961436408175,5.92497144070545,-18.7359459624002
35,45,0.000432,0.030779,0.0,481,1,-10.8847733825719,37.3161488752827,10.8913454163854,-36.847906679111
39,45,0.005119,0.03096,0.00673,123,1,-5.78593363969228,-35.7865283399794,5.85568358048772,35.5628838784709
7,48,0.000203,0.005966,0.0,50,1,-47.8549715183159,14.4879845559265,47.8600523249115,-14.3386639049464
46,49,0.001504,0.008516,0.01692,238,1,4.59475288286199,5.70122363755654,-4.59379263125532,-7.39093886717037
47,51,0.003821,0.010024,0.00169,56,1,-2.11672884086836,-3.68614575934163,2.11740022956685,3.51993513754559
50,51,0.003532,0.017458,0.00486,187,1,9.3591004779032,5.76203703016456,-9.35472069695474,-6.2243161657207
1,52,0.002226,0.013595,0.00908,254,1,-28.6552130696622,12.7335669689364,28.6774495753457,-13.5011221331553
50,52,0.000506,0.008241,0.97284,2042,1,-32.0321855895995,-26.0484648729307,32.0399508328637,-70.6644292248373
50,53,0.003362,0.09495,0.0,78,1,-4.19312258634196,2.3847125136034,4.19390715994253,-2.36255449356337
2,54,0.001135,0.07987,0.0,140,1,-0.388340617046671,-2.51227759334746,0.388414286842877,2.51746174015184
4,54,0.000269,0.001033,0.0,0,1,18.2596854688485,14.4124716106819,-18.2582298858535,-14.4068819555379
26,54,0.0006,0.034361,0.0,424,1,48.832856850532,-2.89198984088818,-48.8184695530251,3.71592639027981
46,54,-0.000402,-0.013564,0.0,135,1,-66.7064382656358,-8.78600335955069,66.6882851520373,8.17349382510035
48,55,0.002409,0.008869,0.00585,190,1,-0.602034102071153,16.5616672481306,0.608903606378135,-17.1189501984354
46,56,0.015462,0.079197,0.08202,268,1,4.97198729922203,-0.192737440145032,-4.96580627820022,-7.96637178981969
50,56,0.002993,0.016843,0.01022,271,1,-22.8674080118154,10.5595711177546,22.8867820693791,-11.4683970976955
55,56,0.000288,0.001045,0.0,0,1,29.7413903757357,-27.2295545490234,-29.7366810020249,27.2466423807174
16,57,0.000176,0.013273,0.0,952,1,41.8849187840389,-2.6977700050829,-41.8818125627496,2.93202497765566
41,57,-0.000848,-0.031482,0.0,194,1,52.5723159722199,3.18200673253789,-52.5959438639502,-4.05919221302512
48,57,0.00124,0.01287,0.04387,750,1,-53.0401783855387,-2.38384051471691,53.0751566274228,-1.63151267803346
55,57,0.005317,0.023021,0.00558,130,1,-28.2631986173578,-3.14498149322327,28.3063512621813,2.77573936735009
31,58,0.000909,0.005889,0.03224,264,1,-54.3127591236076,13.1032742018887,54.3417412691807,-16.115810211717
32,58,0.000372,0.024377,0.0,624,1,-41.2568480864173,-185.536815480757,41.4063135128024,195.331220585572
49,58,0.006923,0.047116,0.02649,221,1,8.85379240154105,6.91093989045662,-8.84368077262723,-9.48253794981339
52,58,0.000258,0.001057,0.0,0,1,-60.7174004082115,84.1655513579843,60.7453630160027,-84.0509913718011
53,58,0.000283,0.001193,0.0,0,1,41.221137539657,15.5988767246432,-41.2156008619881,-15.575536595813
55,58,0.000273,0.001076,0.0,0,1,106.478824811213,70.2824799328975,-106.434136163374,-70.106344456432
7,59,0.002397,0.099883,0.0,114,1,-8.67435117260689,0.481312187537586,8.67616240300488,-0.40583820929701
8,59,0.000291,0.001082,0.0,0,1,198.22031745947,31.0413459067165,-198.103200091495,-30.6058785797443
53,59,0.002251,0.013445,0.0109,231,1,-45.4150446995954,-13.2363222310615,45.4654586548665,12.4521955092157
55,59,0.001032,0.004107,0.00208,183,1,-133.232756137264,-15.0897046329248,133.419313521084,15.6248908460116
56,59,0.002772,0.024706,0.02877,428,1,-23.6202151606503,-6.02471199191827,23.6363498692633,3.30135725082401
57,59,0.00126,0.007943,0.00398,270,1,13.0962485370957,-0.0170594539468258,-13.094084356724,-0.366726817019304
1,60,0.000249,0.001052,0.0,0,1,-88.7302639160571,-9.65349138419561,88.7501788008318,9.73762977288246
10,60,0.000231,0.001039,0.0,0,1,20.027155944131,12.6606671073283,-20.0258553056513,-12.6548170494045
50,60,0.000269,0.001106,0.0,0,1,49.7336157098526,7.34214421140454,-49.7267974789388,-7.3141108902497
55,60,0.004136,0.024635,0.02502,200,1,19.3795623017733,-9.12886163452335,-19.361354971664,6.74649713166776
56,60,0.01924,0.079822,0.01214,115,1,5.30914621767796,-3.06621140896498,-5.3025218106805,1.88488156026784
61,63,0.004706,0.125452,0.0,40,1,-26.2397190853154,-2.72810619894239,26.2728911056546,3.61240205435933
61,64,0.000184,0.012242,0.0,1341,1,26.2397190853155,2.72810619894415,-26.2384220917451,-2.64181383324241
67,68,0.042635,0.115171,0.00294,56,1,6.04363904292799,-14.4466970657984,-5.93837442088417,14.4398073598607
65,69,0.003646,0.018394,0.00998,176,1,-21.4046433370988,13.8790001267096,21.4287950096039,-14.7571099293339
62,70,0.005283,0.146626,0.0,93,1,-2.23868153812288,10.4495433138828,2.24468506490785,-10.2829195928203
65,70,0.007393,0.177361,0.0,96,1,1.8030041150564,-39.3531855342407,-1.66470340739919,42.6710743223905
67,72,0.000218,0.001135,0.0,0,1,16.2154077255679,28.3814320027809,-16.2130225645869,-28.3690138481323
70,72,0.001595,0.071469,0.0,240,1,-6.50901537677544,-25.17571403228,6.52049788566692,25.6902240184657
67,73,0.012349,0.463353,0.0,21,1,0.112281069957368,-2.78719086947014,-0.111297107754778,2.82411060697574
71,73,0.001006,0.01222,0.25811,1184,1,-14.735017469507,31.8107937694888,14.7571786450745,-57.5548291165661
68,75,0.009031,0.310547,0.0,43,1,-3.29093041602273,-1.43399792371667,3.29208874977958,1.47382929047417
71,75,0.000227,0.001085,0.0,0,1,-3.69698411791261,-53.4364476282278,3.70341245723488,53.4671733910677
69,76,0.004612,0.018067,0.00174,143,1,85.872059780257,-16.1022984837385,-85.5201782245446,17.3068997842075
68,77,0.000257,0.001064,0.0,0,1,-5.43965534118319,-10.9103950039325,5.44003552183205,10.9119689814048
68,78,0.002188,0.065555,0.0,304,1,-20.7102922964384,-15.3448025095522,20.7251247781206,15.7892007438624
71,79,0.013739,0.064314,0.01026,140,1,17.6353101091333,13.0420162172647,-17.5681951941272,-13.7560137255714
78,79,0.042798,0.099289,0.00103,55,1,12.7065836884305,-0.250459054281548,-12.637560795144,0.307977396688522
73,80,0.000286,0.00115,0.0,0,1,-23.6373723460506,56.4398532850214,23.6480538465734,-56.3969031955068
74,80,0.00645,0.02841,0.01322,187,1,138.576859558593,-14.1019504751845,-137.338927489499,18.225127698875
78,80,0.000209,0.001174,0.0,0,1,51.6754688290321,-8.45788384021995,-51.6697461157234,8.49002960780077
73,81,0.03657,0.09411,0.00258,61,1,8.99149080873266,-1.70913477542429,-8.96108883348584,1.52917688595028
78,81,0.001065,0.05649,0.0,228,1,17.2691350440032,-19.7755035142279,-17.2616196874384,20.1741349624416
76,82,0.012399,0.062155,0.04152,254,1,-17.4834563802736,-0.754345997444925,17.5216392637419,-3.20478241528702
75,84,0.029201,0.085589,0.00372,62,1,-1.07935906428683,7.68311429882909,1.09753316585507,-8.00479738470013
78,84,0.000212,0.001043,0.0,0,1,14.4195989203085,-11.0377577540649,-14.4189007916179,11.0411924155004
81,84,0.018281,0.056195,0.00759,78,1,-16.5990418021099,2.84803837661852,16.6513674956556,-3.44639455568487
83,85,0.001409,0.049208,0.0,106,1,0.513246458664781,10.7502502847813,-0.511598328528395,-10.692690889642
81,86,0.010651,0.050481,0.01026,147,1,4.01143451505082,-10.136659609582,-3.99984350772576,9.16206409573574
82,86,0.007735,0.04527,0.05455,267,1,29.8156493159584,-15.1259259454127,-29.7350876862026,10.1180233871205
77,87,0.028926,0.117501,0.00955,135,1,-8.58308364417086,3.7768998405633,8.60950341539707,-4.62698160519481
80,87,0.000268,0.001079,0.0,0,1,138.448513403186,25.463608976498,-138.395477211604,-25.2500789365092
82,88,0.005704,0.192855,0.0,101,1,10.8774914177658,3.33505441576715,-10.8701158241361,-3.08568202630897
85,88,0.00648,0.02889,0.00424,149,1,-10.0676343106546,-11.3263806897404,10.0825154820454,10.975696520764
86,88,0.00519,0.034868,0.00653,224,1,22.5441624009715,25.856018008683,-22.4826840069214,-26.0944601919858
85,89,0.000263,0.00116,0.0,0,1,85.5768095016313,47.9674497417926,-85.5509728146989,-47.8534932519006
88,89,0.006061,0.017883,0.0006,85,1,23.2702843490116,18.2044456975305,-23.2166378794267,-18.1051283618811
86,90,0.012236,0.048858,0.01434,167,1,2.31571294879726,3.8308218890528,-2.31254474884773,-5.25989062577126
77,91,0.002377,0.010608,0.01492,200,1,-2.39266031110154,15.1346425782339,2.3987635411312,-16.6043898349581
81,91,0.00175,0.024733,0.42357,1288,1,10.1520147697957,-27.3518578174099,-10.1495371438549,-14.9851805437198
83,91,0.004696,0.025376,0.01454,287,1,-38.3842769630769,-15.9766672424503,38.4651851655293,14.9657158025733
87,91,0.012398,0.027963,0.00301,63,1,30.8659977884385,-16.5832277736821,-30.7144115628062,16.6238545761054
82,92,0.000688,0.00338,0.01935,246,1,-66.7186007269432,13.0537342599535,66.7505451470644,-14.8338211515491
87,92,0.001623,0.010049,0.0419,268,1,-55.6686846022141,2.22933579028101,55.7192817313693,-6.10835493395995
89,92,0.01264,0.443978,0.0,23,1,-5.94225606827099,-2.318464007238,5.94751375754554,2.50313951109376
66,93,0.007123,0.044567,0.02544,189,1,-14.1015589504284,-4.91208990390961,14.117012885317,2.51259079993099
85,93,0.00102,0.004365,0.02159,259,1,-92.2708632442797,-27.1934372555468,92.3666178315947,25.4835547254187
87,93,0.003317,0.015042,0.00397,246,1,112.104214723991,29.9765926380176,-111.657181304967,-28.343186635557
86,94,0.000397,0.002335,0.00382,296,1,20.7899417120256,-37.067043008526,-20.7828833335073,36.7232469276224
76,95,8.7e-05,0.000838,0.00229,623,1,82.0088993234546,-23.3963112600397,-82.0025654207414,23.2286959346671
87,95,0.000142,0.00918,0.0,1271,1,91.8889699483756,7.5653736664511,-91.8768995502273,-6.78504792700601
90,95,0.028554,0.074223,0.00978,121,1,-2.78714922180536,3.5516166379507,2.79401273982874,-4.51244223955191
89,96,0.000284,0.001169,0.0,0,1,-4.04301106011716,33.2243335925737,4.04626358800394,-33.2109455464482
94,96,0.000423,0.028665,0.0,545,1,29.5090114338862,-29.0734591585368,-29.5014564338994,29.5854309661458
89,97,0.038663,0.080585,0.00635,49,1,-5.16197553840434,-1.11823989540556,5.17276595330795,0.517934051965218
93,97,0.002864,0.015321,0.00178,152,1,5.17355058805372,0.347041110203222,-5.17276595330796,-0.517934051966104
94,98,0.009693,0.050377,0.01392,226,1,-8.72612810038001,-7.64978776909131,8.7380742323601,6.30065463396961
89,99,0.002909,0.113518,0.0,117,1,8.80238206982068,16.3190202179432,-8.79177045663538,-15.9049228973625
75,101,0.002064,0.009072,0.0008,136,1,-57.9568014787937,-82.2628532877415,58.162716660152,83.0860798909519
86,103,0.003468,0.015704,0.00226,133,1,-23.7687652512351,-25.2168664479598,23.8098874245413,25.1742149336463
98,103,0.000244,0.001195,0.0,0,1,23.8127667663325,25.1883166280807,-23.8098874245403,-25.1742149336478
101,104,0.001503,0.009528,0.00604,290,1,-180.878007619574,105.708204582162,181.518364044528,-102.267604280312
98,105,0.007643,0.028987,0.00437,135,1,-32.5508409986939,-31.4889712620506,32.7037619813191,31.6189153727903
101,105,0.00019,0.005132,2.22752,3999,1,64.0963252287854,-211.6688971118,-64.071518109936,-18.563621286024
102,105,0.000249,0.001131,0.0,0,1,-31.3649961360064,13.0678304387461,31.367756128617,-13.0552940867678
70,106,0.023697,0.112577,0.01335,119,1,5.92903371926685,-7.21244069729002,-5.91002155010943,5.99332143828539
79,106,0.006617,0.02921,0.00268,134,1,2.79431868242475,6.4098014467135,-2.79093940535924,-6.65993140568628
63,107,0.059052,0.134527,0.0025,41,1,-3.16785222193733,-2.55822966828604,3.17729638123799,2.32901217994396
77,107,0.000672,0.00423,0.00182,258,1,-20.4035286179307,-33.7375360571031,20.4138821858406,33.6195197492637
101,107,0.009675,0.03934,0.00438,127,1,38.3796412676387,20.7656684798657,-38.2001899798031,-20.4827132772013
99,109,0.001802,0.007898,0.00446,184,1,8.79177045663564,15.9049228973607,-8.7850683821736,-16.2787008009555
100,109,0.001613,0.012861,0.01942,285,1,9.555000316470521e-15,-1.3606738129977598e-12,1.3728671520918e-05,-1.7527644501865
102,109,0.001842,0.084193,0.0,229,1,31.3649961360068,-13.0678304387445,-31.3408494947818,14.1715102241219
107,111,0.007184,0.02832,0.00626,125,1,-1.28842671085562,-17.1415023450675,1.30872062732321,16.5873894526449
108,111,0.015944,0.037785,0.0026,72,1,1.35140411199077,16.4222306221419,-1.30872062732314,-16.5873894526442
95,112,0.000297,0.001173,0.0,0,1,-49.6958962966744,69.8350967187841,49.7177488755257,-69.7487900689774
104,113,0.000577,0.024594,0.0,343,1,-0.843018465374888,-45.9011070368234,0.855730702673715,46.4429523819301
110,113,0.007876,0.031725,0.00287,141,1,17.9862714518508,49.6170741346146,-17.7686887910672,-49.0266086153246
112,115,0.000288,0.001018,0.0,0,1,-8.5501374006298,-54.6507827732627,8.55897491205864,54.6820209212993
62,116,0.000255,0.001053,0.0,0,1,2.23868153812023,-10.4495433138827,-2.23839175971209,10.4507399282504
63,116,0.011886,0.027812,0.00043,68,1,-25.6356158570238,-2.29997485019906,25.7145220699259,2.44154356946988
108,116,0.002509,0.016244,0.00363,214,1,-30.5444352621016,83.7823768849772,30.7387778604781,-82.8936651266909
115,116,0.000934,0.005287,0.00282,283,1,-31.092930492689,-59.6352200813275,31.1350913621577,59.5913830860317
112,118,0.000291,0.001067,0.0,0,1,-142.913467753654,14.9793235701091,142.973727466438,-14.7583712899027
114,118,0.00019,0.003586,0.27645,2678,1,73.6370639916209,12.5705886383816,-73.6254360464923,-39.9612881022154
117,118,0.00334,0.114552,0.0,118,1,74.1664588019376,-44.7243913096705,-73.8846673252744,54.3889952721616
65,119,0.021795,0.081012,0.00846,124,1,-20.7359268353957,8.26631009392937,20.8456845794362,-8.70558200566445
67,119,0.010902,0.063638,0.06091,258,1,-34.3820044320807,-14.3856228063055,34.5285131646789,9.22394574571318
69,119,0.00175,0.010733,0.01175,309,1,-128.070535164541,25.8116931466736,128.369735805955,-25.1511997450802
117,119,0.000346,0.030677,0.0,1009,1,204.545148826756,-7.60215446137867,-204.399002970715,20.5597163855659
74,120,0.000441,0.02827,0.0,415,1,67.7531402775157,-8.79804904967991,-67.7327580045411,10.104640562133
104,120,0.000229,0.001165,0.0,0,1,-142.146295741767,141.785698673462,142.237027707831,-141.324114653969
110,120,0.000269,0.001047,0.0,0,1,-33.8732810639655,-50.6718887061496,33.8831417073864,50.7102682364901
114,120,0.00506,0.03614,0.0659,443,1,-73.6370639916207,-12.5705886383842,73.9158418879252,7.92380961919729
117,120,0.007412,0.041547,0.02098,257,1,144.326938856823,-49.2403957349965,-142.596785816636,56.8336074380169
122,123,0.005035,0.123892,0.0,62,1,0.360802192802235,-0.573451700019232,-0.360778891268899,0.574025061204548
123,124,0.002191,0.073135,0.0,135,1,3.94311064955312,4.28215890039849,-3.94236318186319,-4.25720862677764
122,125,0.002798,0.016824,0.01306,249,1,-4.52509791071383,9.42522736179374,4.52853778728565,-10.697870466463
125,127,0.001433,0.007644,0.00468,242,1,45.7469822038448,-49.7045401654393,-45.6811768935736,49.5913679672884
126,128,0.001344,0.009308,0.00195,203,1,10.025008782322,-13.4778604321999,-10.0212035759483,13.3114473247943
122,129,0.000221,0.001165,0.0,0,1,28.6780883792155,89.9539103087062,-28.6582265026718,-89.8492085613149
126,129,0.003786,0.020688,0.00586,151,1,-4.18145269463006,-4.85438781054024,4.18292212198972,4.2831344109089
126,131,0.000264,0.001167,0.0,0,1,-37.8670108736418,37.0282995295001,37.8745103284802,-36.9951485302714
129,132,0.00025,0.001009,0.0,0,1,102.146701122712,66.6220550653697,-102.109130810518,-66.4704212853574
130,132,0.000724,0.004221,0.00153,310,1,-102.000253513938,-65.9862453177522,102.109130810518,66.4704212853603
126,133,0.000748,0.008666,0.14803,1101,1,21.4377098342857,-21.7220276064217,-21.4326547157758,7.14745867115535
128,133,0.000268,0.00104,0.0,0,1,77.458857402391,-17.9256814794057,-77.4417395384404,17.9921090111545
125,134,0.05694,0.130626,0.00383,67,1,-12.1242826892001,5.236952976751,12.2258944676288,-5.38252768895988
128,134,0.00024,0.02866,0.0,433,1,-76.4529292866209,3.11904813601346,76.4671275969188,-1.42353324794278
129,134,0.005189,0.024621,0.00244,145,1,-77.6713967420301,18.944019085042,78.0067755358607,-17.594059125866
130,137,0.000199,0.01582,0.0,946,1,8.89002788962062,15.7907664268065,-8.88936156391643,-15.7377952075094
135,137,0.048739,0.206802,0.03871,190,1,-5.07379274038403e-14,-1.71907513172567e-13,0.0017958102941727,-3.7845042968681
136,138,0.000256,0.001051,0.0,0,1,0.0,0.0,0.0,0.0
130,139,9.1e-05,0.006741,0.0,1447,1,93.1102256243171,50.1954788909463,-93.099843358177,-49.4263925607246
138,139,0.000127,0.003706,0.0,133,1,4.59054993725484,-22.8434239358908,-4.5898407093514,22.8641199879392
138,142,0.000256,0.001191,0.0,0,1,0.0,0.0,0.0,0.0
127,143,0.000478,0.029296,0.0,476,1,6.69127894690007,-55.0584253535603,-6.67537181955602,56.0333525558022
137,143,0.000479,0.028714,0.0,608,1,-1.98864484963405,32.9870411354794,1.99400631511009,-32.6656442259197
138,143,0.015768,0.036243,0.0076,77,1,-4.59054993725421,22.8434239358918,4.68136550444602,-23.3677083298828
141,144,0.017058,0.079925,0.00696,142,1,6.97221963083595,4.72520124143506,-6.95956071201181,-5.3596157471647
139,147,0.001663,0.008634,0.01176,267,1,5.59984177700076e-06,-1.145257394877,-2.6388367370052e-14,1.41310882596057e-12
144,148,0.046343,0.114835,0.00354,52,1,1.44014649184363e-05,-0.351032104544011,5.30500811975989e-14,8.34671228245676e-14
141,149,0.000514,0.028184,0.0,477,1,-11.6673099553776,-62.2314040244635,11.6889164846872,63.416148036258
145,150,0.000217,0.001071,0.0,0,1,13.1014250857517,13.6850934367111,-13.1006410294168,-13.6812237393161
127,151,0.000211,0.001157,0.0,0,1,-11.5146524036411,14.538069610771,11.5153817622889,-14.5340702365742
141,151,0.001025,0.006205,0.00214,189,1,4.69509032454094,57.5062027830255,-4.66090832221367,-57.5129210658815
150,151,0.000203,0.001185,0.0,0,1,6.86516249368285,-71.9845946102221,-6.85447344007464,72.046991302467
145,152,0.010816,0.054139,0.00503,137,1,5.69110741857917,-1.19701844941057,-5.68748327648333,0.715531291507587
144,153,0.020468,0.082645,0.01497,140,1,6.95954631054675,5.71064785170872,-6.94095222515392,-7.10980120412139
145,155,0.000261,0.001146,0.0,0,1,25.3950107321235,5.44622088508689,-25.3932384003992,-5.43843892280333
149,155,0.005248,0.020711,0.00337,142,1,9.86753958290744,-12.1233845634864,-9.85478940452872,11.8396776798335
152,155,0.001266,0.008034,0.01035,265,1,-35.2317481801274,5.47662109865604,35.2480278049282,-6.40123875702233
152,156,0.002915,0.013689,0.00169,131,1,40.9192314566105,-6.19215239016681,-40.868993854615,6.26027790910206
153,158,0.003545,0.118258,0.0,105,1,5.15306703481275,-8.93507983530963,-5.14921094007004,9.06371567510727
157,158,-0.000324,-0.016212,0.0,464,1,-5.14956337298867,9.04608097610304,5.14921094007002,-9.06371567510691
146,159,0.002445,0.012954,0.00143,126,1,-23.9776072625363,-2.07046053289994,23.9918800350767,2.00414145348093
150,159,0.018138,0.512934,0.0,50,1,2.55734249745532,-0.110929389991314,-2.55614571441708,0.14477384422754
154,160,0.003,0.01323,0.00616,187,1,15.2032295604357,28.7849897383225,-15.1713638842282,-29.2668712031643
157,160,0.003649,0.01686,0.01374,229,1,-8.23814951310384,-28.5561762925237,8.26909410180001,27.3236480863584
154,161,0.003261,0.103383,0.0,126,1,-9.42833075047324,-38.7847005293181,9.48749857864484,40.660489422254
150,162,0.000276,0.001081,0.0,0,1,-31.3551704142107,70.9495037610868,31.3718936156483,-70.8840045554565
154,162,0.058403,0.146166,0.00587,62,1,-5.77489880996293,9.99971079099486,5.85512649512647,-10.3877973787281
157,163,0.000226,0.001029,0.0,0,1,-12.6186905295118,12.5062785061455,12.6194066769054,-12.5030178173493
159,163,0.002929,0.012713,0.00171,141,1,12.6287509096009,-12.6325462670093,-12.6194066769035,12.5030178173406
161,164,0.004584,0.022629,0.02362,171,1,-7.69074179797955,-36.6893798569172,7.75387571790608,34.7117018085668
156,165,0.000353,0.001999,0.00243,321,1,40.8689938546125,-6.26027790910891,-40.8629192710269,6.05350079729044
159,165,9.7e-05,0.008412,0.0,1741,1,-40.8612514922584,6.19813332319343,40.8629192710284,-6.05350079728633
140,167,0.000276,0.001117,0.0,0,1,39.501049401271,13.8823012223842,-39.4961686597875,-13.8625483664526
149,167,0.000207,0.001135,0.0,0,1,54.8581260483165,-80.144920880974,-54.8383874968458,80.253149170439
161,167,0.01072,0.369455,0.0,100,1,-1.79675678066519,-3.97110956533631,1.79887645628277,4.04416224773297
162,167,0.000297,0.001093,0.0,0,1,-90.4634789986281,64.9982281827305,90.5006410512264,-64.8614668241788
166,167,0.000811,0.004863,0.00578,186,1,-9.11813594394033,-3.28647459849193,9.11889048811357,2.71844311564342
149,169,0.000237,0.001049,0.0,0,1,24.1525237708739,9.47672992136823,-24.150910993216,-9.46959150886528
164,170,0.000299,0.001006,0.0,0,1,29.7412963881361,-10.4613193588443,-29.738256504043,10.4715471962947
123,173,0.002193,0.012485,0.0082,191,1,-1.57030940052275,-2.89752603030626,1.5705007696467,2.08386923775696
150,173,0.023695,0.092209,0.00881,126,1,-2.59874200473263,-0.251717979457851,2.60036167746443,-0.617244484459682
168,175,0.002729,0.012999,0.00234,147,1,-21.1952132671566,-11.696269419394,21.2114538522875,11.5437557520904
170,175,0.007043,0.028112,0.00523,181,1,12.0960000369667,-15.2232890707777,-12.0693220180936,14.8166705014567
174,175,0.01189,0.05202,0.00792,149,1,23.5905579917077,3.38366594231591,-23.5222703565015,-3.86829681180381
145,176,0.001026,0.007195,0.00295,195,1,10.5421714320003,0.695929266176741,-10.5410162485457,-0.980829623457897
150,176,0.014219,0.057023,0.00374,143,1,1.05263185384689,-0.459209689176936,-1.05246248731174,0.0884883198595373
172,176,0.026618,0.760739,0.0,150,1,0.434955031017837,0.0422705410490375,-0.43490388694166,-0.0408088499615469
123,177,0.000157,0.012415,0.0,802,1,-2.01202235776086,-1.95865793129541,2.0120348206981,1.95964345591802
167,177,0.003413,0.015463,0.00728,239,1,-7.08385183897605,-8.29173934315043,7.08774719810291,7.5870145925515
171,177,0.00152,0.098816,0.0,100,1,-1.96669357775641,-0.230246120383971,1.96675358211725,0.23414703546348
172,177,0.000289,0.001131,0.0,0,1,11.2549943005309,5.05472876402507,-11.2545516785087,-5.05299656503869
173,177,0.011923,0.069138,0.01054,123,1,-0.12395257265231,-0.359175107683448,0.123957666922729,-0.688302090756459
174,177,0.000231,0.001051,0.0,0,1,-0.0640204700039652,4.03967904995408,0.0640584106613344,-4.03950642817531
124,178,0.012764,0.060711,0.01053,148,1,3.94236318186298,4.25720862677712,-3.9374015905426,-5.2691650005887
125,178,0.017504,0.090659,0.03607,117,1,7.35107805632711,1.6223532875601,-7.33945817819142,-5.1128428875037
131,178,0.001834,0.011198,0.01805,284,1,46.051940700831,21.7783793303773,-46.0029731488395,-23.2544383492107
137,178,0.001426,0.007682,0.00398,254,1,-19.7617162639707,-24.7507517094734,19.7762372346096,24.439786630004
164,178,0.000489,0.005972,0.15484,1130,1,-37.4951721060371,-24.2503824497012,37.5035956829643,9.19665960729787
122,179,0.000272,0.001055,0.0,0,1,-24.5137926613126,-98.8056859705139,24.5422126261318,98.9159178193531
145,179,0.001296,0.011953,0.08379,457,1,-22.2597684950567,-4.59836116003613,22.2662353351656,-3.66852109688136
172,179,0.000247,0.001022,0.0,0,1,-11.6899493315422,-5.09699930504558,11.6903534957257,5.09867159571596
173,179,0.001569,0.008068,0.02027,199,1,-4.04690987445954,-1.10744964561589,4.04716856235682,-0.906078560808298
174,179,0.000216,0.001044,0.0,0,1,-23.5265375217129,-7.42334499228583,23.5278602743989,7.42973829693483
121,180,0.000232,0.001018,0.0,0,1,0.0,0.0,0.0,0.0
125,180,0.001274,0.006311,0.01036,247,1,-104.001733727511,31.4061402405504,104.154232085466,-31.6743463197603
131,180,0.002074,0.009497,0.00319,181,1,-83.9264510293196,15.2167691998737,84.0794628950584,-14.8309966887551
186,190,0.006958,0.035314,0.00827,134,1,2.55365957832931,-2.96266017094197,-2.55274837641379,2.14383870027456
181,191,0.000214,0.001001,0.0,0,1,-1.67267518152664,2.84222722032314,1.67269848303773,-2.84211822587171
190,191,0.008882,0.043817,0.0043,126,1,1.6737782533236,-3.26576652160089,-1.67269848304054,2.84211822587561
184,192,0.028099,0.127762,0.0143,136,1,-0.877799045699328,-2.5377498911143,0.878965801269276,1.12190513176573
190,192,0.000212,0.001113,0.0,0,1,0.878970123091987,1.12192782132755,-0.878965801270841,-1.12190513176653
188,193,0.000143,0.004987,0.0,130,1,-7.35384006443589,-0.898200204446009,7.35391885801676,0.900948061703212
184,194,0.014804,0.358073,0.0,36,1,-0.0353684414819242,-0.274585729274497,0.0353798889510415,0.274862615900355
187,196,0.000232,0.001169,0.0,0,1,4.70766636369082,-0.938919889079567,-4.70761254414897,0.93919107461589
189,196,0.01026,0.0452,0.02104,250,1,-4.70532237269006,-1.13960578873374,4.70761254415183,-0.939191074604104
188,197,0.000238,0.001187,0.0,0,1,15.7757503475774,4.79283891012619,-15.775100824407,-4.78959948154106
193,197,0.001103,0.004396,0.0122,145,1,12.3888983161622,-0.305054900596355,-12.3871979319723,-0.90336730921097
195,197,0.002767,0.01049,0.0025,170,1,-8.72065969804161,-1.87995067835278,8.72286014158916,1.63942052638253
198,199,0.00437,0.01069,0.0014,98,1,2.11752559269637e-07,-0.138443896972918,-3.51209336853938e-13,3.83175491949115e-14
184,200,0.009414,0.207124,0.0,68,1,-1.41194072482545,-0.661375038359993,1.4121716047463,0.66645478902134
187,201,0.001209,0.006371,0.00412,256,1,-30.1492565489374,-5.73544318286567,30.1606920250148,5.38614979961884
186,202,0.001873,0.010917,0.01911,275,1,-2.55365957832956,2.96266017094057,2.55407062279529,-4.86094360701659
194,202,0.010809,0.044373,0.02057,175,1,-4.42746374734167,-1.08554690293354,4.42959752332901,-0.949757069818877
198,202,0.012514,0.044363,0.01828,170,1,9.86471024170845,-9.66148952844399,-9.84268992045589,7.92699849301195
201,202,0.007053,0.03148,0.00919,208,1,-2.20978439214126,0.932701439729201,2.21026755393172,-1.84449164955486
198,203,0.013802,0.056009,0.0066,156,1,4.50706715862664,-6.83517208129013,-4.49831898018334,6.21600840123466
200,203,0.001241,0.069732,0.0,180,1,-1.77969699087479,-0.475607962548829,1.7797393484838,0.477988043766879
201,205,0.006525,0.118326,0.0,46,1,-0.648720565213277,0.272400857705607,0.648753036024416,-0.271812023805396
202,205,0.000238,0.001177,0.0,0,1,0.64875422040449,-0.271806166605747,-0.648753036028544,0.271812023792676
201,209,0.004232,0.032926,0.01415,190,1,-40.2608305348046,10.8100940438496,40.3354280447631,-11.634508519774
208,209,0.007118,0.033716,0.00226,143,1,-40.328950538883,16.0484625519685,40.4638856803296,-15.633790647544
200,210,0.0158,0.282679,0.0,36,1,0.367525386128558,-0.190846826472474,-0.367498132560402,0.191334422130252
203,210,0.001678,0.009885,0.00517,299,1,22.458258680805,-5.33266720467155,-22.4493178783194,4.87088221776001
208,210,0.002035,0.009729,0.00183,159,1,-14.6875293170673,5.71442631400131,14.6926269196101,-5.87222635751101
208,211,0.013697,0.054044,0.004,126,1,5.45660566582894e-06,-0.398315037359045,4.10419440823569e-14,3.5216757865445897e-13
193,212,9.8e-05,0.007969,0.0,1234,1,-19.7428171741784,-0.595893161106921,19.7432009581887,0.627101067003975
201,212,0.000434,0.008287,0.85419,2379,1,22.4567400591846,-53.0984141983095,-22.4540486087985,-31.8905062665538
206,213,0.000101,0.001932,0.21727,2608,1,-6.74247930880943,-4.30700674105052,6.74256849867015,-17.35845177711
207,213,-0.000966,-0.056163,0.0,484,1,-25.2148162577889,-10.6036811198072,25.2076549376775,10.1873237477399
204,214,0.006851,0.044007,0.01979,222,1,-5.17974968080881,-3.40213427175582,5.18200248290772,1.44699115247978
206,214,0.001665,0.009739,0.00788,178,1,-2.38819831672938,3.53655563347408,2.38855130431857,-4.32014464985988
213,214,0.019156,0.076149,0.02076,152,1,-0.129587586936572,-0.708816853953512,0.129611255103219,-1.36066011675353
212,215,0.000978,0.005246,0.00293,236,1,24.728145965462,8.47244276863368,-24.7214146866676,-8.72806386638423
213,217,0.003994,0.019281,0.00728,178,1,-1.8757759648777,3.46895193006194,1.87650504918423,-4.19085748110898
215,217,0.003007,0.012775,0.00113,152,1,8.27208072127785,-5.26424162139471,-8.26919296665157,5.1640318263732
216,217,0.010176,0.050992,0.02279,236,1,-0.142004782844417,0.0415277445644875,0.142148378998263,-2.31157063949021
189,218,0.026188,0.095846,0.00592,117,1,-2.82198642711443,-1.42924382861897,2.82442844247411,0.849662282785679
208,218,0.000212,0.001056,0.0,0,1,55.0164743993362,-21.3645738286309,-55.0090582545534,21.4015146252843
212,218,0.000201,0.001069,0.0,0,1,-22.0172983148495,22.7909624309144,22.0193241281848,-22.7801883291458
214,219,0.000237,0.001136,0.0,0,1,-7.74791497385282,5.92742913422768,7.74814126532336,-5.92634446287519
215,219,0.003261,0.016518,0.00163,111,1,7.6093889269633,-6.46927851063592,-7.60615364630304,6.32335519077522
216,219,0.033047,0.083162,0.0044,81,1,0.142004782844567,-0.0415277445636123,-0.141987619021215,-0.397010727916711
213,221,8.6e-05,0.001365,0.14843,2969,1,-5.99452613068229,-11.0942400765703,5.99456889273735,-3.70625847983573
214,221,0.00786,0.033375,0.01698,199,1,0.0477499315238768,-1.69361552007841,-0.0476931174574587,0.0010207370550475
218,221,0.000391,0.027077,0.0,430,1,11.583807031304,-2.52246840565966,-11.583255257335,2.56067910581142
220,221,0.052684,0.118544,0.01322,56,1,-3.34252833077749e-14,9.344358196749381e-14,0.0002299117990603,-1.31886535617768
204,222,0.000265,0.001077,0.0,0,1,-0.64084102320622,-1.26802052728491,0.640846405556782,1.26804240197002
213,223,0.00013,0.00819,0.0,1362,1,-23.9503337538535,15.5052330298092,23.9513950431701,-15.4383718028657
215,223,0.000261,0.001067,0.0,0,1,-19.0193940650867,19.1865974078013,19.0213086474723,-19.1787703602709
222,224,0.091468,0.223229,0.00749,75,1,0.229937079874878,-0.400209950906983,-0.229887699350548,-0.343964063513812
215,225,0.001618,0.016029,0.05385,538,1,11.9776091984249,-4.19414511773997,-11.9752388834515,-1.14053292602646
217,225,0.002412,0.012381,0.00816,218,1,6.250539538469,1.33839629422458,-6.24951948440245,-2.14543375548995
222,225,0.009453,0.03624,0.00516,142,1,-4.87421931144624,-0.63798564633624,4.87649286711898,0.133557313602324
218,226,0.018,0.1,0.016,100,1,5.23120802432589,-0.672993650001732,-5.22625943903083,-0.891355707432545
222,226,0.000252,0.001004,0.0,0,1,4.00343582600844,-0.22984680475999,-4.00339505345468,0.230009247791646
224,226,0.001054,0.005486,0.00236,277,1,-9.22874464084798,-0.891126274245806,9.22965449249032,0.661346459659757
184,228,0.000296,0.001068,0.0,0,1,-34.2084018114477,-12.1897535523881,34.2123400354018,12.2039630901685
201,228,0.001326,0.007577,0.00527,284,1,15.2574716478252,17.5164141416629,-15.2501555016902,-17.9980431590841
227,229,0.014634,0.078747,0.03289,210,1,-1.67109059194634,-0.140561830507991,1.67183041970953,-3.11252689621901
227,231,0.00076,0.007852,0.14921,1266,1,-80.0071645355961,18.5774238405313,80.0614163578002,-32.785864449768
194,232,0.00513,0.03755,0.02128,310,1,4.39208385839042,0.810684287032365,-4.39090736068171,-2.91363828907669
201,232,0.002698,0.011566,0.00263,224,1,25.5824733570735,8.77649180209177,-25.5625715159448,-8.9523517411274
204,232,0.010621,0.281081,0.0,48,1,-1.42685781735195,0.498735568099847,1.42710197647326,-0.492273983505304
182,233,0.000233,0.001036,0.0,0,1,13.2625751581653,3.80533749860071,-13.2621246938774,-3.80333457584416
183,234,0.000211,0.001082,0.0,0,1,0.0,0.0,0.0,0.0
225,234,0.000266,0.001111,0.0,0,1,-1.5623013715277,1.34371638689087,1.56231272284225,-1.34366897594929
232,234,0.005107,0.14369,0.0,91,1,1.56253065955137,-1.33753713238824,-1.56231272284694,1.34366897594781
182,235,0.002205,0.011595,0.00673,283,1,-24.5019750818531,-5.73455713057505,24.5160719939954,5.14518692062413
229,235,0.004729,0.017704,0.0377,228,1,-5.00582992179953,6.00846630671612,5.00999072203733,-9.71843874079693
231,235,7.7e-05,0.005098,0.0,840,1,72.3325217733134,12.2551331631835,-72.3283288570909,-11.977529437179
182,236,0.000253,0.001045,0.0,0,1,0.0,0.0,0.0,0.0
181,237,0.020118,0.045821,0.00148,68,1,-1.06499717421177,8.76161793115463,1.08094905686801,-8.87255038482367
184,237,0.002944,0.019809,0.05093,229,1,-9.12763629258794,-1.11609383346934,9.13016965037945,-3.91512117766098
185,237,0.002824,0.011533,0.0106,215,1,-0.306369678474461,-0.22188829077121,0.306374976349523,-0.828797531116278
227,237,0.000245,0.001052,0.0,0,1,81.6782551275359,-18.4368620100384,-81.6609253725185,18.5112738560723
228,237,0.0011,0.00768,0.00126,300,1,-18.9621845337053,5.79408006894335,18.9665533518412,-5.88850011066319
229,237,0.019955,0.056274,0.00168,105,1,3.33399950208988,-2.89593941049656,-3.33016173391979,2.74039402806941
230,237,0.022097,0.088441,0.02457,168,1,-18.7686656649595,-0.378090973764018,18.8479191115422,-1.73135034911259
232,237,0.006467,0.027704,0.00334,146,1,-11.2871626244089,2.75107203742792,11.2960283840206,-3.04417938327203
181,238,0.0039,0.02665,0.00453,221,1,8.42544513824903,3.4663022409893,-8.42214106069744,-3.89561281169225
188,238,0.000267,0.001127,0.0,0,1,-8.42191028314392,-3.89463870568847,8.42214106069744,3.89561281169153
233,239,0.000201,0.001055,0.0,0,1,13.2621246938775,3.80333457583279,-13.2617360959296,-3.80129491993687
182,240,0.010289,0.046335,0.00498,134,1,0.585875142186503,-0.0910445400712031,-0.585836794081186,-0.399103373955668
239,240,0.000219,0.001037,0.0,0,1,-0.585835676245694,-0.399098080828384,0.585836794079663,0.399103373950875
241,242,0.016824,0.037936,0.00102,53,1,-11.7889596139352,44.4901622084543,12.1282213935187,-43.8310580865429
244,245,0.037071,0.115593,0.00658,43,1,-5.14469105852897,-1.96188011910883,5.15562014919074,1.3429246284879
242,247,0.01451,0.58764,0.0,28,1,-3.46949694328905,1.61256724123602,3.471572360512,-1.52851498921026
242,248,0.003303,0.108152,0.0,93,1,-1.22013275677387,1.01770634757477,1.22021525600193,-1.01500502861783
245,250,0.032481,0.108228,0.00191,59,1,-3.43082284284286,-0.503695879809491,3.43471475162824,0.32607684173593
244,252,0.027975,0.758398,0.0,18,1,1.732057284966,1.47002362387655,-1.73059689613271,-1.43043270447011
251,252,0.000212,0.001066,0.0,0,1,-1.73058582901875,-1.43037705570659,1.73059689612983,1.43043270448215
245,254,0.018535,0.06969,0.03951,150,1,-11.6166762931406,-3.53285590735774,11.6422378004999,-0.320269554416595
253,254,0.00307,0.02194,0.04,443,1,-23.3079859238136,-9.23160595024675,23.3263041860756,5.36045881510103
250,255,0.000222,0.001094,0.0,0,1,-3.43471475162951,-0.326076841722573,3.43474119341327,0.326207144927243
246,256,0.000203,0.001152,0.0,0,1,31.151095631718,15.9664030955026,-31.1483766481737,-15.9509731987387
253,257,0.051144,0.112576,0.00393,42,1,9.35119845074973,0.921222318772375,-9.30575517047699,-1.21113887511163
251,258,0.007124,0.02623,0.00291,110,1,-51.9517198073519,-26.6439668545711,52.2026618085611,27.2837794791502
257,258,0.012293,0.046922,0.00432,123,1,-1.65722999833721,-0.782320754840987,1.6576127167149,0.3575170089003
251,260,0.011405,0.069776,0.01776,179,1,-10.9300248836554,-9.61545954780558,10.9531941652402,8.02909585945157
257,260,0.006627,0.04337,0.06203,200,1,10.9629851688143,1.99345962995269,-10.9531941652403,-8.02909585945139
259,261,0.013681,0.060085,0.02112,187,1,-26.2514720736499,-1.40017886402442,26.3467235329396,-0.280673454636782
253,263,0.000316,0.019224,0.0,899,1,-21.2791954906191,-9.57058603885467,21.2809189020984,9.67543053973509
254,263,0.000287,0.00118,0.0,0,1,74.3040755274912,15.8985240526315,-74.2875513596472,-15.8305849653287
255,263,0.002237,0.014124,0.01111,230,1,-24.6088246406686,-5.84173741291578,24.6230051354059,4.81946148588862
258,264,0.003623,0.018376,0.0019,113,1,4.26254453665852,-3.43285983022423,-4.26146854116681,3.25066298014541
263,264,0.014731,0.104207,0.05765,244,1,14.3220450635896,1.88580136953238,-14.2885391930361,-7.3853765109261
258,265,0.001895,0.008325,0.00286,176,1,-58.1228190619348,-24.2084366578294,58.1987863814191,24.2589417993694
259,266,0.000274,0.001104,0.0,0,1,-25.3191525548558,-15.2843811014286,25.3215733768457,15.2941350703222
253,267,0.002246,0.011854,0.02771,204,1,17.5830615170754,1.2903284053664,-17.575944348294,-4.01680420511079
254,267,0.030599,0.063091,0.00111,44,1,10.7774911545704,-0.43952352636899,-10.7420045269314,0.401713742129887
261,269,0.000268,0.001061,0.0,0,1,-32.1722567855865,-0.533510721951184,32.1750374211288,0.5445191335572
266,270,0.033869,0.068823,0.00224,66,1,-8.12447159562071,-14.5027043909141,8.21786801871566,14.4677704838145
268,270,0.005204,0.174545,0.0,87,1,0.0,0.0,0.0,0.0
253,272,0.000287,0.001193,0.0,0,1,146.441357732335,-18.7463717571607,-146.378688817662,19.0068735522991
262,272,0.000744,0.044629,0.0,403,1,-14.3183563977625,-3.21995737674604,14.3199674259368,3.31659524823685
265,272,0.003076,0.014802,0.00131,128,1,-22.8372797645237,-10.0439341779704,22.856511663422,10.0060535613866
267,272,0.003846,0.019335,0.00479,141,1,-1.62488493989362,-2.57571441053705,1.62519754044783,2.09958264510737
269,272,0.000232,0.001078,0.0,0,1,-107.547348176747,34.5669403689901,107.577012187859,-34.4291050070142
263,273,0.055917,0.166903,0.00361,60,1,4.6975348807447,-1.25941739095188,-4.68457164080321,0.936662487914058
271,273,0.018321,0.046927,0.00204,200,1,-4.68042530486672,0.743285536980085,4.68457164080301,-0.93666248791466
253,274,0.036106,0.081916,0.00542,60,1,-2.5980691289763,-2.36948194066788,2.60210425807284,1.83617093410643
269,275,0.000264,0.001159,0.0,0,1,14.1385462409115,-6.73280088132602,-14.1378975725551,6.73564863369369
266,276,0.014771,0.048057,0.00416,106,1,-25.6556637345576,-1.55458932480198,25.754094977364,1.46091535996187
271,276,0.00026,0.001085,0.0,0,1,4.68042530486213,-0.7432855369842,-4.68036688397117,0.743529331856076
275,276,0.00517,0.0228,0.01061,187,1,14.1378975725561,-6.73564863369953,-14.1255494363722,5.73035220730345
276,277,0.001659,0.009385,0.00265,101,1,-3.30146285839907,19.6564518604731,3.3081435707175,-19.8830531745193
270,278,0.004706,0.130208,0.0,90,1,-8.21786801871559,-14.4677704838144,8.23150609864363,14.8451158113262
269,279,0.000329,0.002032,0.0018,288,1,69.3992895586458,7.59275346111129,-69.3832185716423,-7.67307472279351
274,279,0.0065,0.02894,0.00424,149,1,21.4191591866894,5.82542096075444,-21.3870815506998,-6.10677244952991
277,279,0.015574,0.034341,0.00276,66,1,-4.84784972092989,0.0687863575657183,4.85153153614912,-0.335729322390127
243,280,0.000181,0.012782,0.0,1074,1,40.0977470488971,-96.4294194568702,-40.0773826540607,97.8675282679142
278,281,0.010893,0.066073,0.01301,148,1,-7.07280375113759,-19.6761630619064,7.11795817060165,18.6390550307002
265,282,0.000251,0.001117,0.0,0,1,-35.3615066168942,-14.2150076213906,35.3651764947008,14.2313393086811
267,282,0.001896,0.008121,0.00795,208,1,32.9577881015948,9.50158365445011,-32.935263439694,-10.1964117066387
280,283,0.000244,0.001089,0.0,0,1,38.5214341847479,8.84975531810193,-38.5175996044329,-8.83264114612231
276,284,0.005607,0.040317,0.03186,300,1,3.0779145701786,4.36188232451516,-3.0753944038654,-7.52002909191419
278,284,0.000265,0.001089,0.0,0,1,-25.987333278987,0.473471957945677,25.989133884193,-0.466072489759288
280,284,0.00022,0.001092,0.0,0,1,105.986263540587,-35.6114946718349,-105.958596495492,35.7488238229425
276,285,0.00019,0.015108,0.0,634,1,-48.3014222929329,-43.3524766617335,48.309530268818,43.9971887652795
277,286,0.000217,0.001107,0.0,0,1,-40.9231409964885,13.9390067020598,40.9272133665757,-13.9182319846101
279,286,0.000209,0.001093,0.0,0,1,119.779004451031,45.9223863961725,-119.744518051249,-45.7420340757826
280,286,0.000235,0.00112,0.0,0,1,-82.7927746444397,-59.3433581958738,82.817304530337,59.4602665882357
278,287,0.000221,0.001159,0.0,0,1,13.8423980994864,0.642687915852917,-13.8419712692475,-0.640449471297038
279,288,0.000237,0.001083,0.0,0,1,-33.8602358648341,-31.80680990146,33.865364695328,31.8302467091602
280,288,0.002006,0.007636,0.00301,220,1,-34.6184714562911,-17.6564808510675,34.6488406374263,17.4722577729453
282,288,0.017213,0.043354,0.00311,74,1,-2.42991305500758,-4.03492760204873,2.43354324072166,3.73430487038387
285,288,0.000348,0.006585,0.77886,2721,1,70.965997871376,-24.451387516762,-70.94774857348,-53.0368093525018
281,289,8.3e-05,0.002176,1.14875,4013,1,-12.8372968945731,-32.9145893864427,12.8379692223691,-84.3060719114978
255,290,0.001262,0.012107,0.01869,432,1,21.174083447257,5.51553026797407,-21.1678968719996,-7.32215160553245
267,290,0.000103,0.008319,0.0,750,1,-3.01495428647468,-3.31077878093014,3.01497500596625,3.31245223190429
243,291,0.001736,0.010389,0.00379,237,1,-32.1921984593308,69.3596784248039,32.2923225233521,-69.1439682614679
254,291,0.000246,0.001176,0.0,0,1,97.4511307114078,-119.943471623306,-97.3925440930973,120.223544237669
285,292,0.003557,0.020594,0.01258,270,1,20.1480355466034,-30.1351507258136,-20.1026526008921,29.1324764117862
289,292,0.000221,0.012813,0.0,999,1,-2.67627392104355,34.1906879334771,2.67882222105107,-34.0429441868867
287,293,0.053551,0.135089,0.00439,62,1,-5.02154262107064,-7.13069648715295,5.06086303437684,6.78813145372056
244,294,0.018592,0.046867,0.00497,52,1,-30.9708865214811,-7.10296214966411,31.1601136980645,7.0840953714505
243,295,0.008728,0.240593,0.0,28,1,1.60388279863458,-0.17704067770804,-1.60365965685132,0.183191726179718
289,295,0.000295,0.001047,0.0,0,1,-10.161695301334,50.1153839779841,10.1692575727534,-50.0885443231498
293,295,0.000588,0.005136,0.01993,518,1,-5.06086303437769,-6.78813145372362,5.06120336624077,4.76081909063329
294,295,0.004668,0.019693,0.00441,143,1,40.9386267149782,-40.5592093785714,-40.7854865084117,40.7585613739385
244,296,0.007364,0.240727,0.0,161,1,-4.71010693800852,-3.11587297962508,4.7124826013362,3.19353271697991
274,296,8.4e-05,0.006203,0.0,822,1,-24.0212634447625,-7.66159189485942,24.0217955766956,7.70088730416052
294,296,0.001078,0.006631,0.0118,233,1,34.1529240888892,11.3934271739833,-34.1388968534338,-12.4938388849413
241,298,0.011093,0.03665,0.00772,156,1,11.7889596139355,-44.4901622084539,-11.5695617803754,44.3906418464166
297,298,0.000209,0.004167,0.45742,2747,1,1.500995717461e-12,5.77497574619834e-12,0.0011860786412132,-49.5553957884296
242,299,0.00395,0.021189,0.02742,213,1,-7.43859169345646,41.2007844977308,7.51078532864988,-43.5957952738641
243,299,0.005019,0.024356,0.00737,124,1,-9.5094313882001,27.2467817097764,9.55148811776532,-27.7886989946094
246,299,0.005037,0.249558,0.0,125,1,-31.1510956317216,-15.9664030955186,31.2185612480407,19.3089848460382
248,299,0.033407,0.113285,0.00973,128,1,-1.22021525600193,1.01500502861747,1.22145933974281,-1.99088353539341
291,299,0.000241,0.00111,0.0,0,1,65.1002215697584,-51.0795759761749,-65.0838049094909,51.1551879798963
247,300,0.000283,0.001054,0.0,0,1,-34.4375846567924,-1.95771313483499,34.4409318857213,1.97017949275431
249,300,0.000293,0.001186,0.0,0,1,-14.9450843693493,-1.91140301175216,14.9457455169776,1.91407919293711
294,300,0.00249,0.013789,0.00723,145,1,-106.251664501931,22.0816868331389,106.543322349565,-21.1942581008966
4,86,0.004727,0.023881,0.01569,182,1,-11.8379548989434,-14.8117573936872,11.8538793833689,13.3169820758991
8,71,0.020206,0.068692,0.0126,146,1,-0.77960404533973,-9.79396588502217,0.796691478293051,8.58363764149504
6,95,0.000269,0.001009,0.0,0,1,-208.359154262008,84.8344201155956,208.495422962595,-84.3232858446215
29,108,0.000103,0.008203,0.0,1383,1,-29.1821456464416,101.071537474074,29.1930311501105,-100.20460750712
75,145,0.015942,0.03741,0.00323,68,1,32.6700191714725,14.1771139724573,-32.4699461733993,-14.0318639785474
89,153,0.00023,0.001161,0.0,0,1,30.8808018011596,-3.64560912614803,-30.8785281591039,3.65708607582931
112,179,0.000239,0.001197,0.0,0,1,97.3717151459351,108.557851188506,-97.3207436332178,-108.302567085064
120,140,0.008807,0.054551,0.18122,268,1,60.2935322576929,3.55178975931715,-59.9639119853716,-19.6868505234999
127,201,0.006304,0.033179,0.00546,117,1,50.5045503503127,-9.07101222450573,-50.3380415969416,9.40416211364296
133,209,0.00079,0.004536,0.00102,210,1,80.8573185240122,-27.0362501816357,-80.7993137250922,27.2682991673216
140,231,0.001455,0.006813,0.00939,242,1,169.488230195929,-14.1291841838406,-169.063867060761,15.186770597944
175,198,0.001399,0.012352,0.06011,611,1,14.3801385223082,-22.4921294417402,-14.3717776120883,16.6351055067071
181,281,0.012856,0.070852,0.00959,143,1,-5.68777278250801,-15.0701473924722,5.7193387239716,14.2755343557397
223,284,0.000227,0.001179,0.0,0,1,-83.0273539955513,27.8536299950913,83.0448570151541,-27.7627222412953
203,247,0.025014,0.115425,0.0225,140,1,-19.7396790491058,-1.36132924032923,19.8376568388162,-0.437549395856739
237,280,0.067598,0.187462,0.01242,52,1,0.317616385999688,-1.4908775742372,-0.317025046372556,0.259664720346487
254,4,0.000416,0.002286,0.00606,263,1,-207.401239652982,98.9442828102456,207.620538808097,-98.3460649195507
249,19,0.012516,0.033955,0.00433,143,1,14.9450843693432,1.91140301173661,-14.9167328198447,-2.26898308170277
253,9,0.0001,-0.00073,0.0,598,1,-126.190367156741,37.7064949628103,126.207744269045,-37.8333478826297
269,32,0.004021,0.121252,0.0,115,1,-8.16552504394912,-35.9714120823463,8.22034228356794,37.6244088339657
