from_bus,to_bus,resistance,reactance,susceptance,line_rating,line_status,P_from,Q_from,P_to,Q_to
2,9,0.009674,0.065251,0.02821,288,1,-1.97109182051132,0.598881096282586,1.97184447695787,-3.61594091269083
4,10,0.001352,0.007913,0.0018,238,1,-8.58590696300472,92.6995873104338,8.69403556460999,-92.2609054773283
7,12,0.145279,0.319025,0.01142,47,1,-0.289886128083168,-3.97620634920993,0.306025171664441,2.8132871844997
8,12,0.002018,0.071496,0.0,258,1,-95.8356645276911,-27.4634633290348,96.0337566289811,34.481695674838
10,12,0.003894,0.012163,0.00167,112,1,87.5609570673742,17.2263632530193,-87.271444746154,-16.5001018383957
11,12,0.002784,0.011416,0.06655,269,1,9.07832028189616,13.7624766926924,-9.06833705506103,-20.794881021389
4,13,0.001159,0.03397,0.0,319,1,8.5859069629572,-92.6995873104746,-8.48270849242709,95.724308659835
7,13,0.000263,0.001194,0.0,0,1,25.3214174149955,31.8640749074533,-25.3172206023107,-31.8450216970135
10,15,0.0001,0.001845,0.0,216,1,-95.4549936339343,74.9148502907028,95.4687344328292,-74.6613325510921
14,15,0.001663,0.008634,0.01176,267,1,-21.2887241226263,-13.7885658389876,21.2984969290225,12.5839433164423
11,16,0.000261,0.001127,0.0,0,1,10.7592110048671,-11.8068686336688,-10.7585857275786,11.8095685857917
2,17,0.006923,0.047116,0.02649,221,1,-3.25996713152363,18.6992899914093,3.28678378935935,-21.3333992041978
7,17,0.004833,0.025713,0.03188,248,1,-25.031531286915,-27.8878685582282,25.0927432959717,24.8786741792168
5,19,0.010817,0.053231,0.01557,208,1,8.49585795120247,-2.32566250752222,-8.48825486158936,0.714429212142125
6,19,0.008659,0.16594,0.0,57,1,5.33493836019257,2.08128792000133,-5.33227584117805,-2.03026373646175
16,20,0.00664,0.133583,0.0,86,1,24.9734959291107,11.3901344819218,-24.9265358235156,-10.4453947551579
11,21,0.000293,0.00118,0.0,0,1,-19.8375312867723,-1.95560805908319,19.8386243818042,1.96001028480884
15,21,0.007762,0.055787,0.02788,217,1,19.8673185940558,-0.808870356916564,-19.838624381783,-1.96001028473923
13,23,0.001361,0.009606,0.00364,268,1,-5.93893608673847,-80.1307211768767,6.02325912031553,80.3455102598774
18,23,0.004828,0.022316,0.0101,167,1,20.292210777709,85.4607336180794,-19.9471446696113,-84.9492358747849
20,24,0.049395,0.122057,0.00884,60,1,-32.0594247385898,2.96767153744384,32.5565869127403,-2.66324830707357
3,25,0.000285,0.001188,0.0,0,1,45.4960099012634,11.57478646013,-45.4901331001243,-11.5502894785394
15,25,0.000277,0.001031,0.0,0,1,-77.6345549208427,56.3365892713291,77.6583969663483,-56.2478486615232
24,25,0.001512,0.007275,0.00281,173,1,-64.7606252353206,-57.7131862608641,64.8679303377722,57.9307658877025
16,26,0.008381,0.045994,0.0213,232,1,-14.2149102015776,-23.1997030677723,14.2691107061963,21.2037617036591
18,26,0.002424,0.013584,0.00242,128,1,-7.06799524783299,18.1227315993212,7.07649576916567,-18.3389775300795
24,26,0.033908,0.081192,0.00324,71,1,-2.499418446541,-17.6135993773369,2.59893604351277,17.5042415748319
24,27,0.011013,0.062996,0.1036,200,1,0.0031465709374718,-10.9775018467757,-5.08348160397274e-14,-3.63784011524336e-13
18,28,0.000351,0.024646,0.0,542,1,-21.5467414505407,-105.157135862348,21.5870619929733,107.988304206484
22,28,0.001852,0.009839,0.0073,270,1,-68.2177918222935,-2.41766492157544,68.2997316163435,2.08338580604325
24,28,0.000244,0.001122,0.0,0,1,29.3679747906362,89.3447945034917,-29.3475737321918,-89.2509830790055
25,28,0.012784,0.04572,0.00671,117,1,11.5768378113022,10.1533268162177,-11.5475754786239,-10.7612671890224
22,30,0.032857,0.146566,0.05986,181,1,-0.334141498150238,-7.63535611704152,0.340452901193399,1.32158976297498
29,30,0.003507,0.023062,0.02626,287,1,106.510567504294,-4.87409125564529,-106.13885583371,4.51176827793382
28,31,0.005256,0.021353,0.00242,150,1,-46.2916453476827,-10.389238520372,46.4035741875618,10.587342909336
24,33,0.003342,0.192203,0.0,75,1,-1.6555986698292,-2.63531369656118,1.65590466337187,2.65291180454466
25,33,0.0013,0.00604,0.00052,168,1,12.042241896604,-1.80078819585907,-12.0404388765359,1.75361906466287
29,34,0.006815,0.045023,0.02314,208,1,40.4138063591181,-4.37298252608569,-40.3092974902374,2.58680408180168
25,35,0.004173,0.020014,0.00191,159,1,-158.017842577687,5.78799670638698,158.99461254879,-1.30850233094804
2,36,0.000298,0.001004,0.0,0,1,-35.1804176554296,93.729098822224,35.2082669549391,-93.6352709809236
25,36,0.00395,0.025391,0.01509,240,1,21.4022878536342,-9.12759763481387,-21.3827898856724,7.63901183825633
34,36,0.000286,0.001047,0.0,0,1,8.255819971814,-84.6101044266141,-8.23648639830472,84.6808815296358
32,37,0.001631,0.008583,0.02406,224,1,-1.3073910104438499e-12,-2.8532074020178197e-12,2.52337036285881e-05,-2.57172259588525
30,38,-0.000736,-0.013683,0.0,131,1,130.535120503727,-11.0264266280248,-130.653587356932,8.82400549702342
31,38,0.00022,0.001111,0.0,0,1,-72.9132678083705,1.33387637321743,72.9242528073359,-1.27840212844241
33,38,0.014396,0.035274,0.00823,74,1,-15.6050533790295,9.93549680462435,15.6523809801126,-10.6974738497439
37,38,0.06594,0.151744,0.00366,74,1,-2.24209697611631,1.9250496606475,2.24797279298327,-2.30208525134027
30,39,0.000559,0.036424,0.0,510,1,-24.7367175713133,5.19306858693475,24.7400672480891,-4.9748062848236
33,39,0.015897,0.037134,0.00242,71,1,6.9664928751785,4.18913933976485,-6.95649455783519,-4.42362106245936
34,40,0.000597,0.003771,0.00263,314,1,41.7093347035325,84.1021848245091,-41.6599898811573,-84.0707650362485
2,41,0.000142,0.010421,0.0,1056,1,-4.88188395139852,-123.603331445973,4.90291057762243,125.14641927611
5,41,0.008205,0.039129,0.00614,128,1,-10.6996053822531,1.51331517483616,10.708737375967,-2.12007685940639
14,41,0.003641,0.018586,0.00155,150,1,21.2887241226293,13.7885658389948,-21.2666723456106,-13.8407100100106
33,41,0.009817,0.051026,0.02532,150,1,11.58131286213,5.12654119888613,-11.5651279095291,-7.73577355527091
33,43,0.000298,0.001167,0.0,0,1,95.4417780508778,21.1418559714041,-95.4151176832906,-21.0374511090743
37,43,0.001349,0.009002,0.01272,268,1,36.761760576393,3.51785343823759,-36.744481351221,-4.76098663187927
34,44,0.00795,0.033325,0.00265,113,1,-9.65585718504573,-2.07888447970163,9.66306947937674,1.82543278094096
40,45,0.000269,0.001169,0.0,0,1,-5.04368062197979,67.1726399440435,5.05517147839087,-67.1227038431344
41,45,0.000229,0.001087,0.0,0,1,5.64926853095405,-65.5457904184248,-5.63991194095685,65.5902035770577
46,47,0.000574,0.006466,0.11928,1210,1,-42.0069656549224,13.0465370988696,42.0184158462433,-25.7197874112573
9,48,0.003821,0.013195,0.00177,149,1,16.1020862237706,-0.990055704865749,-16.0927997271004,0.832801985333831
5,49,0.00381,0.108814,0.0,83,1,-14.2980685920819,-2.25300939808072,14.3056064346719,2.46829097382671
31,49,0.000232,0.001026,0.0,0,1,26.5096936207824,-11.9212192824613,-26.5078532659745,11.929358092948
48,50,0.002071,0.024464,0.39053,1116,1,25.9883175606746,-32.3008639786672,-25.9727062058597,-9.35626466777632
41,51,0.000288,0.001051,0.0,0,1,5.48768907869398,-37.3126506375792,-5.48382205469986,37.3267625897244
42,51,0.01422,0.072894,0.00518,146,1,-8.84021765082001e-14,-5.43540574936308e-13,1.0115639791341e-05,-0.549162647333378
45,51,0.009181,0.016995,0.00103,64,1,0.584740462536646,1.53250026604886,-0.584492836447464,-1.64126131575213
48,51,0.000165,0.0129,0.0,888,1,-6.06632584186923,35.2910552994385,6.06830477605456,-35.1363386267674
9,53,0.005121,0.039386,0.02169,228,1,-18.0739307008026,4.60599661761592,18.0911545613132,-6.79174320438343
17,54,0.02071,0.085155,0.00726,133,1,-28.3795270851807,-3.54527497509218,28.5397347591172,3.43232479683411
37,54,0.00754,0.05386,0.0982,443,1,-34.5196888339393,-2.87118050297587,34.6041491994381,-7.03596327881528
44,54,0.005583,0.162406,0.0,76,1,-13.9670048213546,-3.40939046898764,13.9779056046046,3.72648747857086
52,54,0.00813,0.019391,0.00162,45,1,-44.6388846569475,4.51021709932685,44.7924320630117,-4.3171699614701
36,55,0.002438,0.142594,0.0,85,1,-5.58899067093405,1.31537761315628,5.58974125549789,-1.27147734437219
50,55,0.002196,0.1244,0.0,75,1,-12.7343886538484,2.84991014100631,12.7378715191262,-2.65261121543455
53,55,0.000208,0.001004,0.0,0,1,26.5942512919402,-1.60370497739585,-26.5928681805399,1.61038114973168
1,56,0.009914,0.049742,0.00639,150,1,-10.5733502480882,-1.90212625681552,10.5839575338277,1.27193516736969
6,56,0.002414,0.011689,0.01666,159,1,-18.3201134745242,-17.7770040098917,18.3341663323559,16.0642302689155
46,56,0.001768,0.021204,0.31113,1119,1,42.0069656547218,-13.0465370988499,-41.9777044509229,-19.9812582244781
48,56,0.00192,0.01878,0.03613,647,1,-13.0561480240122,-6.47826752428985,13.0595805848219,2.64509278826219
3,57,0.01516,0.091679,0.02942,234,1,-5.07235705642342,-2.65691248113217,5.07617343322032,-0.469579491449805
3,58,0.00682,0.06665,0.12825,548,1,-9.25649292979933,-5.78333738617982,9.26203351839655,-7.86880350146703
49,58,0.005468,0.034778,0.05067,270,1,-5.26000210991429,-6.82947257232298,5.26229829521251,1.43796402213318
52,58,0.016508,0.064982,0.00679,124,1,5.94212682209216,-3.71185497196016,-5.93492277625594,3.01541648385104
53,58,0.002976,0.008921,0.00024,58,1,-44.6854058532475,8.39544818163242,44.743044931349,-8.2483000664149
57,58,0.000949,0.046472,0.0,527,1,-3.7203621707367,4.03776333525074,3.72062894760598,-4.0246994209522
6,59,0.020386,0.053905,0.00138,74,1,-11.802398948741,4.23223943070728,11.8325692550797,-4.29965460145133
49,59,0.005186,0.022497,0.00387,131,1,17.4622489412717,-7.568176494537,-17.4447644276938,7.23149878518951
3,60,0.000222,0.001151,0.0,0,1,-31.1671599148919,-3.13453659279868,31.1691980348285,3.14510360201951
57,60,0.003553,0.120163,0.0,108,1,3.29418407881254,-4.21782207616084,-3.29322318057478,4.25031980060379
59,60,0.005822,0.034493,0.0212,269,1,-0.644081580459097,-4.31453112331159,0.64465746591544,2.05409142829006
61,64,0.004821,0.020426,0.00323,107,1,17.7678534934262,-1.87526284306485,-17.7534592810235,1.5917500175399
62,65,0.003134,0.018842,0.08702,280,1,40.2582150619312,-21.4896803380184,-40.2024881510885,12.4898905746275
64,65,0.00048,0.01693,0.0,420,1,-25.3393713274984,-24.5948222475341,25.344985974694,24.7928555329935
67,68,0.005185,0.028516,0.00413,150,1,3.46277645039554,0.0400107162166986,-3.4621904237907,-0.477317174803254
61,69,0.000256,0.001122,0.0,0,1,-11.5930935773813,-1.86101454738321,11.5934243259289,1.86246415625196
65,69,0.004833,0.041182,0.42455,537,1,1.82671897112749,-13.905875360951,-1.8230014067022,-31.5281192662972
66,69,0.000216,0.001004,0.0,0,1,174.983147423803,-18.3330442763078,-174.92051498286,18.6241691406869
67,69,0.000147,0.002335,0.21657,2614,1,-69.450018278533,-12.573701643655,69.4566653117685,-10.4295498972236
68,69,0.002187,0.013363,0.05134,302,1,-19.3541948090459,-2.39299539836005,19.3618792948438,-3.03692194105398
67,70,0.00027,0.016,0.0,1500,1,13.0161950566292,3.66994459070863,-13.0157322225701,-3.64251738720762
68,75,0.000291,0.001017,0.0,0,1,5.67563332849094,1.72196546132389,-5.6755373349224,-1.72162997864618
70,75,0.000259,0.01851,0.0,808,1,-5.67545190296364,-1.71552399369306,5.67553734053853,1.72162997636188
70,76,0.024313,0.090809,0.00963,127,1,22.6911826299376,5.15817033032327,-22.566373788026,-5.7081962076989
76,77,0.00353,0.16159,0.0,120,1,39.3209524238715,18.0167344444513,-39.2577463042534,-15.1233982209131
66,78,0.001128,0.007613,0.00679,285,1,-81.072302828377,0.684883475103989,81.1417634277663,-0.941531371999419
79,80,0.013627,0.042018,0.00367,74,1,55.4788998344396,-14.6559888950841,-55.0606507087913,15.5530358287345
73,81,-0.000327,-0.006332,0.0,131,1,0.0,0.0,0.0,0.0
78,81,0.000719,0.006732,0.01633,610,1,-16.7101878460165,-5.76439768422342,16.7122263571045,4.03665489673927
72,82,0.000211,0.001156,0.0,0,1,68.9999984622348,-9.93989123045735,-68.9903988556505,9.99248433572471
74,82,0.002385,0.013117,0.00292,142,1,0.0,0.0,5.4304235973555e-07,-0.311896025215847
76,82,0.015607,0.047702,0.00198,77,1,-57.8047900752219,-4.80207009821072,58.3072230053337,6.12855197057502
79,83,0.002838,0.017948,0.01269,239,1,-55.6548067473075,14.2411587135377,55.742789702455,-15.0424261852707
78,84,0.000295,0.001051,0.0,0,1,-81.0315736027246,1.14978146663753,81.0496926959434,-1.08522835825457
81,84,0.000248,0.00109,0.0,0,1,24.8854058716196,14.7788953360414,-24.8834645710885,-14.7703630070945
83,84,0.000169,0.011506,0.0,1129,1,-58.72830065116,-2.73361084841768,58.7337658863184,3.10569958056095
83,85,0.000222,0.001145,0.0,0,1,88.9140270220883,-4.37574763462777,-88.8975669604851,4.46064299740132
81,86,0.005189,0.017147,0.0029,141,1,31.19112204027,-5.5866296077604,-31.1425180389388,5.43709080811283
85,88,0.000202,0.001114,0.0,0,1,48.8224892384568,-13.7293870649496,-48.817626832705,13.7562025105313
87,89,0.000593,0.00974,1.08737,3066,1,-36.5604589930677,-64.6635087455815,36.5680288343745,-52.3638552670408
88,89,0.002758,0.011476,0.00555,171,1,39.9301808490543,-51.2663641174467,-39.8219843404703,51.1208143140427
87,90,0.00084,0.009762,0.17452,1071,1,-21.0961652237951,-16.1884283406708,21.0999979411766,-2.56995938132984
85,91,0.012191,0.066347,0.04796,239,1,1.07461356577554,-2.67177710369137,-1.07448045023371,-2.45196750863601
88,91,0.000203,0.001058,0.0,0,1,16.079233340387,7.56394709157875,-16.0786335372909,-7.56082102421082
87,92,0.00027,0.001157,0.0,0,1,-24.8493681477207,47.1262011821215,24.8564867094208,-47.0956968269843
83,93,0.000203,0.001047,0.0,0,1,-106.987404820243,17.1940720126542,107.009705766147,-17.0790518630881
86,93,0.000219,0.001108,0.0,0,1,16.6951795012856,-7.98969002470795,-16.6944775856149,7.99324126928858
88,93,0.003659,0.020467,0.01301,246,1,-13.1487412195463,1.03727918215774,13.1547635941208,-2.39408213775204
78,94,0.000258,0.001023,0.0,0,1,-49.2077519332636,-12.1906036235704,49.2139531028177,12.2151919819188
88,94,0.001275,0.015135,0.42865,1216,1,-52.5730441990711,-21.9249022107831,52.6060316986564,-23.5150845677856
92,95,0.000273,0.001163,0.0,0,1,-24.8564867094287,47.0956968270083,24.8636843662588,-47.065034281611
95,96,0.008022,0.041986,0.00614,122,1,-14.8822540032279,12.6849920339882,14.911431438015,-13.1895150814394
71,97,0.000247,0.001095,0.0,0,1,84.4836716606388,-18.9706190539777,-84.4663352349604,19.0474748682201
87,97,0.002096,0.01394,0.0654,237,1,-79.6120697911603,39.0514508327705,79.7707533409181,-45.0094166216971
88,98,0.000232,0.001084,0.0,0,1,58.5299980616355,50.8338375442187,-58.5169509839769,-50.772876198607
96,98,0.000243,0.001052,0.0,0,1,-86.5710180002724,-32.5572502650176,86.5905152320911,32.6416580340436
91,100,0.003122,0.016331,0.00852,143,1,2.38428847022333,4.01873542921127,-2.38353749035959,-4.92442378598938
95,101,0.000264,0.001148,0.0,0,1,-87.1373667938937,6.26488096479896,87.1561160807252,-6.18334997509223
100,104,0.00271,0.01748,0.00334,221,1,-13.2682430410756,-0.337864925240501,13.2727157197348,0.010266202754005
96,105,0.01014,0.043955,0.00588,123,1,24.4244408951909,12.4508035701455,-24.3522096108925,-12.7598931104059
99,105,0.020003,0.084194,0.01626,122,1,4.5496336028217e-14,-1.99243233063325e-15,0.0001390339120606,-1.70812255186915
102,105,0.00434,0.019309,0.00279,143,1,-33.1997710534824,-19.0130338256208,33.2606283972995,18.9922282388513
96,106,0.000151,0.0009,0.00023,199,1,47.2351456675359,33.2959617762596,-47.2304144572861,-33.2922760167905
103,106,0.000874,0.042285,0.0,376,1,0.388815035251963,-21.5824118660465,-0.384925832590734,21.7705754066991
71,107,0.012214,0.030959,0.00124,55,1,5.82491165717119,5.89285491344794,-5.81697161858457,-6.00486763486799
97,107,0.00047,0.010408,0.0,109,1,2.12148040304752,24.4553536643353,-2.11882912340608,-24.3966419228287
101,108,0.067909,0.193738,0.00345,56,1,-1.34419130006812,-5.35811312352704,1.36223572784286,5.03493673037424
103,108,0.008437,0.045003,0.11014,228,1,16.4147302995474,-5.55618673481368,-16.3940468797997,-6.43273359622915
66,109,0.000229,0.001003,0.0,0,1,-71.5706844550425,11.1515412914283,71.5819391904084,-11.1022465334723
71,109,0.008284,0.033163,0.00541,126,1,4.19141488969251,-0.532176157133886,-4.19004786980944,-0.0400959207561191
82,109,0.000282,0.001183,0.0,0,1,119.551998517313,-8.43837689793674,-119.514075905142,8.5974636007708
104,109,0.000201,0.001048,0.0,0,1,-13.2727157196757,-0.010266202804354,13.2730473903581,0.0119955106407396
102,110,0.001214,0.057782,0.0,174,1,-10.1812526847115,-9.02597659142042,10.1834138363346,9.12883957583723
62,112,0.000239,0.001133,0.0,0,1,-8.29425440235541,13.9983503726133,8.29484532563494,-13.9955490501208
66,112,0.003326,0.012186,0.00711,290,1,-54.4623357909097,2.55170630245451,54.5550151272251,-2.97221966378069
81,112,0.000268,0.001105,0.0,0,1,42.8110249784547,-26.0588117774129,-42.8047345427405,26.0847480888465
82,112,0.001067,0.007853,0.00713,269,1,-58.9088232112531,-7.37076338279872,58.9439771777984,6.8670712623901
103,112,0.000792,0.055582,0.0,125,1,-16.803545334794,27.1385986008939,16.8108803557971,-26.6238320132801
62,113,0.000492,0.030677,0.0,366,1,-31.9639606592946,7.49132996545069,31.968912982593,-7.18254455523865
98,113,0.008736,0.038048,0.00515,115,1,-45.2571561896013,11.4322147804398,45.4360261562237,-11.2026532882728
107,113,0.001383,0.012725,0.09688,606,1,-120.336644304739,-4.99804967590536,120.525032089492,-3.58472803348532
65,114,0.0111,0.253571,0.0,38,1,3.691009162242,-7.90960983040604,-3.68264060888754,8.10078302343695
105,114,0.000249,0.001197,0.0,0,1,-8.90855781971124,-4.52421257671956,8.90879452859833,4.52535049052619
110,114,0.000256,0.001084,0.0,0,1,11.2305741690877,14.0313327399907,-11.2297871494764,-14.0280002038242
63,115,0.011192,0.039389,0.00325,161,1,-46.5579697047748,-21.909028030735,46.8428345389398,22.5698969270782
64,115,0.000236,0.001178,0.0,0,1,43.0928306090235,23.0030722299556,-43.0875482815139,-22.9767053578951
67,117,0.014098,0.054499,0.00487,152,1,2.12415008236724,2.8741205794347,-2.12225608437128,-3.38540775877707
110,117,0.00187,0.01944,0.06623,750,1,-42.6433678751302,-30.6185838744561,42.6888425918367,24.0922706419447
116,117,0.000875,0.005294,0.00704,220,1,38.0819216240026,20.0503522767201,-38.0665892854609,-20.7068628835056
109,118,0.003491,0.017385,0.00481,196,1,27.1681934314554,0.905641650441908,-27.1440146140766,-1.29822589665847
111,118,0.000741,0.031398,0.0,211,1,-40.5515507005657,-1.93468229380943,40.5630354457887,2.42131931204343
115,118,0.015027,0.053014,0.01135,123,1,-3.75528625743109,0.406808430974087,3.7574197513594,-1.60844781277938
116,118,0.001832,0.012149,0.0109,231,1,13.4795728000661,-1.16624467419873,-13.4764434699533,0.025548063054807
66,119,0.004362,0.021864,0.01732,261,1,9.07218724084708,-1.53031668934697,-9.06880928529718,-0.301294964727237
98,119,0.000277,0.001196,0.0,0,1,17.1835919414821,6.69900338417264,-17.1827091175353,-6.69519162446028
116,119,0.004213,0.140877,0.0,121,1,-0.213518522715965,-0.455871816930397,0.213528540443493,0.456206796137853
101,120,0.013147,0.059993,0.00995,157,1,-2.73169757862634,1.34150464558161,2.7330407750322,-2.40420726770424
116,120,0.006476,0.168527,0.0,103,1,2.73384012358553,-2.3834055490758,-2.73304077434817,2.40420726756322
121,123,0.002483,0.015582,0.01367,183,1,-1.88135445401727,-5.98144894216166,1.88208935063508,4.54321563682891
121,127,0.000201,0.001173,0.0,0,1,-34.5844710754291,-6.21020919974491,34.5868242076938,6.22394165818512
121,129,0.000184,0.012242,0.0,1341,1,11.5440465023141,8.80363323778821,-11.5436787714435,-8.77916714367325
126,130,0.004479,0.140197,0.0,80,1,14.8451121093167,5.37792468120889,-14.8345963868654,-5.04877247301506
124,133,0.002407,0.011515,0.00646,234,1,25.633376202169,5.07111287785475,-25.6176205846784,-5.67228531135376
130,133,0.000226,0.001092,0.0,0,1,-15.9241502843808,-3.46527557061668,15.9247241674374,3.46804849228848
124,134,0.012789,0.049752,0.01145,171,1,-2.01978871583932,1.49223637090332,2.02082037312417,-2.68788492357887
128,134,0.002924,0.015557,0.01141,282,1,63.1140872012224,16.5046868665976,-62.9956716924361,-17.0743263257868
126,136,0.001957,0.010667,0.00171,154,1,48.4680490984313,13.1937322984231,-48.421501490162,-13.1211899749993
128,136,6.6e-05,0.005051,0.0,1744,1,-41.0902765666057,-12.0587800827344,41.0914228482325,12.1465053629933
131,136,0.014201,0.036621,0.0031,69,1,-7.32268677519615,-1.2828876016807,7.33007864187976,0.97468461202909
132,137,0.003215,0.017713,0.00514,167,1,-24.5400075834076,-5.68421321453294,24.5625193239664,5.34344858489566
129,138,0.017596,0.052726,0.00161,46,1,4.37219703085873,14.3358758888197,-4.33423201765047,-14.3902117800773
135,138,0.037277,0.088771,0.00868,64,1,28.7395735882078,7.09421052292172,-28.4318675699084,-7.27525854343718
129,139,0.000282,0.001034,0.0,0,1,-7.31877638590483,-1.82224000148186,7.31892881141607,1.82279889502305
131,139,0.007068,0.022672,0.00524,183,1,7.32268677519527,1.28288760168147,-7.31892881141382,-1.82279889501075
127,141,0.005104,0.036877,0.02029,265,1,-43.9483583031733,-10.4450784036621,44.046061737421,8.99876801311826
126,142,0.016077,0.3226,0.0,37,1,30.39843305401,10.4273097252108,-30.2321365149426,-7.09041456422695
137,142,0.028863,0.063124,0.00468,51,1,-29.9326122346073,-6.86549741340964,30.2321365149425,7.09041456422689
135,143,0.000237,0.001162,0.0,0,1,-43.9287323846728,12.3254125957529,43.9333439026946,-12.3028025369288
135,145,0.00025,0.001145,0.0,0,1,19.1891562510821,-17.561704433722,-19.1875750618035,17.5689462806179
141,145,0.001876,0.012473,0.02741,253,1,-44.0460617371811,-8.9987680131037,44.0811848412853,6.3039493126821
146,147,0.016276,0.047891,0.00109,64,1,20.6365958675596,3.10612001895417,-20.5707064326745,-3.02908203612181
143,148,0.00272,0.011654,0.00578,252,1,5.03963233986823,-4.42997989489141,-5.0385547833145,3.81608548937954
145,148,0.000233,0.001018,0.0,0,1,-12.9473492710396,-11.8996011954776,12.9480225690563,11.9025429009756
143,149,0.011171,0.043477,0.00316,109,1,50.4975154950268,10.7955071668744,-50.2186731532377,-10.0450960507782
144,149,0.004376,0.029572,0.02299,202,1,-9.39930523659562,2.52690574492512,9.40356524944503,-4.91234519507117
146,150,0.02137,0.0952,0.01396,149,1,-20.9244344443876,-8.76501613380159,21.0240771475821,7.68860188941644
143,151,0.000291,0.0011,0.0,0,1,39.2297930532901,-43.826880099854,-39.2203815257635,43.8624563207451
146,152,0.017201,0.312218,0.0,43,1,1.48912322659601,-0.353761032048726,-1.4887489829662,0.360553985808002
150,152,0.00612,0.028965,0.00195,145,1,84.1793262690065,22.7278588049399,-83.7565921402454,-20.9396557709426
145,154,0.000202,0.001123,0.0,0,1,-3.24626433582343,-8.64628039323741,3.24642534318113,8.64717549849826
146,154,0.00122,0.007488,0.0035,257,1,66.1287142212392,31.8711710092038,-66.067519208789,-31.8713094989594
147,154,0.000518,0.03462,0.0,379,1,-13.9319573536538,-4.46427922304033,13.9329963330403,4.53371834728491
151,154,0.000296,0.001081,0.0,0,1,21.1104690872942,0.915795820651811,-21.1092344913679,-0.911287042961399
151,155,0.002473,0.022401,0.07622,534,1,-45.6027707438211,-32.903170546217,45.6700063313764,25.2946601463116
126,156,9.6e-05,0.00174,0.15722,2489,1,-143.62388609287,-35.685123438191,143.643211018707,19.3312853967838
140,156,0.005637,0.139793,0.0,113,1,-20.6560876994179,-32.8524828807069,20.7439800149722,35.0321405830808
125,157,0.03212,0.080974,0.00557,71,1,-9.71744971569065e-14,-1.80949750440381e-13,2.66453057315284e-05,-0.595529180026633
143,157,0.000178,0.001303,0.00123,273,1,179.054397617709,2.27033157837534,-179.001041583182,-2.01128945245555
148,157,0.00312,0.01258,0.00182,112,1,13.4941784478826,2.05249204223001,-13.4887362478796,-2.22524187869114
150,157,0.012293,0.046922,0.00432,123,1,57.1465873559462,20.062657553514,-56.7360817458093,-18.964580964204
156,157,0.00012,0.009664,0.0,1285,1,-102.075172447368,-29.1016596543767,102.087889697291,30.1258221815508
152,158,0.005405,0.022164,0.01228,173,1,85.2453414893274,20.5791017470022,-84.8585277258314,-20.3060293966074
153,158,0.011879,0.051699,0.00459,138,1,9.82376286427996,1.7272011081017,-9.81256005703097,-2.16606606728066
156,158,-0.000309,-0.007477,0.0,212,1,-86.6273886126014,-16.0931299598941,86.604823518522,15.5471131041273
157,160,0.043241,0.09461,0.00209,55,1,-0.348668806427801,-3.80179149063111,0.354225642136517,3.58975516776829
159,160,0.002,0.014007,0.04169,286,1,-18.0295781923128,-13.2263596150803,18.0378922764603,8.8052231816281
151,161,0.0024,0.013858,0.00474,188,1,7.46904406452053,-22.4582325029274,-7.45673944794301,22.0204971812741
160,161,0.000587,0.007874,0.29634,1265,1,-18.654822804031,-14.1474840900201,18.6567383611356,-17.722447230058
140,162,0.000296,0.001081,0.0,0,1,-10.6018181425164,18.202511935127,10.6030664083043,-18.1979532347327
156,163,0.005176,0.160519,0.0,89,1,14.7141728485237,-12.1024277647822,-14.6953782805837,12.6852881301519
162,163,0.00961,0.048715,0.01871,116,1,-2.85209263811693,13.9880334914413,2.87331533680423,-15.8354394157832
157,164,0.035535,0.104723,0.00661,39,1,1.92984081294423,-0.534038441218816,-1.92859201499304,-0.168597970918351
162,165,0.001146,0.005406,0.00077,143,1,-5.01399360504846,4.36799345257863,5.0144792382029,-4.44668355555264
124,166,0.003565,0.014901,0.00258,153,1,-23.6135874863294,-6.56334924875881,23.6339509856734,6.37748011972903
126,169,0.00029,0.02209,0.0,592,1,-23.327489991037,-12.9679876933197,23.3294354514703,13.1161781104631
159,169,0.000195,0.014994,0.0,766,1,24.5995768561737,15.7262350157676,-24.5980270004001,-15.607063028748
167,169,0.003389,0.019281,0.01733,203,1,-4.18773697673251,-3.97561805690805,4.18859035308456,2.13133332888129
157,170,0.005493,0.018627,0.00221,146,1,20.3895331467334,-3.94671617311359,-20.3674188038814,3.78553458288938
160,170,0.005668,0.030655,0.08221,258,1,11.0626994439127,6.77222819678611,-11.0496532547293,-15.5170614911667
165,172,0.026647,0.122151,0.02497,222,1,-5.07443686035193,0.674132584879716,5.08196272671698,-3.26265047297344
166,172,0.001874,0.012249,0.02294,184,1,34.6735093991674,4.6637255041127,-34.6514817467959,-6.93022267674116
121,173,0.131735,0.366498,0.01097,60,1,-5.0680104905334,-0.56668805090656,5.1000941668512,-0.508445549125013
157,173,0.000245,0.001013,0.0,0,1,135.567232153746,6.80005987818231,-135.525007315552,-6.62547309822265
165,173,0.038045,0.146855,0.03751,159,1,-24.3719033257368,-0.911476973059781,24.5872214802063,-2.23302004588529
122,174,0.026197,0.75029,0.0,150,1,0.0,0.0,0.0,0.0
123,174,0.000191,0.002895,0.21539,2635,1,-21.4067562489974,-8.37955158845939,21.4076010539162,-14.3593757455457
174,175,0.085988,0.217608,0.00375,56,1,28.5132862883321,10.089876393011,-27.7652687197082,-8.57628460106895
167,176,0.009516,0.045742,0.00654,123,1,22.8276959634735,5.1007271561489,-22.7785401960137,-5.55877960902323
168,176,0.000248,0.00108,0.0,0,1,0.0,0.0,0.0,0.0
126,177,0.000661,0.003824,0.00088,232,1,101.196813652379,25.5227753570321,-101.12899497877,-25.2237311147528
173,177,0.00341,0.01414,0.0024,221,1,105.837691670235,9.36693869326258,-105.477243449335,-8.12751306205228
174,177,0.001576,0.008274,0.01369,248,1,-39.5523936238081,-7.10695282851307,39.5763433617623,5.7850874474507
176,177,0.000265,0.001128,0.0,0,1,-166.958151234043,-27.2607716560377,167.029895067781,27.5661567294606
130,178,0.005054,0.021298,0.00473,134,1,-6.18361428072426,1.82735741214579,6.18566996730593,-2.31334590244257
174,178,0.02362,0.86801,0.0,150,1,1.42895982629143,0.58220127508308,-1.42842741399517,-0.562635686714022
176,178,0.03071,0.082084,0.00222,53,1,16.8850995237538,0.64977556552879,-16.802099290977,-0.661327638690581
128,180,0.000277,0.001195,0.0,0,1,-22.0238106346256,-4.4459067838627,22.0251349790342,4.45162011082395
129,180,0.004552,0.018198,0.00166,134,1,-14.4152780561956,-6.56220313090639,14.4260792780911,6.43037716387698
151,180,0.006036,0.039599,0.01634,205,1,54.1079198683911,9.61366531071217,-53.9366382748338,-10.2273933100346
162,180,0.031075,0.688413,0.0,53,1,-2.73698016511619,-0.158073709266494,2.73920057814694,0.2072631282765
166,180,0.001349,0.011559,0.064,593,1,-66.5710668907709,-12.4944395546416,66.6289564900686,6.24412637507746
171,180,0.001833,0.010823,0.00414,190,1,-3.64705555970314e-13,1.7152106642053e-14,8.29520816286408e-07,-0.437229655150077
174,180,0.00024,0.001003,0.0,0,1,-11.7974535447314,10.7942509058973,11.7980345293401,-10.7918228743871
176,180,0.000263,0.001018,0.0,0,1,123.559225657656,15.8129508134214,-123.520619339699,-15.6635164724301
179,180,0.003156,0.014715,0.00512,228,1,-6.86157255773504e-14,-1.45884420219222e-12,2.1845101044163e-06,-0.540732590190349
185,188,0.00066,0.010477,1.20068,2695,1,38.1444661943336,-46.7393032056786,-38.1335603522871,-82.9675189781477
182,189,0.00495,0.03768,0.01978,310,1,-5.86648777072358,-1.18847024568838,5.86808288369498,-0.913627539784171
181,190,0.00133,0.038122,0.0,263,1,52.6295388409193,2.74126610201082,-52.5951467927284,-1.75548139439188
187,191,0.004582,0.01846,0.00227,103,1,-39.4082667196662,5.64724589949983,39.4762809271579,-5.61598853909088
190,191,0.004702,0.025305,0.00766,135,1,51.6896577859019,-8.1823903587059,-51.5696992712685,8.00792146476121
185,192,0.000222,0.001055,0.0,0,1,17.354666813858,33.9740280713169,-17.3516858369606,-33.9598617171421
186,193,0.003422,0.019208,0.02629,214,1,-0.623296097314444,-0.965966218609841,0.623314902462203,-1.86964560967988
187,193,0.005407,0.014908,0.00433,70,1,-45.5881287744125,-16.7472702958876,45.7070834112591,16.6103751896073
188,193,0.003671,0.016279,0.00222,166,1,-47.892946342744,13.9262637435279,47.977652963041,-13.7901848025236
192,193,0.002934,0.012473,0.00103,120,1,-30.5848277780108,25.3743320327151,30.6276861715012,-25.3034578877091
188,194,0.000481,0.028413,0.0,571,1,31.0098152969502,56.999221719903,-30.9910551894118,-55.8910492968465
197,198,0.001381,0.008125,0.01114,254,1,-1.35482991916988,-0.936452666716143,1.35485508779239,-0.256145299819825
195,199,0.003511,0.01736,0.02871,221,1,-4.75706205574702,50.2974145581359,4.8434969715888,-53.0100510782613
194,203,0.001369,0.006738,0.00684,197,1,28.2526743459647,-3.83080287546281,-28.2420815102965,3.16676919919442
201,203,0.004998,0.152622,0.0,62,1,-2.54270299882497,2.56961898278421,2.54332242869784,-2.55070369145618
194,204,0.000277,0.001027,0.0,0,1,2.73838084339631,59.7218521722991,-2.72892640298411,-59.6867990665109
195,204,0.000307,0.020942,0.0,735,1,-4.41867185403666,-51.4721152140113,4.42667146437463,52.0178085029234
199,204,0.003304,0.087869,0.0,119,1,1.69969395396949,-7.61716028424648,-1.69774506137953,7.66899056360107
199,205,0.000252,0.001031,0.0,0,1,42.3937620831866,22.6322622073068,-42.3883976966579,-22.6103150544848
200,206,0.001108,0.006479,0.00428,240,1,-36.0308478809361,-0.341401365217308,36.0444292827213,-0.032663807819196
201,206,0.004767,0.029954,0.0404,272,1,-16.9944569579792,-8.56669416867368,17.0093868330098,4.38944312248391
205,206,0.000737,0.035399,0.0,257,1,8.18503340913515,15.1968962929809,-8.18298275725421,-15.098401006774
201,207,0.003103,0.013277,0.00141,153,1,19.5371599568022,5.99707518588749,-19.5248425373185,-6.09284952420898
202,207,0.000234,0.001088,0.0,0,1,-17.4010069742407,-2.27239910430164,17.4016923077667,2.27558561231985
203,207,0.062721,0.186685,0.00467,47,1,2.70090843641585,-2.41036971958271,-2.69372727720395,1.94174295789016
199,208,0.003155,0.093758,0.0,98,1,8.00896954364598,13.8155123285171,-8.0015535247442,-13.5951284615777
200,208,0.001123,0.00615,0.0091,223,1,24.5026818996802,-1.40556041175369,-24.4963069734598,0.476863108992748
202,208,0.005732,0.01321,0.00236,84,1,-32.4311847621425,-13.2136061491067,32.497860498191,13.1182653525897
192,209,0.000276,0.020681,0.0,742,1,47.0801743492809,-4.55872383142902,-47.0744730497662,4.98592881426763
196,209,0.016659,0.060488,0.01234,111,1,20.0793801685014,-17.3930337079546,-19.9731189714549,16.4487319592621
199,209,0.000268,0.001059,0.0,0,1,-67.035351158728,21.4830304521973,67.0475920216847,-21.4346607735737
202,210,0.005194,0.16162,0.0,114,1,49.8321917363921,15.4860052534022,-49.6925907678135,-11.1420875518849
191,214,0.001554,0.005505,0.00191,164,1,1.22042905963835,13.4824485523882,-1.21772772550468,-13.67713902184
198,214,0.000909,0.00602,0.00804,292,1,-0.600819022840366,16.9208502388274,0.603377997610505,-17.7639381449521
213,216,0.002845,0.017108,0.08026,191,1,-19.7544918714047,-0.864973449830389,19.7653603079668,-7.50446796750726
193,217,0.00184,0.007785,0.00103,160,1,-124.935737446339,24.352913110111,125.212185239606,-23.2944066268753
215,219,0.01143,0.061698,0.00632,147,1,-36.3050974101138,-7.53219486079532,36.4503191426092,7.62913422709296
217,219,0.014344,0.078149,0.07276,268,1,-27.3414696297636,-9.06719951418162,27.4443168873079,1.71398921288606
212,220,0.016142,0.044989,0.00326,79,1,12.6821734750679,15.9608967110214,-12.6186173439317,-16.1294718926917
214,220,0.002609,0.012377,0.00184,139,1,48.6708874626346,60.5210432134409,-48.5233410070554,-60.0161152729568
216,220,0.000737,0.004387,0.00198,174,1,-41.1572052701323,3.72795738128839,41.1691874194417,-3.86474441837961
218,220,0.000424,0.028407,0.0,494,1,-19.9453410041026,-78.1725911324749,19.9727709316363,80.0103315840048
211,221,0.011046,0.051064,0.00433,117,1,-22.8102353491378,-5.11153728828758,22.8670425546293,4.91380102610817
212,221,0.000185,0.01123,0.0,250,1,34.8394912323735,6.09672520920163,-34.8373278002978,-5.96539903509054
196,222,0.000273,0.001135,0.0,0,1,-24.9376204820796,24.360495389688,24.9407183521933,-24.3476159663214
198,222,0.000264,0.001159,0.0,0,1,48.6304022772894,-4.57781327008956,-48.6245196742098,4.60363878891263
212,222,0.000223,0.001177,0.0,0,1,-54.7786131006261,-26.0966137202488,54.7862882140958,26.137123175647
214,222,0.006917,0.027122,0.01015,175,1,1.8123479782959,-4.5540091654323,-1.81109371139658,3.47326265471548
215,222,0.004602,0.026955,0.02692,277,1,31.6949410560132,7.24536921056567,-31.6488320838506,-9.86744544673383
213,223,0.012421,0.383118,0.0,125,1,-0.0709261883347867,-4.04143874080525,0.072857197897049,4.10099952669003
214,223,0.01462,0.03576,0.00468,98,1,17.8281395199522,-26.2154177143013,-17.6924209808148,26.0440909475693
218,223,0.000243,0.001098,0.0,0,1,15.3768340920214,33.8070934957113,-15.3737390282335,-33.7931083926698
191,226,0.01324,0.245121,0.0,58,1,3.76898842414319,-2.6734123595175,-3.76634678201698,2.72231885193592
196,226,0.004842,0.158095,0.0,66,1,5.33494069389611,-3.74312617602165,-5.33302050531737,3.80582180042404
218,226,0.000228,0.001017,0.0,0,1,-27.7821524961985,33.355417265664,27.7861198315339,-33.3377208619969
217,227,0.000755,0.004818,0.00558,302,1,56.6370695924059,-10.6126524062467,-56.6138900459558,10.1581937119101
222,227,0.046487,0.097938,0.00879,72,1,-7.0259748658564,-1.7118114409462,7.0480789438467,0.813372772488511
224,227,0.013109,0.032001,0.00109,49,1,-2.47960454844937,-11.3914412714485,2.49606731193869,11.314384104034
226,227,0.010329,0.027716,0.00115,65,1,-46.8105186939633,22.8572179273432,47.0697437907553,-22.285950588624
219,228,0.015288,0.046361,0.00224,63,1,42.6660200919626,9.3886126713732,-42.3994251568469,-8.82321527027897
224,228,0.002975,0.018883,0.0106,286,1,-23.443447239586,-3.85133994451344,23.4590032818901,2.81268520361616
225,229,0.004729,0.026696,0.00747,215,1,-45.4522336534594,-0.0421787525299044,45.543909173722,-0.237996390971016
225,230,0.014523,0.081667,0.09376,279,1,0.0034278055136006,-10.0116178793963,5.2666767295827105e-14,1.8229684128898e-13
196,231,0.00379,0.112186,0.0,84,1,-6.62893354821477,-4.98226456542405,6.63139750670688,5.05519903703296
224,231,0.002523,0.010684,0.01199,249,1,2.46977432787304,9.00172048407012,-2.46744103665543,-10.2754804000857
181,232,0.000247,0.001164,0.0,0,1,-797.769091283733,31.3096821692964,799.234944328296,-24.4017755139479
231,233,0.000702,0.004282,0.00428,273,1,17.9413112643987,-5.51799033360857,-17.9390148136704,5.07420865856974
232,234,0.000219,0.001051,0.0,0,1,64.0650559595711,6.0304837499498,-64.0566389544658,-5.99008981220695
233,234,0.001894,0.053181,0.0,267,1,-69.0719814351357,-3.16554324634794,69.1566324447121,5.54243096561045
214,235,0.001136,0.006073,0.00436,260,1,-67.6970252314137,1.68946083327562,67.7457813697642,-1.89503528747236
217,235,0.000347,0.019964,0.0,462,1,21.2922100645427,23.4648490780446,-21.2889827658381,-23.279172445948
184,236,0.00943,0.294897,0.0,42,1,-12.8102350035857,-2.49459835119526,12.8253006768852,2.96573534578634
185,236,0.000297,0.001017,0.0,0,1,-151.191640650967,7.56949486558683,151.254434458136,-7.35447364709758
219,236,0.00374,0.020657,0.01469,164,1,163.997689594209,-0.870270253428777,-163.079736170468,4.33885098040792
181,237,0.000212,0.001126,0.0,0,1,745.139552575412,-34.0509482922305,-744.041336723188,39.883924941308
185,237,0.00121,0.055571,0.0,246,1,-55.8153209101693,-10.9371030109721,55.8523432029128,12.6374053498545
198,237,0.001379,0.050761,0.0,246,1,-49.3844383419893,-12.0868916686606,49.4181469518944,13.3277058437115
183,238,0.00826,0.039876,0.01002,147,1,-31.8660694867727,-8.4667653467698,31.9502223752013,7.80647895709464
206,238,0.028344,0.075637,0.00187,54,1,-44.8708333575768,10.7416216918308,45.440660057553,-9.42019598399498
229,238,0.00021,0.001121,0.0,0,1,-56.6361373361724,-2.7532140251142,56.6424476307239,2.78689897841036
231,238,0.007651,0.018496,0.00392,200,1,-52.0887235336312,19.5018445920724,52.3106186733772,-19.3848216162154
237,238,0.000236,0.001154,0.0,0,1,638.77084664244,-65.849036142823,-637.862807347963,70.289194387851
189,239,0.000221,0.001159,0.0,0,1,-37.4292832406704,-11.7763987574216,37.432465553937,11.7930879025616
231,239,0.000392,0.004805,0.08776,994,1,29.98345579993,-8.76357289482185,-29.9800999682977,-0.581922568609155
233,239,0.00028,0.001072,0.0,0,1,57.3824464571311,-12.9369960267439,-57.3733894400206,12.9716714636812
235,239,0.000257,0.001109,0.0,0,1,-46.4567985986674,25.1742077323333,46.463504695921,-25.1452697484647
191,240,0.014868,0.05738,0.0069,159,1,7.10400086353918,-13.2009691189821,-7.07411443891208,12.5735026713897
192,240,0.000275,0.001174,0.0,0,1,-16.5206738252043,13.0493137772254,16.5217991686724,-13.0445095836564
233,240,0.010861,0.188134,0.0,51,1,6.15148662317966,-0.235452565880406,-6.14768685434611,0.301272076950333
243,244,0.002168,0.019127,0.0498,543,1,-23.7465809435455,-4.80537557312661,23.7582677337793,-0.349553585102387
245,246,0.008061,0.031462,0.0032,114,1,-17.3194282516488,-0.484904217522716,17.3422029086846,0.233452018250656
242,247,0.002902,0.011503,0.00111,149,1,-46.5770097736757,-15.7597216462974,46.6430075512517,15.9030557281528
242,249,0.000191,0.012163,0.0,887,1,34.094823295706,11.8992074157923,-34.0924786662651,-11.7498999399308
246,250,0.001213,0.006693,0.00418,217,1,-22.0536783341051,-1.31339285184284,22.0592310179957,0.898686003716329
248,252,0.000209,0.00117,0.0,0,1,13.3762408401041,62.7971173050884,-13.3682433863917,-62.7523468704306
245,253,0.005357,0.159315,0.0,36,1,-2.26015566058783,-2.31421522551691,2.26068345800115,2.32991170580475
247,253,0.00027,0.001089,0.0,0,1,-76.0849623763332,-28.7020958014875,76.1016696145152,28.769481662155
251,253,0.001015,0.006729,0.00475,277,1,70.318815395599,31.9527014670501,-70.262356058033,-32.0878699543505
250,255,0.00027,0.01839,0.0,600,1,-38.7772524638827,4.54940065896731,38.7811143128693,-4.28636583354732
254,255,0.0038,0.013388,0.00157,137,1,66.1870447294343,11.0151663546925,-66.0274303929822,-10.6205437658137
248,257,0.001158,0.062295,0.0,260,1,-13.3762408400334,-62.797117305042,13.4245141396866,65.3939957177301
251,258,-0.000171,-0.004167,0.0,156,1,-101.998713408545,-36.2839329606433,101.980077542744,35.8298063361228
252,258,0.002427,0.013765,0.0118,232,1,10.4957493704004,11.0258345946375,-10.4901966819078,-12.2615886969219
256,258,0.000227,0.00104,0.0,0,1,24.9910545202406,21.1447859511411,-24.9887865915891,-21.1343954410196
252,260,0.003513,0.008037,0.00328,74,1,19.5169623276067,13.6916929602643,-19.4982433392042,-14.00113901623
258,260,6e-06,0.000416,0.0,871,1,-19.4982110974395,-13.9989033791252,19.4982433421968,14.0011390156333
252,261,0.003253,0.011954,0.00459,229,1,-59.4630786852581,30.8868777886036,59.5993063984805,-30.8792578819508
254,261,0.003927,0.015239,0.00338,128,1,59.2273139664686,-15.22433089417,-59.0905560071527,15.3926007247401
256,261,0.001847,0.008863,0.00352,207,1,-97.4593407080981,22.5191191903449,97.6317743063208,-22.0691863172896
257,261,0.000129,0.002461,0.0,81,1,-9.52451720023721,-64.8537349173218,9.5297018882518,64.9526459033987
254,262,0.068047,0.184489,0.00695,75,1,4.06320369183289,-4.86753585014709,-4.03990466149742,4.18159175971535
258,262,0.011053,0.199781,0.0,39,1,-4.03645587091017,4.24392858392561,4.0399046914721,-4.18159176851958
259,264,0.000378,0.027228,0.0,741,1,20.23326545093,2.03109422887845,-20.2315961464155,-1.91085131004541
259,265,0.000631,0.003888,0.00305,266,1,-24.5113574311307,-2.41161103905014,24.5148903823747,2.10327134251962
258,267,0.009685,0.039717,0.00969,132,1,-41.4364283011143,7.13159205259826,41.5968254970697,-7.51374693146496
261,269,0.007971,0.054666,0.04874,243,1,-9.73363180425867,-2.49359971936724,9.74067578112479,-2.68793779865962
266,269,0.000607,0.006182,0.18855,1192,1,-10.3281064138634,-21.450233816348,10.329438566403,1.23297591538756
267,269,0.000932,0.005834,0.00323,220,1,44.129887275037,-2.25905930500504,-44.1129547202547,2.01814300247274
268,269,0.033106,0.146837,0.01554,142,1,-2.93855288466555,0.0666346817663772,2.94146401395035,-1.7228335720905
263,270,0.000259,0.001174,0.0,0,1,8.97102176734702,0.794144179513501,-8.97082606236039,-0.793257084323153
261,271,0.025752,0.101819,0.01688,126,1,-13.1218769728915,-2.62746769654825,13.1639411271768,0.974948602794654
265,271,0.000248,0.001046,0.0,0,1,-24.5148903823695,-2.10327134251986,24.5162772740389,2.10912089367376
268,271,0.002462,0.011009,0.00399,209,1,-113.473092333198,-11.908268868779,113.771280130268,12.8112852434545
261,272,0.00024,0.00295,0.19592,2020,1,15.2122571443819,-26.4123690377609,-15.2111727632841,5.40900697425442
268,272,0.009058,0.054168,0.03207,254,1,2.36255651177476,-0.949766582124631,-2.3620355582113,-2.4907396739823
247,273,0.007784,0.034509,0.06053,127,1,7.61787406605073,4.45995601066932,-7.60933490877149,-10.8710851862174
266,274,0.000184,0.011444,0.0,831,1,12.5281053487947,22.4795306800789,-12.5269829739349,-22.4097238436923
267,274,0.008935,0.037993,0.02493,190,1,9.54810508830701,-11.765362474955,-9.53148167193187,9.15001934355454
272,274,0.00436,0.020282,0.00566,167,1,-22.0314061232372,-13.7433302215711,22.0584646478628,13.2597044997526
268,275,0.001104,0.006664,0.01662,243,1,90.5457268117635,2.82105476201482,-90.4613422370108,-4.09532347072343
272,275,0.015594,0.082916,0.00849,143,1,5.70256083008607,-0.794011079254392,-5.69781880613648,-0.0913724050291855
273,277,0.00413,0.014453,0.00253,175,1,-24.3563765578611,-12.4894095077522,24.3853781358137,12.3214615521016
273,279,0.000202,0.001114,0.0,0,1,14.8650498377939,15.7297350418174,-14.8641590680688,-15.7248225790761
277,280,0.000145,0.012316,0.0,1585,1,-24.3853781338996,-12.3214615524301,24.386391804202,12.4075606106639
275,281,0.003193,0.115329,0.0,102,1,6.01411994304858,3.43399210482957,-6.01269131571096,-3.38239105183237
276,281,0.000966,0.006562,0.00881,291,1,1.14172207149872,1.12748823887403,-1.14168710438827,-2.06448128873379
279,281,0.000569,0.035425,0.0,425,1,-0.879587516624719,-2.72561625921652,0.879631474555577,2.72835300737232
276,283,0.005186,0.020567,0.00513,156,1,-1.14172207083013,-1.12748823915038,1.14182120727375,0.581958788402633
280,283,0.005957,0.17068,0.0,164,1,3.33451405870957,1.79400007540617,-3.33371651924436,-1.77114896982899
275,284,0.000222,0.00113,0.0,0,1,76.6487927497749,-0.393034648207277,-76.6366253347052,0.454967887075906
278,284,0.009585,0.028525,0.00185,67,1,46.5927592066122,-0.272323848535761,-46.4001397614003,0.646509293995974
279,284,0.003671,0.016279,0.00222,166,1,-43.012490109931,-20.5099022660299,43.0908326000624,20.6205043940535
280,284,0.00025,0.001174,0.0,0,1,-16.665181936173,-27.5694296275889,16.6676046826423,27.5808068450088
247,285,0.008934,0.04183,0.00602,142,1,-3.40369059952403,2.83315251201161,3.40549117457216,-3.46744574351888
250,285,0.005648,0.02779,0.0026,175,1,8.22670884614771,-3.37126618511581,-8.2225683868125,3.11442737872252
283,285,0.000869,0.025186,0.0,226,1,-13.3152096668335,-3.9289484204877,13.3167831522901,3.9745523384524
279,286,0.001245,0.006265,0.00274,178,1,27.5945355520733,6.36251929074435,-27.5851102709227,-6.60580907484233
280,286,0.011391,0.348672,0.0,182,1,2.27780352806116,1.46120399457123,-2.27702453343503,-1.43735941426373
278,287,0.000511,0.032557,0.0,469,1,59.4072387856803,-11.4972913176639,-59.389483639084,12.6285130549176
279,287,0.000221,0.001098,0.0,0,1,17.546892656519,30.7690393955466,-17.5442812328127,-30.7560649917931
250,290,0.00076,0.04319,0.0,244,1,-0.262375970389937,-5.09932410760424,0.262561890995045,5.10988977988665
280,290,4.3e-05,0.003202,0.0,1159,1,-8.87352942239796,11.3686316970981,8.87361293551359,-11.3624128832317
285,290,0.007605,0.033016,0.00435,156,1,-8.49970592718975,-3.62153397535383,8.50567608377119,3.18269695035938
282,291,0.051919,0.12601,0.00442,58,1,4.5753188349276604e-14,-3.22775520453742e-15,2.70501219575361e-05,-0.471301908441043
284,291,0.001015,0.040068,0.0,221,1,13.7889907498723,-26.1590614791548,-13.7805001216407,26.4942363481053
241,293,0.000249,0.001135,0.0,0,1,-40.4174026817752,-16.5353881738783,40.4218919334754,16.555851228817
283,293,0.014842,0.064614,0.00702,157,1,6.93113494622483,2.78069960074395,-6.92304886503421,-3.49056965716976
288,293,0.000249,0.001043,0.0,0,1,55.2836680359887,5.68094415614281,-55.2764039001456,-5.65051647066338
292,293,0.000289,0.001135,0.0,0,1,-21.7761155866357,7.42044106575222,21.7775608322526,-7.41476510113243
256,294,0.00058,0.01198,0.83533,2768,1,30.9485091886854,-57.7076925450253,-30.9424291938255,-31.8818266064384
289,294,0.000263,0.00116,0.0,0,1,-5.94330981880551,-3.58610179400078,5.94342766985736,3.58662159331696
287,295,0.013111,0.0756,0.01134,135,1,5.74550448051711,0.691807289156768,-5.74121860154846,-1.86833302389808
292,295,0.000256,0.001035,0.0,0,1,60.6309956163933,22.3420465011397,-60.6208961359345,-22.3012146172537
288,296,0.00083,0.036897,0.0,222,1,-55.2836680313582,-5.68094415728431,55.307881817498,6.75734905752708
247,297,0.000718,0.007369,0.11025,1036,1,25.2277713599933,5.50593155055034,-25.2226226257975,-17.2238431710842
291,297,0.000275,0.001044,0.0,0,1,-4.60987955975754,-21.6603609037743,4.61114454770808,21.6651632580302
292,297,0.002289,0.02193,0.1102,485,1,-20.5629253542013,-22.4870794473664,20.5780702930949,10.9236060668198
263,298,0.005814,0.021793,0.00235,121,1,-8.97102176734162,-0.794144179479941,8.97540494002254,0.558161799557366
291,298,0.009706,0.047214,0.00539,127,1,-0.0639946108215092,-9.38135658632075,0.0715239722959794,8.84100764634407
294,298,0.000275,0.001161,0.0,0,1,9.02713916836282,24.5275020418162,-9.02539235613813,-24.5201273182058
297,298,0.00547,0.02671,0.00282,147,1,0.0334077841799632,-15.3649261534354,-0.021536556141427,15.120957872309
246,299,0.00558,0.2567,0.0,25,1,2.61526977958242,1.02785592055684,-2.61485609714852,-1.00882504586484
250,299,0.003413,0.093907,0.0,97,1,8.75368859900906,3.02250363776595,-8.75094213035273,-2.94693591666732
287,299,0.000403,0.002451,0.01247,268,1,71.1882603914599,17.4357446478838,-71.1677677679284,-18.6332875376821
292,299,9.1e-05,0.007085,0.0,1668,1,-27.3743588503851,-8.17954155127617,27.3750606984532,8.23418543657491
244,300,2.7e-05,0.002526,0.0,1488,1,13.2367310367207,-0.323720029636586,-13.236686244386,0.327910601393002
245,300,0.009678,0.023937,0.00671,83,1,19.5795839164026,2.79911944336705,-19.5437428899479,-3.42134251190487
290,300,0.022448,0.356896,0.0,38,1,3.28814910712429,1.69232487552374,-3.28528044806965,-1.64671667247817
295,300,0.000216,0.001044,0.0,0,1,66.3621147368995,24.1695476413741,-66.3519269760245,-24.1203067971449
299,300,0.001211,0.007593,0.00496,210,1,43.2116898459807,11.1989058361536,-43.1888470101251,-11.580532587259
29,87,0.002037,0.011763,0.00826,287,1,-161.620317230071,7.3128933827596,162.118062155524,-5.32571492866597
26,102,0.001852,0.072879,0.0,248,1,-43.3335075342898,-26.1691759688419,43.3810237378343,28.0390104170717
58,80,0.000247,0.001157,0.0,0,1,-55.0530838048218,15.5884808000805,55.0606507087894,-15.5530358288636
39,76,0.044255,0.093759,0.00511,48,1,-13.821329125847,16.0695362870418,14.0120766662658,-16.2038898760483
68,167,0.000255,0.001115,0.0,0,1,18.1407504635284,1.14834711048298,-18.1399603932003,-1.1448924892441
116,154,0.00027,0.0133,0.0,1269,1,-54.0818160178793,-16.0448302370663,54.0898782876294,16.4419716729074
61,153,0.001579,0.063332,0.0,387,1,9.82523857903085,1.78639044044831,-9.82376286444623,-1.72720110791312
65,138,0.004471,0.159293,0.0,77,1,9.33977404419337,-15.4672609164901,-9.32497734131108,15.994438548391
148,190,0.000254,0.001146,0.0,0,1,-21.403646231001,-17.7711204329384,21.4054826660981,17.7794060810535
144,213,2e-05,0.001248,0.0,516,1,-19.8253386793487,-4.90145885437722,19.8254180597367,4.90641219059138
126,225,0.002785,0.016019,0.02993,260,1,-34.595972877225,-7.63328165848616,34.6283226201712,4.6354085968325
143,238,0.000245,0.001072,0.0,0,1,-317.754682381993,47.4938237826267,317.991092005039,-46.4594110646477
192,251,0.015,0.088,0.012,98,1,22.3770109741596,0.0949397384833779,-22.3075865953006,-0.982764119801999
185,271,0.000263,0.001109,0.0,0,1,151.507828558777,16.1328832792138,-151.45149852659,-15.8953547404472
238,267,0.004628,0.030542,0.01595,226,1,95.6874637867587,-20.5252749195953,-95.2748178519277,21.5381687104031
187,296,0.002372,0.014273,0.01065,217,1,55.376917188081,6.03700808573643,-55.3078818165708,-6.75734905731868
244,52,0.012668,0.036305,0.01169,65,1,-38.518843622828,0.067342231010481,38.6967578350532,-0.798362127567306
261,39,0.072129,0.428145,0.11774,214,1,3.97301566249843,-5.83381778190989,-3.96224356391834,-6.6711089401212
284,47,0.000485,0.00206,0.00197,274,1,42.0294182145841,-25.8842303226827,-42.0184158468555,25.719787411274
256,60,0.000571,0.016882,0.0,110,1,24.9244739122507,10.0025997463228,-24.9206342814434,-9.88907847261311
