from_bus,to_bus,resistance,reactance,susceptance,line_rating,line_status,P_from,Q_from,P_to,Q_to
3,4,0.006518,0.02204,0.00368,138,1,-8.76737701349521,5.57904685228773,8.77461352809987,-5.91913164155857
4,5,0.002484,0.012036,0.0092,207,1,93.4686392794283,27.1832655739384,-93.2302545005649,-26.9338097749702
6,7,0.001576,0.008451,0.00393,192,1,-6.30333767148859,-9.50344338814086,6.30535146426941,9.1251617403766
3,8,0.012208,0.074047,0.09981,212,1,13.2044263958959,-3.24343510477446,-13.1825973071839,-6.49047068918286
6,10,0.000286,0.001021,0.0,0,1,20.8989318945579,17.5429403300863,-20.8967791875765,-17.5352553167015
7,12,0.00673,0.03028,0.00634,167,1,13.9606106144909,-37.9906519463249,-13.850963753982,37.8490558228587
3,13,0.005379,0.024974,0.0283,157,1,16.9723450271601,-46.4191790837198,-16.8467573298144,44.1673479947965
11,14,0.002988,0.012273,0.00275,130,1,-52.5049906193242,-24.1141839829366,52.6092585884721,24.2786290336052
13,15,0.006084,0.034738,0.12993,253,1,0.002610673606048,-13.1656538322291,-9.53158282940361e-14,-3.56741481744538e-13
13,16,0.001196,0.007781,0.06371,360,1,32.3271147251073,-17.150495953709,-32.3124742586994,10.7929129810652
9,18,0.016002,0.32404,0.0,30,1,-4.3368086899420197e-16,-19.5083967041872,0.0666890788870049,20.8588484678758
17,18,0.000225,0.014046,0.0,897,1,-14.4575946080414,-13.48211778929,14.458439944183,13.5348893068235
10,19,0.001517,0.079586,0.0,259,1,26.2876346056899,13.3965641260925,-26.2742775598301,-12.6958166957695
14,19,0.002188,0.007346,0.00253,223,1,-36.9031214766516,-10.7327707092444,36.9365896842603,10.6008636908349
11,21,0.025621,0.801178,0.0,75,1,-2.23021980044493,-3.36167853341053,2.23458679016614,3.49823589225108
18,21,0.000439,0.024925,0.0,607,1,-5.50304088693946,-9.92882558254042,5.50360326739614,9.96075572578036
12,22,0.000264,0.001182,0.0,0,1,22.824317177733,-77.631052086996,-22.8072367856061,77.7075256608368
16,22,0.000235,0.001137,0.0,0,1,22.3171682005688,-12.4180494309137,-22.3156558651319,12.4253665602403
14,23,0.042087,0.0882,0.00704,61,1,-15.6168465204894,-10.3507776145484,15.7670960999433,9.97608922353176
22,23,0.000297,0.017279,0.0,654,1,43.5132279835109,53.6564513377114,-43.4992457829295,-52.8429885638238
14,24,0.022503,0.79592,0.0,112,1,-0.436948186550827,-3.54907105055016,0.439933323068146,3.65465385537018
17,24,0.044059,0.105955,0.0077,62,1,7.63024295592705,5.30594224130947,-7.59178855366844,-6.0071810636805
20,24,0.007703,0.04478,0.02546,185,1,-34.6864863674694,-41.6370878791756,34.9094382363575,40.3861816343872
24,25,0.001409,0.049208,0.0,106,1,-20.9460389049401,-28.8342706585031,20.9635595428433,29.446162461158
17,26,0.000499,0.025088,0.0,357,1,6.82735174525135,8.17617561161148,-6.82680742162586,-8.14880889594774
24,26,0.01289,0.07363,0.01106,98,1,-6.81154412175355,-9.19938368977952,6.82680746574382,8.14880892393067
20,27,0.011679,0.031054,0.00585,131,1,111.182415137499,36.0686258860492,-109.550629180211,-32.2889309640359
18,28,0.000372,0.006216,0.64864,2261,1,-8.50208846435834,-24.5248964769923,8.50265649716489,-43.1487091126886
22,28,0.001676,0.014855,0.0215,536,1,33.751026620928,-102.304768937307,-33.562820005747,101.762029073826
21,29,0.019096,0.094955,0.02334,125,1,6.29358229533108,-2.09021163023984,-6.28594380003113,-0.230595428514452
27,30,0.018361,0.580828,0.0,100,1,-1.6994176821415,0.25741005580418,1.69999949305347,-0.239005172171555
21,31,0.024656,0.050918,0.01746,64,1,-14.0317724286913,-11.3687800707905,14.1066110676413,9.74278356666119
25,31,0.001798,0.007627,0.00163,229,1,-13.3782972587945,148.693396866861,13.7601398554821,-147.243112473311
13,32,0.007114,0.048033,0.01763,226,1,-15.4829680515667,-13.8511982552631,15.5116208790816,12.2472504448581
25,34,0.000271,0.001078,0.0,0,1,-39.5709706620999,71.8063872921985,39.5883080156318,-71.7374217309166
32,34,0.003582,0.02185,0.03548,202,1,54.6240435221682,-61.5359178517754,-54.3955813105058,59.2462110740255
25,35,0.000384,0.012416,7.63325,4207,1,20.3300236591261,-400.700688991646,-20.3285127870445,-401.202356733905
28,35,0.000503,0.003709,0.00241,242,1,6.04281465134262,-102.87622749368,-5.99171856777372,103.000742656766
29,35,0.003029,0.092446,0.0,71,1,-5.23972497614176,-0.469013232741744,5.24052387162856,0.493395765648122
33,35,0.027688,0.660955,0.0,23,1,1.30215220325647,-7.74867287194314,-1.28408108673819,8.18005812253324
33,36,0.004913,0.175334,0.0,75,1,5.49144119865204,-9.84578308586437,-5.485234041908,10.0673026503992
34,36,0.00807,0.036106,0.02653,225,1,8.43703826070554,9.27850148061198,-8.42280802050105,-11.9868574390557
12,37,0.001502,0.007905,0.00853,247,1,-24.6782910159177,37.2681752726364,24.708424199411,-37.9706065569696
4,38,0.018805,0.0562,0.00754,133,1,14.6327607447783,-21.005968933526,-14.5112184552834,20.6160364358648
31,38,0.000562,0.027911,0.0,376,1,-3.13354308840344,37.4779324657432,3.14127081566768,-37.0941449289598
7,39,0.000291,0.001001,0.0,0,1,-20.265962112615,28.8654901579387,20.2696151331711,-28.8529242693592
22,40,0.002236,0.106497,0.0,149,1,-6.72465070357263,-16.7309758594212,6.73182256124096,17.0725596367485
32,41,0.000256,0.015824,0.0,513,1,-70.8104408422511,48.3985019158875,70.8280991182705,-47.3069997294385
33,41,0.00977,0.063474,0.0953,200,1,-31.3848563950992,-35.3891684564208,31.5714353297415,26.7964221210816
33,42,0.000228,0.001017,0.0,0,1,22.3483750159968,-25.8385157954773,-22.3457298603686,25.8503145817664
37,42,0.000289,0.001043,0.0,0,1,-22.3423771154121,25.8624150240384,22.3457299662024,-25.8503145971378
33,43,0.000292,0.00108,0.0,0,1,2.24288783468953,78.8221403362854,-2.22483908944274,-78.7553847031809
37,44,0.026786,0.072743,0.00571,75,1,-2.36604723271754,12.108191508571,2.40841575879476,-12.5632546593973
39,44,0.000267,0.001096,0.0,0,1,-39.2532218968342,24.3089152875273,39.2589685037232,-24.2853262195485
23,46,0.002184,0.013412,0.01314,230,1,-23.0777414472889,22.1375860874029,23.1008317393819,-23.2999583611549
38,46,0.008064,0.04378,0.03876,220,1,11.3699476822779,16.4781083742043,-11.3324231505147,-20.1461847334595
40,47,0.000568,0.032022,0.0,504,1,-8.36499459758841,-19.0103564917242,8.3675063236852,19.1519594724843
44,47,0.000276,0.003171,0.07881,1106,1,-33.5384315298961,35.7140379216056,33.5459417199531,-43.4218053397562
45,47,0.006211,0.028978,0.0162,242,1,-3.19629844524183,14.3883704113734,3.21133120019929,-15.925272693985
40,48,0.004499,0.019545,0.00279,156,1,0.673014051730478,1.05203333721851,-0.672933098186272,-1.3445643836871
39,49,0.000951,0.004555,0.00152,184,1,-1.80060103520725,-1.11862305899222,1.80064261754717,0.968263581053087
20,50,0.005378,0.027752,0.01532,246,1,-86.6413612589351,3.29572846870199,87.0544910478784,-2.6700901580999
45,50,0.003301,0.107403,0.0,74,1,7.73642597954939,-23.302906183851,-7.7151808702312,23.9941477700674
47,50,0.002221,0.015916,0.01053,223,1,69.3174585971055,-7.33189713842281,-69.2083808045368,7.07381782668106
1,52,0.000652,0.034766,0.0,329,1,34.6647795415417,21.8477129736199,-34.653657075344,-21.2546398757267
8,52,0.002787,0.127339,0.0,50,1,13.182597237934,6.49047062838728,-13.1764925235779,-6.21154410474381
44,53,0.006021,0.020894,0.00206,135,1,-8.12895265119499,1.13454313639948,8.13306396072396,-1.32429079149361
1,54,0.001158,0.010816,0.07701,568,1,-15.8080500586389,-25.0783944391036,15.8163225782831,17.5570592972135
46,54,0.000228,0.001041,0.0,0,1,-18.2554846952605,41.6216914952441,18.2602420128711,-41.5999705845744
50,54,0.000748,0.005091,0.00366,278,1,21.4535721915419,-24.6354111750978,-21.4455520744878,24.3283500301607
53,54,0.00252,0.10367,0.0,137,1,12.6350790404609,0.45272867258158,-12.6310125713657,-0.285438652302835
3,55,0.0001,-0.000228,0.0,506,1,-21.712940870813,64.4594171338203,21.7176077903818,-64.4700577104372
50,55,0.014634,0.078747,0.03289,210,1,-14.7468377882948,-1.74438445653063,14.7790828835896,-1.33605894134981
4,56,0.000216,0.00113,0.0,0,1,129.055099132622,-58.8774756319682,-129.011194480472,59.1071620066453
55,56,0.000291,0.001044,0.0,0,1,-51.0602735595789,59.8830891114429,51.0784469746485,-59.8178896429457
3,57,0.002045,0.083085,0.0,147,1,0.303546206197601,-20.3758493491621,-0.294655482782276,20.7370648772607
6,57,0.000705,0.008588,0.18487,1275,1,-23.6052581650779,-8.25397103174496,23.6092352496119,-9.98550748221238
49,57,0.010732,0.063989,0.04553,251,1,-1.80064261875498,-0.968263577137583,1.80117328698258,-3.53582802942116
51,57,0.000262,0.001127,0.0,0,1,0.0,0.0,0.0,0.0
53,57,0.004022,0.161229,0.0,106,1,0.570662125381955,0.380422211842302,-0.570643027231637,-0.379656628630542
56,57,0.001184,0.006038,0.00264,265,1,24.552858283494,6.6142208409265,-24.5451100388852,-6.83607283286969
2,58,0.000226,0.00102,0.0,0,1,14.9180742331052,-0.435199451543252,-14.9175661184972,0.437492712163387
50,58,0.001694,0.07181,0.0,186,1,-16.8376638177451,-2.01807957142552,16.8425994738561,2.22730593821227
55,58,0.016871,0.035186,0.01355,51,1,-0.513631261137354,1.03767408206825,0.514173339325414,-2.37955869691103
56,58,0.002192,0.009618,0.00893,237,1,2.43933898241379,-0.598856146963618,-2.43920678618235,-0.28524004420652
1,59,0.012379,0.050133,0.0078,145,1,-29.1112112476516,0.633817726674359,29.2179315893846,-0.971806247858891
2,59,0.002257,0.074937,0.0,98,1,0.282799508045852,0.0373286139647239,-0.282797654306211,-0.0372670660304973
56,59,0.000212,0.001014,0.0,0,1,28.8260233797442,-1.73650770916173,-28.8242388294647,1.74504324681947
2,60,0.032056,0.082508,0.00596,66,1,0.199124869689383,-0.36207014989159,-0.199110594272973,-0.228344557134372
53,60,0.000227,0.001061,0.0,0,1,-21.3388051931622,0.491139861499459,21.3398491916054,-0.486260203577586
55,60,0.007155,0.038778,0.01729,189,1,-0.861318150009665,0.576151323672973,0.861519931014404,-2.2888005237253
56,60,0.000271,0.00118,0.0,0,1,22.114526968239,-3.56812915710813,-22.1131543927573,3.57410568503587
59,60,0.003922,0.025794,0.01319,280,1,-0.110895104919188,-0.73596989364666,0.110895862239189,-0.570700415865913
61,63,0.000291,0.020446,0.0,469,1,-26.5080184553788,-34.2298326760213,26.5136723478809,34.6270817691382
61,68,0.075609,0.212519,0.00352,58,1,1.04412680522915,10.4104883860205,-0.960657461519849,-10.5289078458891
64,69,0.004457,0.014446,0.0023,142,1,1.60953768770947,-0.0949627640599211,-1.60941988698236,-0.130102608726612
67,71,0.004614,0.020087,0.00211,147,1,-3.72350256877641,6.40904528054776,3.72614893870611,-6.60432175055497
65,72,0.000233,0.001192,0.0,0,1,-10.4956270766285,36.277308138349,10.4990312747624,-36.2598926697841
66,72,0.001632,0.009621,0.0038,186,1,-7.7585761843639,24.898287902384,7.77005825916009,-25.202097829636
70,72,0.000268,0.001035,0.0,0,1,18.2803864817745,-61.4183625577451,-18.2690895914653,61.461990473678
69,74,-0.007153,-0.272022,0.0,101,1,-0.2519885419249,-0.256333437933918,0.251979112533586,0.255974846869475
70,74,0.014094,0.380702,0.0,46,1,0.67043572291137,-0.617989867422758,-0.670315439395813,0.621238921980689
66,75,0.010547,0.042425,0.0036,136,1,5.37526267950714,-2.11135198280014,-5.37174983517801,1.77262099447299
68,75,-0.000871,-0.017113,0.0,111,1,-5.37203406709547,1.76703591198442,5.37174980175165,-1.77262102430223
66,76,0.000516,0.026021,0.0,488,1,-14.4823870848167,-20.2193963044267,14.485726239197,20.3877841651442
73,76,0.00276,0.11783,0.0,390,1,-53.5122756001986,-14.0421278266763,53.60350835729,17.93703933685
71,78,0.000203,0.001052,0.0,0,1,-32.7589669083311,-57.444903913657,32.7680351443546,57.4918979249709
70,79,0.001765,0.011707,0.00249,256,1,-37.0661394354261,50.6029564856193,37.1376481865689,-50.3699091416736
71,79,0.003379,0.092335,0.0,82,1,-1.83409255667603,8.37948104280919,1.83663227913189,-8.31008025175808
78,79,0.000342,0.025102,0.0,594,1,-8.14162322824909,-103.872720706002,8.18239043107931,106.864938031863
71,80,0.001796,0.011415,0.01758,268,1,11.0562211842208,46.3154425522015,-11.0131477233931,-47.7528781281682
76,80,0.000287,0.00101,0.0,0,1,-75.7645390161904,-39.2727747196339,75.7861627250761,39.3488720923675
78,80,0.004474,0.026354,0.01702,226,1,6.28593202958109,21.8482016347888,-6.26064745328496,-23.3570977735513
79,81,0.000226,0.001157,0.0,0,1,61.9551776121049,-95.7749900455144,-61.9246632313714,95.9312074725443
73,83,0.000716,0.004806,0.00219,278,1,28.1047649933624,5.78080119220302,-28.0983896047256,-5.94068404828811
77,83,0.007952,0.05476,0.01835,213,1,-12.0295072796734,-1.99255702620894,12.0421047296303,0.384921457248071
65,84,0.000513,0.032104,0.0,352,1,-10.4751208975696,-3.25997303717142,10.4757533992606,3.29955556014546
78,84,0.000601,0.00926,0.67624,3079,1,8.60983017395683,-23.3607444522616,-8.60878871814979,-42.8495869480898
78,85,0.02633,0.144778,0.07927,215,1,1.73812120888173,-3.68613451376462,-1.73729910591285,-4.07421254229438
84,85,0.003762,0.015805,0.01903,235,1,10.0176598552997,-4.66181938750332,-10.0132658837659,2.81802319214719
78,86,0.000299,0.001169,0.0,0,1,-41.2602954441564,51.5795000086458,41.273602677893,-51.5274727302575
81,88,0.00417,0.026283,0.03199,260,1,-1.78562576655793,-24.7288504763104,1.80897639110892,21.7672799708861
84,88,0.012914,0.451387,0.0,100,1,-0.231924982929906,0.0511327374181376,0.231932427905529,-0.0508725109033574
86,88,0.00025,0.001087,0.0,0,1,41.570498602053,52.8453264946955,-41.5589582368043,-52.7951489865938
87,88,0.023113,0.068266,0.00334,69,1,-12.5868694863538,0.15567852710601,12.624546522657,-0.370126850347325
80,89,0.000205,0.001004,0.0,0,1,-42.6459625301126,51.6953302342659,42.6554754571649,-51.6487400939706
81,89,0.000239,0.001161,0.0,0,1,63.7102890033779,-71.2023569699724,-63.6876939383905,71.3121179341999
80,90,0.005027,0.023874,0.00704,169,1,-15.8664048622095,-19.9342262796665,15.8994217486205,19.4058205153406
82,90,0.020816,0.090061,0.01142,103,1,-3.02883971089105,-0.360920550485209,3.03080082260157,-0.747864798695228
86,90,0.000283,0.00115,0.0,0,1,-120.77498731287,52.8362474088821,120.825205773689,-52.6321794585556
82,92,0.004634,0.016344,0.00496,177,1,3.02883971247596,0.360920555532353,-3.02838772718465,-0.844240627552106
84,92,0.006968,0.037129,0.00364,103,1,1.08250091946381,0.918233694407323,-1.08233186589113,-1.2732859735897
86,92,0.002865,0.020546,0.00897,213,1,8.75223341818001,3.02273242997311,-8.74964184178243,-3.88174593418854
91,92,0.000325,0.023429,0.0,811,1,5.40132663376693,-1.81620864582058,-5.40121856718968,1.82399908224651
86,93,0.005581,0.024226,0.01677,200,1,29.1786525843863,-57.1768336580732,-28.9491421630891,56.5103764390314
90,93,0.041481,0.195351,0.04934,155,1,4.48842401824817,-9.64790562328318,-4.45771374569041,4.90186450508152
91,94,0.00022,0.001162,0.0,0,1,27.6402529745177,0.942791984097225,-27.6385299237402,-0.933691143172746
63,95,0.034312,0.102091,0.00441,77,1,5.82305397271104,5.06776988853264,-5.80138443144833,-5.4317657536278
87,96,0.00602,0.040725,0.09021,313,1,-18.169272962913,4.92543659017923,18.1950758179125,-13.4998432252691
89,96,0.000221,0.001159,0.0,0,1,18.1962485279915,-13.4936920608977,-18.1950756279617,13.4998431520043
89,97,0.021276,0.05737,0.00186,30,1,-3.22491624650254,-6.72989746690751,3.236905648783,6.58153578794821
91,97,0.000282,0.001108,0.0,0,1,-3.8734311787272,29.4964265598045,3.87598681880081,-29.4863852505791
95,97,0.004055,0.023982,0.02792,306,1,-49.6657561263308,-17.052175569458,49.7798644748532,15.0185205857407
95,98,0.008949,0.391005,0.0,25,1,-5.84835283246152,-4.13940903890009,5.85311747824919,4.34758876023304
88,99,0.000242,0.001186,0.0,0,1,-24.7920551583807,20.5044203629213,24.794616458363,-20.4918678762312
91,99,0.00027,0.001177,0.0,0,1,-45.6787344152606,-32.6452036357116,45.6874495005097,32.6831949517791
90,100,0.000279,0.001016,0.0,0,1,68.2661371220917,5.202179741898,-68.2527762504162,-5.15352509809026
99,100,0.000282,0.001029,0.0,0,1,-84.1233017262673,-11.2632418028249,84.1440811308653,11.3390645238583
93,101,0.003455,0.020107,0.00963,245,1,29.6669210547291,-62.496705091149,-29.504235985764,62.465866182041
84,102,0.000908,0.005288,0.00392,260,1,-12.4059123095611,46.9789504753517,12.4279909142157,-47.2329602290331
70,103,0.001175,0.07448,0.0,434,1,10.1475775255199,6.57705826595036,-10.1458137571542,-6.46525786775915
95,103,0.000263,0.001062,0.0,0,1,3.60979280319833,-0.252368526053514,-3.60975708779779,0.252512745655707
98,104,0.003518,0.009254,0.0004,76,1,29.6721321772344,40.033603195133,-29.5845852390386,-39.8430625270934
100,104,0.007818,0.032488,0.00424,134,1,-28.8254695895074,-9.53602394602973,28.898824063611,9.42378268600991
102,104,0.021998,0.098405,0.01293,128,1,-11.0946400029369,-5.87896747931522,11.1286776156693,4.76240400826869
98,106,0.005909,0.017846,0.00261,122,1,51.77474605736,-49.3011561230152,-51.4730187391281,49.9502996739298
101,106,0.007521,0.040894,0.01173,209,1,-37.7234283461478,27.133009922165,37.8840203626621,-27.454401792588
105,106,0.001201,0.005542,0.00176,134,1,4.99893626462013,25.1948543042406,-4.99106074628291,-25.3365434120876
106,107,0.00011,0.009596,0.0,1496,1,4.62063195620154,2.13186993709039,-4.62060375576392,-2.12940983345887
104,108,0.00023,0.01555,0.0,669,1,-10.4429165897769,25.6568758726079,10.444701097495,-25.536227633405
91,109,0.003614,0.129279,0.0,81,1,0.21390305159609,0.21481552373005,-0.213899650717692,-0.214693868456572
100,109,0.010049,0.244887,0.0,44,1,0.651797793768337,0.442292442617333,-0.65173406145532,-0.440739331368675
102,109,0.003199,0.015375,0.00174,164,1,0.981865544993859,-8.09956383423255,-0.979723215205872,7.94024149295346
63,110,0.005533,0.025143,0.00569,144,1,-30.4869680118165,-40.0709665056708,30.6289969478827,40.1526522990381
105,110,0.000749,0.009489,0.16287,1268,1,15.3439923717221,46.0120626792041,-15.3204817132821,-62.1274020840835
65,111,0.000983,0.012066,0.29372,1293,1,17.5222202173955,-27.4676496459648,-17.5173919243033,-1.18650163561895
69,111,0.012511,0.049341,0.00602,133,1,1.86140842882173,0.386436047194085,-1.86090687838879,-0.974154527585072
74,111,0.007372,0.028813,0.00537,136,1,0.418336332671632,-0.877213772201247,-0.418294713535119,0.351735345587763
99,112,0.014303,0.056554,0.02162,163,1,8.54569670830693,-3.51026743407285,-8.53413144503143,1.44201957345858
102,113,0.00362,0.017447,0.0017,162,1,-28.0025524016991,24.8960233785911,28.054906135251,-24.8086492053826
105,113,0.000496,0.033211,0.0,549,1,-20.3429285606083,-71.2069169870272,20.3725338862585,73.1892203543047
108,113,0.002004,0.010984,0.00372,210,1,60.2357356775607,53.389702603182,-60.1029974219839,-53.0244969780146
102,114,0.000222,0.001151,0.0,0,1,5.51339583633437,-7.65725226916888,-5.51319283193242,7.65830478298259
112,115,0.013362,0.055837,0.01417,170,1,0.226240649841077,-2.87473470461445,-0.225583234237981,1.4900185719964
114,115,0.024395,0.060936,0.00183,62,1,5.51319288451011,-7.6583047677767,-5.49122516077649,7.53437617403991
62,116,0.02244,0.0908,0.01036,129,1,2.45350037745962,0.206265952841509,-2.45200894984034,-1.21707068044227
115,116,0.000288,0.001169,0.0,0,1,1.43145677377906,1.19317804161925,-1.43144657175371,-1.19313663131497
62,117,0.008285,0.045827,0.01096,170,1,-2.45350037379086,-0.206265949679245,2.45401718864742,-0.867973993940313
67,117,0.000197,0.012498,0.0,837,1,3.72350250617664,-6.40904528076867,-3.72339220195341,6.41604315986481
84,117,0.035064,0.060539,0.00558,52,1,-0.329288131143801,-3.73646613781922,0.333626177044056,3.1967863222435
109,117,0.010719,0.050633,0.0043,133,1,1.84535694384379,-7.28480829327612,-1.83948574015761,6.89139385006433
110,117,0.014207,0.051409,0.01399,149,1,5.44207956341396,17.0427982013372,-5.39326305019313,-18.2548727614712
112,117,0.00354,0.087727,0.0,66,1,-3.2772168899785,-2.61798763653283,3.2778537500964,2.63377007369728
115,117,0.023526,0.066152,0.00296,49,1,-4.8849143736219,-0.259288832653773,4.89064392524046,-0.0151466625997768
66,118,0.001771,0.008862,0.00255,134,1,16.8657006645873,-2.56753954904478,-16.8604519282967,2.34394679042175
68,118,0.000242,0.001155,0.0,0,1,0.4812222317125,7.00771594689607,-0.481100382432928,-7.00713439351629
64,119,0.003698,0.01626,0.00127,157,1,-1.60953769173281,0.0949627736883711,1.60963635215433,-0.219028772680372
115,119,0.000258,0.001187,0.0,0,1,4.62692145652871,-1.13516355399407,-4.62686172419493,1.13543836903362
118,119,0.010133,0.051998,0.01845,142,1,-3.01628439226094,-0.886952591950317,3.01722537237428,-0.916409599345261
63,120,0.018598,0.069135,0.00834,122,1,-1.84975848873887,0.376114794645354,1.85052539798595,-1.1895393533941
65,120,0.007068,0.029451,0.01379,161,1,3.44852777487959,-5.54968545861201,-3.445944778484,4.21267413689721
118,120,0.011555,0.06097,0.03551,202,1,-1.5949236255039,-0.451213468316248,1.59541938869099,-3.0231347927947
123,126,0.005467,0.024704,0.00408,200,1,2.15798620204388e-06,-0.386960467830528,1.67937803733958e-13,-6.932522370046069e-13
121,127,0.042839,0.090067,0.00708,47,1,-1.95023731006474,-4.03674953899597,1.958133763819,3.37828013448958
124,131,0.013194,0.068283,0.01088,151,1,-10.2118853916135,8.8584780947982,10.238039742074,-9.77360652337645
127,131,0.007602,0.018599,0.00103,68,1,5.34793288930499,-9.84819034669263,-5.33804065513684,9.77360666881189
128,132,0.002219,0.011572,0.01724,255,1,34.3826788552296,-29.9644904200181,-34.3354107123175,28.5623529684701
129,133,0.000314,0.020533,0.0,388,1,15.4165680901206,4.50174397597904,-15.4157128759827,-4.44582005274821
123,135,0.000203,0.001164,0.0,0,1,15.4210842901089,4.28190321349346,-15.4205360312711,-4.27875950271936
129,135,0.001463,0.008629,0.0026,213,1,-15.4165682693074,-4.50174398053703,15.4205360240278,4.27875950371595
130,136,0.006,0.01,0.83,3146,1,25.1986988753421,-55.7311950221269,-25.1451694211317,-25.0395404266329
136,138,0.001285,0.007796,0.00415,259,1,27.015266057866,12.0377379266139,-27.0036638232434,-12.3711189973845
130,139,0.000368,0.020346,0.0,359,1,-4.08781960189789,-75.6999185392603,4.11035130093833,76.9456520954479
134,139,0.028976,0.136049,0.0157,107,1,2.4690453919642602e-14,8.68093806679024e-14,0.0001735263507102,-1.52332058657218
137,139,0.003491,0.017476,0.00346,177,1,2.26012232842255,7.86225193783476,-2.25762451622262,-8.1857936744061
124,140,0.000249,0.001119,0.0,0,1,24.5341967629407,-41.9017371385065,-24.5281478951903,41.9289206044209
130,140,0.000235,0.00112,0.0,0,1,-21.1108789231123,131.431113517768,21.1536236282352,-131.227394072076
139,140,0.000206,0.001099,0.0,0,1,-11.5387417548685,-70.5976555585789,11.5496119570322,70.6556475594426
132,141,0.000405,0.021681,0.0,356,1,39.3688204717099,-30.3559840099111,-39.3583824589362,30.9147656270601
137,141,0.000294,0.001195,0.0,0,1,-16.4972713324298,39.019910497429,16.5026958136359,-38.9978620108939
133,142,0.002013,0.078429,0.0,267,1,-7.4371164761738,3.926524803,7.43862293617622,-3.86783123542432
137,142,0.003333,0.11658,0.0,82,1,-20.894530707491,-43.7621771679124,20.9887385414718,47.0573314689856
137,143,0.00704,0.027294,0.00846,164,1,7.99831550869967,5.48599504160629,-7.99116826311387,-6.27936478531345
136,145,0.004928,0.019614,0.00808,198,1,-0.137700767583017,0.934639588764056,0.137790965335665,-1.72126204797633
137,145,0.002292,0.014149,0.01359,287,1,27.1333642653643,-8.60598022981258,-27.1145293583456,7.39964261713063
136,146,0.000205,0.001016,0.0,0,1,-1.73239623178818,12.0671629368777,1.73270895341174,-12.0656130580019
145,146,0.00025,0.001152,0.0,0,1,1.73309030335569,-12.0638557086689,-1.73270893552262,12.0656130516436
124,148,0.028778,0.05658,0.00164,66,1,2.85369064640346,2.43294093252109,-2.84940409414243,-2.58331337852546
138,148,0.02945,0.09074,0.00334,67,1,-4.4621943703742,4.38694076525655,4.47450196881315,-4.67261462956976
140,148,0.012097,0.04909,0.00294,106,1,2.24182923545266,4.70612451479062,-2.2382751981989,-4.97650041789028
150,151,0.000943,0.007368,0.00391,291,1,20.4966881044171,4.99901058113399,-20.4923421807828,-5.34410030046234
143,152,0.0001,0.0001,0.0,103,1,7.99116796993309,6.27936547400444,-7.99106130748187,-6.27925881155322
149,152,0.006108,0.041968,0.18463,263,1,6.54784558914731,-22.9515082822826,-6.5323979687326,5.28148124711901
147,153,0.001122,0.006455,0.00857,199,1,7.89988786658753e-13,2.76779546645885e-12,1.98859177741187e-06,-0.827206886626006
148,153,0.000289,0.001175,0.0,0,1,54.5728127059663,21.9909151050317,-54.5624565763773,-21.9488097338655
153,155,0.014048,0.06627,0.00886,123,1,-41.7746883744642,5.18137937625655,42.0332554460132,-4.81908297398838
154,155,0.00178,0.07699,0.0,214,1,-31.5003024839455,8.5802895547334,31.5196267168509,-7.74446220002381
124,156,0.014205,0.075428,0.0071,104,1,16.5005605777079,4.05827226252371,-16.457873394133,-4.51672459531136
144,156,0.020873,0.051186,0.00285,63,1,-16.394231443697,-4.63243704748091,16.4578734030407,4.51672467258039
151,157,0.002493,0.014973,0.00543,231,1,16.2154680295617,2.09851389278051,-16.2085586592355,-2.58269337928932
140,159,0.000602,0.004315,0.00211,254,1,-10.4169170456752,13.9367014343895,10.418811087425,-14.1279655796467
150,159,0.000229,0.001098,0.0,0,1,10.4195383429546,-14.124478375966,-10.4188110502311,14.1279655698975
124,160,0.07256,0.169336,0.00445,62,1,-1.16039684745202,-2.61593029831185,1.16570984744641,2.19425330207621
152,161,0.000254,0.001199,0.0,0,1,0.0,0.0,0.0,0.0
155,162,0.009236,0.041588,0.00748,129,1,48.7791966204004,-3.09367497528254,-48.5520141089481,3.3931527120414
157,162,0.00035,0.0254,0.0,351,1,-39.106587085316,7.17646635256504,39.1123067640632,-6.76138109491624
144,163,0.003889,0.021093,0.01167,197,1,-85.45837224258,-23.3148022890461,85.7792784358723,23.9394883655047
153,163,0.000242,0.001114,0.0,0,1,58.2040986517232,21.2064946815425,-58.1944774614367,-21.1622054006368
154,164,0.001471,0.007298,0.01279,181,1,31.5003024610336,-8.5802893796443,-31.4844883520967,7.40285046236436
160,164,0.012059,0.037185,0.00625,194,1,-1.16570981972281,-2.19425331915714,1.16631537083631,1.58286219763064
155,165,0.00029,0.001007,0.0,0,1,-174.503796661403,-0.0473172941135553,174.594802767468,0.363328152070019
163,165,0.00742,0.040611,0.04397,300,1,-74.7416172825813,4.24270497421475,75.1745069082135,-6.12939874834535
163,166,0.000293,0.001177,0.0,0,1,32.2175054205415,-11.5907644340658,-32.2139439996173,11.6050708928635
157,167,0.00247,0.016482,0.01046,279,1,29.0449877394829,-3.31318459299573,-29.0232458720302,2.44667772542877
164,167,0.000519,0.031783,0.0,494,1,28.2979965279295,23.667058314535,-28.2908043712402,-23.226618399207
158,168,0.010255,0.069248,0.01449,172,1,2.7481291402981e-14,1.7551290627363699e-13,5.30097375091168e-05,-1.42588565044335
164,168,0.000204,0.00109,0.0,0,1,-31.9841481434992,-74.0116871271017,31.9976519094886,74.0838396022411
153,170,0.006222,0.025681,0.00599,161,1,5.0279697270829,-7.43432808945232,-5.02304903309761,6.87555649063104
157,170,0.000259,0.001048,0.0,0,1,-38.9356944697982,-34.6623564655605,38.9429703138281,34.6917969464227
164,170,0.002865,0.014275,0.00645,260,1,34.0043245002841,41.3589160905355,-33.9199211912737,-41.5673534620596
166,171,0.000285,0.001138,0.0,0,1,19.7452661098852,-13.3937617177116,-19.7435840714006,13.4004780678712
168,171,0.006521,0.035046,0.00741,195,1,14.2629640804328,24.3184848929454,-14.2090965076964,-24.7509192405699
121,172,0.000275,0.001164,0.0,0,1,7.49012803449124,8.58760815523979,-7.48975188363779,-8.5860160112637
169,172,0.000246,0.001027,0.0,0,1,54.5913504195595,13.6124132102259,-54.5831501222327,-13.5781786356136
165,173,0.000675,0.003816,0.00411,292,1,106.186527023477,-43.6198724078686,-106.095074164169,43.7372555544438
121,174,0.028732,0.069928,0.00239,40,1,-5.53989037593886,-4.55085880349545,5.55513875482549,4.35995890646282
168,175,0.000186,0.012903,0.0,1130,1,-46.2606682079353,-96.9764390014473,46.2833206590158,98.547861454625
172,175,7.8e-05,0.005844,0.0,1690,1,58.4885234092148,105.460211326829,-58.4770153566172,-104.597992616821
125,176,0.004946,0.021947,0.00749,245,1,-32.0587985235935,-16.0373832912114,32.1242379158309,15.6030169922673
173,176,0.000255,0.001157,0.0,0,1,44.6017035180023,16.7346052323562,-44.5957578250526,-16.707628107875
125,177,0.00119,0.011966,0.02005,574,1,38.1235205796396,8.14106687890848,-38.1045270948606,-9.87692646122763
174,177,0.001155,0.007626,0.02489,179,1,-10.4656320244072,-4.56643178726058,10.4670886281896,2.1888215920213
124,178,0.006664,0.027794,0.00329,161,1,-1.86052381994389,27.6927384925171,1.91402741800216,-27.7863976168793
148,178,8.4e-05,0.006005,0.0,1561,1,-53.9596340770027,-9.75848689346861,53.962281384469,9.94773786175264
149,178,0.000981,0.004884,0.00323,196,1,-11.1556859967145,21.4359400068667,11.161738514982,-21.7146947253453
172,178,0.00217,0.01014,0.00372,216,1,62.0275075039908,-44.157132226408,-61.8953120143162,44.4206316244258
175,178,0.057627,0.130144,0.00595,51,1,5.17135913140053,4.35813438798266,-5.14273629281977,-4.86727707051319
123,179,0.000236,0.001167,0.0,0,1,45.7126785045056,47.3643922981565,-45.701896272543,-47.31107507485
125,179,0.016375,0.074101,0.00753,142,1,-4.53651988864164,11.136938610496,4.56251682082248,-11.7382758356607
128,179,0.008064,0.020338,0.00188,55,1,-34.3826788433899,29.9644902286403,34.5590181264559,-29.6984202002912
173,179,0.000291,0.018587,0.0,894,1,5.99873022367117,-85.151418528429,-5.97556087574234,86.6313108650374
122,180,0.000348,0.001731,0.00581,236,1,25.5869660389538,10.6566394030144,-25.5841354247718,-11.195420412899
127,180,0.01239,0.052425,0.00318,124,1,-0.876066869285067,6.150131825714,0.881305042549073,-6.43149219289339
172,180,0.000216,0.00265,0.04475,1419,1,-58.4431261789278,-39.1388853613736,58.4540180697144,35.0204541961668
173,180,0.008282,0.027877,0.00121,83,1,54.1425299494154,23.85616637618,-53.8444196323988,-22.9691715616249
181,182,0.000249,0.001065,0.0,0,1,20.6830404865541,-4.47330740271116,-20.6818792834376,4.47827399435412
184,185,0.000225,0.016415,0.0,722,1,2.92939145616306,-29.0755162172041,-2.92735158654479,29.224336038466
184,186,0.00024,0.01298,0.0,1026,1,-44.9436493449783,-16.1632891766749,44.949389696623,16.4737465281248
185,187,0.008822,0.182468,0.0,64,1,19.7284868532879,5.76168357667427,-19.6893220302512,-4.95162611466234
183,188,0.008152,0.019073,0.01164,57,1,1.54927567069652,0.381455859791555,-1.54899688218578,-1.49843960462516
184,188,0.05108,0.11817,0.00572,61,1,-2.38832168127609,-1.8223516304229,2.39266264228937,1.28510186881099
186,188,0.012858,0.444554,0.0,172,1,0.843767237256232,-0.209830458171363,-0.84366579390219,0.213337772591394
186,190,0.000264,0.001015,0.0,0,1,31.65538033465,-43.5137683600397,-31.6474027090284,43.5444399130923
182,191,0.029351,0.069018,0.00235,48,1,1.09187928558334,-3.59875085753662,-1.08780046712854,3.38219952971588
184,192,0.035073,0.191448,0.01439,119,1,0.631674406785248,-1.5054971641723,-0.631280842499059,0.133262889213148
186,193,0.011342,0.08415,0.02646,171,1,31.0798347699405,-11.3601226477195,-30.9534399111986,9.74828643796305
186,194,0.004726,0.156884,0.0,96,1,1.40490381450851,3.54286316359065,-1.40419631264855,-3.51937697616012
190,194,0.000437,0.004595,0.22855,1041,1,34.0922988440304,-15.9333997141674,-34.0868892281502,-5.92757335007823
189,195,0.000259,0.001158,0.0,0,1,115.47310427183,32.9368215921728,-115.432757971066,-32.7564315679075
187,197,0.000208,0.00104,0.0,0,1,-10.2709645377531,-3.38757556045193,10.2712265765401,3.38888575438681
194,197,0.004047,0.193927,0.0,149,1,20.6892673220775,7.92784812466343,-20.6685530480229,-6.93524693252303
190,198,0.000202,0.001101,0.0,0,1,-10.966287751414,-30.6653305375606,10.9685220017668,30.6775083080479
196,198,0.00017,0.011537,0.0,842,1,6.97874436039702,26.254511659419,-6.97744520366912,-26.1663447701848
191,199,0.005128,0.143936,0.0,108,1,3.94458143514153,1.98632237459493,-3.94354428392739,-1.95721094769212
192,199,0.002874,0.011508,0.0011,118,1,-18.7336313237023,-3.48752252829726,18.7445314484264,3.42585662591949
194,199,0.00036,0.021857,0.0,789,1,14.8018181769213,1.51910212415401,-14.8009871222951,-1.46864556592279
181,202,0.001424,0.063309,0.0,177,1,11.9909795394651,-25.8432738556376,-11.9783334259158,26.4055019474155
198,202,0.0278,0.12389,0.01817,250,1,5.33821040780778,3.18316577184161,-5.32519173450201,-4.85704877293784
198,203,0.000248,0.003993,0.43186,2418,1,-49.5893004221428,-20.1483761425906,49.5956563601116,-21.1964871902445
201,203,0.000215,0.001063,0.0,0,1,-12.0454975696516,-7.3757689789914,12.0459445295778,7.3779788320218
191,204,0.006705,0.040051,0.03197,201,1,12.152513696314,-1.10384232184666,-12.1422326376877,-1.91480130631841
196,205,0.000256,0.013793,0.0,599,1,-6.97874436746358,-26.2545116595719,6.98072527579002,26.3612408335784
201,206,0.003059,0.01839,0.01181,254,1,12.045497555559,7.37576897102194,-12.0388615526291,-8.46704272520838
203,206,0.003303,0.019349,0.0065,262,1,12.1254078956547,7.61269245152344,-12.118187378847,-8.19303575129526
183,207,0.000725,0.045384,0.0,498,1,-7.38893316093537,-3.80345707610071,7.38945447019471,3.83609031668843
191,207,-0.000108,-0.003725,0.0,93,1,-15.0092947654202,-4.26467951240243,15.0090221147946,4.25527559036271
203,207,0.002192,0.009641,0.00581,213,1,13.563336604708,-25.1498700019085,-13.5450090389319,24.671590242822
205,208,0.000305,0.020791,0.0,482,1,0.0012134043007432,-18.9609313852338,1.1958749962515101e-14,19.0436457747976
182,209,0.033915,0.126878,0.01134,141,1,12.9530006051696,1.3683309989822,-12.892448280769,-2.22313081216245
205,210,0.004817,0.017859,0.00119,147,1,-6.98193893282369,-7.40030939245415,6.9870849873072,7.30482827556174
203,212,0.041406,0.092298,0.00793,72,1,-1.23884300983456,-2.6911005740526,1.24180802759589,1.93445668961035
210,212,0.003045,0.02661,0.07412,439,1,1.24194168821805,-5.21501544601531,-1.24180793627172,-1.93445672278502
203,213,0.002329,0.095873,0.0,151,1,-150.17472583342,15.7654131167417,150.763098936237,8.45489366142774
200,214,0.000205,0.002415,0.02646,1180,1,-17.9867730002135,-36.4518085726083,17.9900598632382,33.9136088496365
211,216,0.000508,0.002449,0.0005,125,1,13.6674514783718,-4.01272478202993,-13.6663782097217,3.96992423109247
200,217,0.011181,0.0309,0.00846,100,1,23.63070299265,8.76760932396038,-23.5568528325611,-9.38207446412275
211,217,0.001921,0.051418,0.0,85,1,-5.57539127116217,-2.36481930333458,5.57612561008945,2.38447481554848
216,217,0.000336,0.017799,0.0,577,1,-17.9794274332648,-6.92872974287664,17.9807275167871,6.99759934589507
202,218,0.009425,0.024333,0.00463,67,1,17.3035247491166,-21.5484526677296,-17.2284239287117,21.3023641138134
204,218,0.010864,0.067095,0.0534,214,1,12.1422327819968,1.91480129429773,-12.1233204273015,-6.91454940299045
207,219,0.002569,0.013062,0.00183,137,1,-18.8228633766151,2.19181744954702,18.8324433138452,-2.3195639881187
210,219,0.000228,0.001184,0.0,0,1,-8.22902662604473,-2.08981285614735,8.22919705564547,2.09069789407399
211,220,0.030633,0.071174,0.00959,53,1,-8.09205992581717,6.37754391416551,8.12789318330723,-7.2121575839537
215,221,0.014593,0.060688,0.00805,120,1,4.3427478048224e-14,-2.79833614086899e-16,2.2609093989878e-05,-0.769561879144946
218,221,0.001274,0.008096,0.02382,305,1,-41.5835180039809,-6.82617157406464,41.6070457555142,4.70119923139749
183,222,0.000277,0.001031,0.0,0,1,5.83965741933,3.42200130231475,-5.83952529874531,-3.42150954663672
218,222,0.016994,0.05601,0.01061,145,1,-15.5673360062221,-1.51052319144423,15.6106911536456,0.637912553091202
219,222,0.011818,0.032209,0.00207,56,1,18.1716737719774,-0.409462628459233,-18.1311983991375,0.320558436282501
214,224,0.00497,0.047503,0.15022,482,1,-5.23036244612507,-0.469774120894225,5.23415089048622,-14.0922948875894
218,224,0.01166,0.067709,0.02263,258,1,-7.96491463005894,-10.6830782488675,7.98394390154463,8.61807396763982
223,225,0.014917,0.073205,0.0619,166,1,-1.80055188198276,-2.25313904478988,1.80113736157911,-3.78023141349733
224,225,0.017161,0.078878,0.00951,148,1,1.80487875022016,-4.68725295583289,-1.80113736628591,3.78023141581008
220,227,0.000213,0.001091,0.0,0,1,-31.0005688706042,-0.538633632128756,31.0027135195303,0.549618664891019
223,228,0.000402,0.030153,0.0,459,1,-29.4999647535986,-11.594401619006,29.5042093592939,11.9127787223137
226,228,0.002063,0.013268,0.00594,212,1,-61.6862520326161,8.47359100803238,61.769798993225,-8.50572998424486
220,229,0.01999,0.78238,0.0,21,1,2.54507573398511,0.695859975690617,-2.54361816196989,-0.638812692385509
223,229,0.018,0.07467,0.01267,149,1,31.300516643606,13.8475408555111,-31.0811155891321,-14.1529210195823
222,230,0.030979,0.111772,0.01152,126,1,-4.50343526409769,1.17174965142221,4.51093712055462,-2.25043541044185
228,230,0.000146,0.003847,0.0,486,1,-117.329140539291,-1.73869677614042,117.350106449674,2.29113415452332
219,231,0.00026,0.001132,0.0,0,1,151.910715363741,-23.6291840497963,-151.846997145233,23.9066033703781
221,231,0.007737,0.023214,0.00266,153,1,-41.6070672761342,-3.9316379314153,41.7483627568711,4.10021444986496
224,231,0.015596,0.045669,0.00264,70,1,-15.0229733724947,10.1614737527972,15.0763484841401,-10.2603316382051
228,231,0.02037,0.080631,0.00806,131,1,-4.34239876956734,-2.58670225636357,4.34743320740576,1.83165514022159
181,232,0.000221,0.001106,0.0,0,1,-81.8617619065061,30.5773832642448,81.8793372053131,-30.4894272439709
230,232,0.000235,0.00109,0.0,0,1,-121.861044079176,-0.0406991173337258,121.897421012113,0.209426167976148
200,233,0.00889,0.039254,0.00706,113,1,-5.64392999010136,27.6841994205007,5.71861320447848,-28.034011296734
214,233,0.004626,0.149145,0.0,61,1,-4.10930217147588,-46.9415814295633,4.23680374512227,51.0523082349004
226,233,0.010077,0.036079,0.00461,118,1,-9.36412010437742,11.3146015946964,9.38732768674464,-11.6719243689791
227,234,0.003075,0.014716,0.00535,211,1,-31.0027135409114,-0.549618669675543,31.0336680811408,0.186345125039972
228,234,0.002385,0.015763,0.01365,135,1,30.3975310987714,0.918350468399828,-30.3744859356453,-2.0735455596074
182,235,0.003857,0.084891,0.0,130,1,6.63699939706059,-2.24785415366753,-6.63502704813032,2.29126475077403
214,235,0.018597,0.053427,0.00189,52,1,-8.65039520784551,13.4977466242462,8.69990565522626,-13.5386820661032
231,235,0.000261,0.004565,0.44211,2195,1,90.6748518447406,-19.5781411958628,-90.6525871093353,-22.6459955754151
181,236,0.000462,0.027969,0.0,479,1,24.9759063004465,-1.30398695326682,-24.9728968113265,1.48617829784952
235,236,0.00286,0.025473,0.04998,561,1,4.67434344778713,2.53828895805727,-4.67296875604744,-7.33496427310335
184,237,0.000212,0.001107,0.0,0,1,43.7709050162145,48.566654449532,-43.7614033538424,-48.5170396370512
185,237,0.000241,0.00111,0.0,0,1,-23.7515816076055,-39.6030997144534,23.7569830480843,39.6279777183184
233,237,0.000281,0.001038,0.0,0,1,-19.3427445083084,-11.346372653584,19.3442286339409,11.3518549397283
234,237,0.018647,0.107526,0.00609,108,1,-0.659182115619973,1.88720046179847,0.660191660734898,-2.46279293738422
235,238,0.000213,0.00119,0.0,0,1,56.6981947629431,68.5696699182286,-56.6806949710819,-68.4719011280181
189,239,0.00459,0.03488,0.01831,310,1,-115.473104273684,-32.9368213038281,116.185389229228,36.6228200317476
236,239,0.000224,0.001101,0.0,0,1,29.6458654813335,5.84878617554002,-29.6437366704011,-5.83832268966268
238,239,0.000297,0.001069,0.0,0,1,86.5677415237434,30.8783982935535,-86.5416531123691,-30.7844975805598
207,240,0.002796,0.038534,0.7293,1220,1,9.96939626091815,-34.9547739193297,-9.96651256448508,-35.2881570972192
238,240,0.000373,0.002243,0.00347,293,1,-9.9612606908555,-35.5905701064986,9.96651256606206,35.2881571274864
242,243,0.000268,0.001155,0.0,0,1,-0.381747417376048,-9.53250301132701,0.382000944018064,9.53359563547451
242,244,0.000461,0.023831,0.0,502,1,0.0,0.0,0.0,0.0
243,245,0.007837,0.044014,0.02242,189,1,-12.5305445493797,-11.7849350822981,12.5526661632784,9.73881373878971
242,246,0.005634,0.025052,0.00596,159,1,4.81432335016621e-06,-0.573434090835072,0.0,0.0
245,249,0.0006,0.003308,0.00258,274,1,12.8576652473381,-74.821571083631,-12.8222679069696,74.764877568368
242,250,0.00028,0.00102,0.0,0,1,15.579171033126,2.89971230017795,-15.5784402030736,-2.8970499907013
245,251,0.007095,0.030214,0.0091,210,1,-30.2768736709763,22.3183155682061,30.3814127365468,-22.7550277641666
251,252,0.005023,0.172915,0.0,95,1,2.24804306608558,-13.1095031175471,-2.23836276077055,13.4427442072439
247,253,0.02704,0.157161,0.07151,203,1,5.50381167559846,0.361225886053334,-5.49125664080284,-7.14105662564926
245,254,0.001216,0.015145,0.49977,1225,1,0.0074501197737663,-48.7584875187433,1.7165359549693e-14,1.4075458789743698e-12
247,255,0.000276,0.001081,0.0,0,1,-149.707267414893,91.8260458340849,149.795419186013,-91.4807847305314
252,255,0.000246,0.001134,0.0,0,1,194.454289903621,-81.6327390349432,-194.340752956773,82.1561166679722
247,256,0.072138,0.13567,0.00384,69,1,9.74498337345474,-6.47516503418442,-9.64449489722314,6.29267550063303
247,257,0.004365,0.013448,0.00184,115,1,17.5572289702596,27.1166465199281,-17.5098422719042,-27.147535161661
251,258,0.000241,0.00111,0.0,0,1,252.447818005362,0.531043079690627,-252.288567370805,0.20243494668972
252,258,0.000287,0.001163,0.0,0,1,-146.095045751198,54.9008793708003,146.167588483264,-54.6069170105473
252,259,0.002533,0.088893,0.0,106,1,12.7791151031451,6.74920946926012,-12.7736252817188,-6.55654989719406
256,260,0.003794,0.026174,0.01061,231,1,-18.7447188171521,12.7671493164888,18.7653811757766,-13.6498625084456
253,262,0.001993,0.086719,0.0,183,1,-6.69946005061322,0.922263263792865,6.70041860360428,-0.880554906125511
260,262,0.001871,0.054415,0.0,260,1,-18.765381124589,13.6498625536265,18.7758366002108,-13.3457820052781
261,262,0.000115,0.009135,0.0,1482,1,-17.339974549903,-251.090382950143,17.4206419054343,257.498176800391
253,263,0.000251,0.001196,0.0,0,1,-14.9045027903119,5.89011145846589,14.9051807569332,-5.88688098803114
257,263,0.885361,24.357607,0.0,1,1,0.0259811021937444,0.0116498229319644,-0.0259736009122069,-0.011443451443173
258,264,0.000252,0.001027,0.0,0,1,86.4298644877077,45.7930995925099,-86.4048350611915,-45.691094747144
259,265,0.000281,0.001041,0.0,0,1,22.9974860431175,2.77482619296585,-22.9959008738711,-2.76895373323094
263,265,0.000295,0.001077,0.0,0,1,-22.9942367294268,-2.76287819400969,22.9959008750772,2.76895373592643
257,266,0.001158,0.010816,0.07701,568,1,17.4838612359099,27.1358852060413,-17.4686666238154,-34.3358433232034
258,266,0.011641,0.04994,0.00699,138,1,19.6911144662396,8.61138268660032,-19.634578350227,-9.03746075813944
259,266,0.008269,0.037836,0.00561,139,1,-10.2238607346603,3.78172382321916,10.234372492526,-4.26686504064299
263,266,0.009434,0.036822,0.00583,102,1,-11.5842853553063,4.04154127535565,11.59945091727,-4.53638753357032
264,266,0.0003,0.02159,0.0,443,1,37.525127526265,27.5565007791479,-37.5183671839997,-27.0699814807918
261,268,0.000281,0.001142,0.0,0,1,7.21174895534444,248.48207503025,-7.03094507409134,-247.747277761954
262,268,0.000218,0.001184,0.0,0,1,20.3310796225788,-219.559358850132,-20.2194609403783,220.165581417679
262,269,0.004071,0.019024,0.0135,205,1,0.0005138422849351,-3.93088345753141,-4.98193794081891e-05,2.65027365486507
267,269,0.002697,0.016486,0.02787,266,1,8.34848299242305e-15,6.92963563695541e-13,4.98193794165104e-05,-2.65027365486437
248,271,0.000258,0.001162,0.0,0,1,113.890505465097,0.6306890335912,-113.855491304654,-0.472989597799909
262,271,0.001637,0.007042,0.00265,161,1,-78.6969455237189,-21.4305445470146,78.8115362215384,21.6711050329705
262,272,0.005965,0.027447,0.0041,149,1,3.09096290348933,-1.76585152940597,-3.09020767171588,1.37989738362575
270,272,0.000241,0.00111,0.0,0,1,-3.09017861857417,1.38003119802642,3.09020767200995,-1.37989738344668
264,273,0.007462,0.014162,0.00123,61,1,48.8797077823499,18.1345939390839,-48.668674314675,-17.8516246029411
268,273,0.010828,0.024099,0.00251,70,1,-3.53529886233039,12.3154215836716,3.55425481428871,-12.5122074758045
268,275,0.022269,0.063415,0.0046,53,1,30.7857051966092,15.2662747284677,-30.5086958402246,-14.9090598800105
270,276,0.0001,0.000977,0.0,95,1,2.14288951528671,-4.03301577850418,-2.14286756243899,4.03323025782637
243,277,0.00201,0.010562,0.00749,213,1,-6.36076000262052,3.89401137658424,6.36198312483423,-4.60812440181045
276,277,0.011615,0.062996,0.00849,136,1,2.78893053243874,-10.0240492405202,-2.77666525648819,9.27899316260127
266,279,0.000268,0.001106,0.0,0,1,-0.30089535152961,-8.64241218664161,0.301106350803172,8.64328295230041
270,279,0.000272,0.001013,0.0,0,1,0.94728909035341,2.65298457889362,-0.947266371401629,-2.65289996750335
276,279,0.000254,0.001141,0.0,0,1,-0.646062960016609,5.99081897738205,0.646160017438345,-5.9903829832159
277,280,0.006953,0.194688,0.0,67,1,1.56236490820767,0.0755893472334884,-1.56218801091778,-0.0706361213492423
274,281,0.000272,0.001158,0.0,0,1,0.0022664195911755,29.3240758632687,-6.57199988873813e-12,-29.3144269151842
277,282,0.004949,0.019578,0.00478,158,1,-7.20334540649056,-5.01046751723007,7.20719180312016,4.56538123238125
278,282,0.000189,0.015104,0.0,1141,1,-42.9861842349059,-61.4661849032087,42.9974312359894,62.3649928628112
274,283,0.00645,0.02841,0.01322,187,1,-0.0022664195845151,-29.427275284332,0.0539093553942705,28.2796068428218
256,284,0.004961,0.024878,0.09798,309,1,-29.3458304437156,-19.6849126523726,29.4013404006836,10.417408143005
278,284,0.000268,0.001032,0.0,0,1,45.4534788650136,71.2585781147421,-45.4339664203535,-71.1834406412745
283,284,0.005,0.168878,0.0,82,1,-9.00210733836339,-32.114284118663,9.06629885515456,34.2823911131947
282,285,0.000233,0.001017,0.0,0,1,-85.7743320228704,-40.5896862760421,85.7960905459511,40.6846580269995
278,287,0.003812,0.126984,0.0,87,1,-2.46729445431714,-9.79239290663876,2.47125640342928,9.92437195859464
286,288,0.000247,0.001186,0.0,0,1,-10.8557055293003,-38.3927881586843,10.8597582438945,38.412247751837
287,288,0.003723,0.017462,0.0027,142,1,-13.9498540219369,104.836099499253,14.3646797083399,-103.157412000648
280,289,0.025077,0.053401,0.00288,64,1,-6.12543468115547,-1.0769509072228,6.13545364032314,0.820877559623558
288,289,0.004127,0.018682,0.00188,149,1,21.8146118344267,10.8855491671164,-21.7892685056953,-10.9528487329989
282,290,0.007505,0.185118,0.0,72,1,-1.71574948003946,0.999984177969676,1.71605642683154,-0.992413041892724
286,290,0.0018,0.0137,0.0072,310,1,-1.79717703209087,34.0748088965571,1.81922280786042,-34.6021840926388
286,291,0.088273,0.163888,0.00687,54,1,1.441917611355,-1.03206052067331,-1.43958159240206,0.369966194300022
288,291,0.008364,0.037294,0.01248,141,1,8.04756034057213,-0.77483609225815,-8.0419801592674,-0.411519659076569
289,292,0.004255,0.034272,0.01601,233,1,10.3258834469388,7.74068745988096,-10.3179884682431,-9.21713473683807
242,293,0.011307,0.040913,0.00375,160,1,-2.45838944474118,18.593581541465,2.50052246477762,-18.7991529849654
247,293,0.030184,0.07681,0.002,48,1,7.7255208870993,8.88391149282792,-7.6816594284358,-8.96360475256916
266,293,0.000226,0.001193,0.0,0,1,60.4311407188841,92.3985247562569,-60.4021378320733,-92.2454254466758
287,293,0.000462,0.022135,0.0,429,1,-24.1473287339348,-123.720585632222,24.2296749392767,127.665895708505
292,293,0.015476,0.062203,0.00505,117,1,-6.27357647490662,10.3848103498446,6.29816298759263,-10.7672389242574
242,294,0.00621,0.04434,0.08084,600,1,-12.7390389770248,-11.3873566880355,12.7531430430194,3.67697261745931
285,294,0.003497,0.022413,0.01981,268,1,-12.5062905131539,-9.87038824355332,12.5148335802596,8.00765794426079
288,294,0.000284,0.001082,0.0,0,1,-63.7939991546781,52.2993583069487,63.813899224018,-52.2235418455902
247,295,4.8e-05,0.001293,0.74146,4031,1,85.8485578069992,-122.033222695028,-85.8411988048989,50.5472114108698
285,295,0.000307,0.003627,0.09029,1246,1,-73.2897997973837,-30.8142694852557,73.3091047532998,22.3141469341009
294,295,0.000283,0.001042,0.0,0,1,22.4644233177441,114.210308130163,-22.4249102459064,-114.06482183739
243,296,0.020519,0.049117,0.00195,62,1,18.5093036670351,-1.6426718135939,-18.4357430391075,1.63168543918031
286,296,0.003403,0.124442,0.0,91,1,11.2109650877345,5.35003966485514,-11.2055525804637,-5.15211335577932
292,296,0.041468,0.185649,0.03351,157,1,3.70962656034184,-1.8214276579364,-3.70365335175286,-1.36029191373233
245,297,0.000216,0.001044,0.0,0,1,4.85909205876326,91.5229292781272,-4.84045917498672,-91.4328703398739
284,297,0.000319,0.020235,0.0,369,1,-47.6013011794192,19.8970904913298,47.6099701800634,-19.3471932247633
294,297,0.000265,0.001133,0.0,0,1,18.585480593573,-68.6895429554118,-18.5716522531654,68.7486656334565
241,298,0.012255,0.047466,0.00409,127,1,0.0,0.0,4.91550342935414e-06,-0.392218551807738
271,298,0.002326,0.013025,0.01549,304,1,35.043954955745,-21.1981154194879,-35.003857939322,19.9401649729889
295,298,0.002336,0.013218,0.01256,222,1,8.92400891114037,31.7518605617509,-8.89681347097447,-32.8080064087595
282,299,0.02063,0.095075,0.03819,226,1,2.58042199001212,-41.5432864103326,-2.24176781600602,39.2763662230592
250,300,0.031383,0.079614,0.00311,77,1,4.55313206833782,1.98790177315901,-4.54487819939004,-2.26516044557022
298,300,0.003028,0.107496,0.0,133,1,7.38761539072624,1.31638229605028,-7.38583729343086,-1.2532586676272
31,101,0.000235,0.001017,0.0,0,1,-24.7332078702874,100.022396545745,24.757461468895,-99.9174352275147
47,108,0.003615,0.015317,0.0552,260,1,-114.442238312874,47.5270153368416,115.013961026586,-50.538701115654
22,61,0.003889,0.021093,0.01167,197,1,-25.4167116270575,-24.753599047536,25.4638917269846,23.8193443809326
45,115,0.003202,0.090993,0.0,147,1,-4.54012750982343,8.91453572458714,4.54334437092142,-8.82312040856938
87,124,0.010238,0.065855,0.04377,245,1,30.7561431341402,-5.08111530625273,-30.6556419421727,1.47523785535199
97,176,0.011807,0.058095,0.009,141,1,9.10723917397814,0.566432689084982,-9.09708268705062,-1.39334411524749
70,125,0.020569,0.546356,0.0,31,1,1.53094514806727,3.31348674920985,-1.52820197527492,-3.24062229716377
102,142,0.006854,0.036023,0.00598,140,1,20.1739402543115,43.9727203798678,-20.0073612466796,-43.669180325293
150,193,0.003449,0.016943,0.00831,155,1,-30.9162262885655,9.1254677056093,30.9534400709022,-9.74828637796685
123,238,0.001873,0.010674,0.00313,203,1,-61.1337649399547,-51.2593349714653,61.2591636037704,51.6750365631953
132,216,0.000186,0.01414,0.0,842,1,-27.351082151316,-1.74078582385249,27.3525390830893,1.85154397048264
169,218,0.000941,0.013236,0.20592,1230,1,-80.2606700669514,-19.6597866345952,80.3254708813312,0.972965533178983
235,297,0.00934,0.019382,0.00116,60,1,35.6151705699662,-38.2334282801571,-35.3509369627605,38.6695023251264
226,290,0.001266,0.006641,0.00874,214,1,35.9510431715317,-24.468638959783,-35.9263336775843,23.759485077066
186,248,0.001,0.006637,0.00287,187,1,114.026217381562,1.2567527759327,-113.890505195299,-0.630688943527672
220,266,0.006008,0.022546,0.0063,162,1,14.5394766613274,6.76959173803909,-14.5230284527162,-7.30781549012348
256,19,0.014248,0.034647,0.0166,66,1,12.3617833131902,-3.02533244448122,-12.3385899613004,1.4747208992626
249,43,0.003085,0.016262,0.00662,210,1,-2.03254127441877,-78.3980334927146,2.22483929560628,78.7553845976379
299,28,0.000486,0.002928,0.00163,223,1,-13.4890885599639,-43.2585388024645,13.4986470247076,43.1463476049753
294,4,0.011732,0.034253,0.00578,42,1,-20.4857250822819,-21.6465746947968,20.5916558784097,21.389319845197
