from_bus,to_bus,resistance,reactance,susceptance,line_rating,line_status,P_from,Q_from,P_to,Q_to
4,6,0.010152,0.029351,0.00142,59,1,-2.58193392726656,5.62265503371007,2.58570095283973,-5.76130157432503
1,8,0.009296,0.038819,0.00503,116,1,-9.36128173097389,-1.70430857668923,9.36925301816064,1.21063839706983
5,11,0.000201,0.001024,0.0,0,1,-24.6717567610275,-31.1128270792371,24.6748218318429,31.1284421663761
7,11,0.00293,0.01892,0.00361,221,1,24.7191734527816,31.0389241547894,-24.6748218319206,-31.1284421663678
3,12,0.00437,0.01069,0.0014,98,1,-5.82638742511364,5.66768659252147,5.82916617369241,-5.80815500459265
4,12,0.003095,0.013389,0.01341,238,1,-18.2006198223489,14.5535939673287,18.2171779906565,-15.8940564617817
12,14,0.000227,0.001093,0.0,0,1,-61.9243897210495,-22.1237632365775,61.9337243009409,22.1687090331471
6,15,0.002009,0.012883,0.02222,241,1,-15.5313477206844,-3.50763881937572,15.5360603037928,1.19967354724501
9,15,0.000294,0.001176,0.0,0,1,15.9382148961323,5.07929841813367,-15.9374337025866,-5.07617364395076
12,15,0.014844,0.030317,0.00481,69,1,-1.90408640685978,-1.56886025850115,1.90484266785224,1.06428597684757
14,15,0.002521,0.01128,0.00337,142,1,1.50373739375633,-3.16574223129258,-1.50346926951489,2.81221412035859
6,16,0.000228,0.001033,0.0,0,1,12.9456467685364,9.26894039351346,-12.9450971806406,-9.26645037466984
14,16,0.007573,0.023688,0.00142,70,1,9.39322600407196,-1.20331403482861,-9.38678460271683,1.07409773706455
12,18,0.019453,0.058741,0.0022,73,1,23.3387007468393,42.8776994757459,-22.8959839285125,-41.7657352070515
14,19,0.000209,0.001196,0.0,0,1,-34.6957633066772,12.5031321735326,34.698464670247,-12.4876736528174
8,22,0.005795,0.157082,0.0,51,1,-8.34663671996161,-12.6125670725331,8.3592724125539,12.9550761085611
17,22,0.001067,0.016606,1.89775,2614,1,-21.9580542506859,-97.3793449173664,21.9631440979794,-109.583526154748
17,23,0.005903,0.020868,0.00247,139,1,47.286329827213,59.3091163977948,-46.9743816703222,-58.4722789475946
20,23,0.000208,0.001004,0.0,0,1,-56.5014880168746,-76.332157186956,56.5191879416951,76.4175933625318
21,23,0.034651,0.088505,0.01166,60,1,19.6978129130135,9.25644004694031,-19.5436905055539,-10.118583449373
21,24,0.00357,0.016179,0.00234,132,1,50.66584650722,5.11015106895306,-50.5810582556076,-4.98090322222367
20,25,0.006056,0.02865,0.009,151,1,34.8739207063052,-0.690447868236599,-34.8044258585744,0.0671390055007017
21,26,0.045333,0.104162,0.00248,58,1,27.1455766933932,7.88991137727637,-26.8130524246191,-7.39177435175074
9,27,0.00393,0.016028,0.00685,266,1,-35.9559802176164,-7.94209912009152,36.0063708042539,7.42441309714024
23,28,0.000213,0.001067,0.0,0,1,-1.06650323047072,-12.2826193930094,1.06680819437792,12.2841470760562
27,28,0.011132,0.049929,0.00486,147,1,-13.0579396433906,-0.801658108957671,13.0759044924139,0.36699827197426
21,29,0.002709,0.013966,0.00566,151,1,100.555667408604,-55.1165222165912,-100.230425355527,56.172122012778
22,29,-0.000147,-0.011352,0.0,988,1,-100.248027283001,54.8128221459731,100.23042535555,-56.172122012774
20,30,0.000727,0.019886,0.0,290,1,-1.09390127498837,-14.6637662906108,1.09538442313001,14.7043355945236
21,30,0.031618,0.074646,0.0019,50,1,22.7850961662492,8.35004097000901,-22.6141466214528,-8.15147252627404
22,30,0.006571,0.034069,0.02201,235,1,35.9969839658066,28.1240142488384,-35.8670542152042,-29.8229486360478
27,30,0.005817,0.014494,0.01884,66,1,-45.4300489817117,-7.82697423502283,45.5460438638824,6.11506300869963
28,30,0.001962,0.013193,0.0171,287,1,4.03941399539434e-06,-15.3746465409545,0.0038627888637992,13.5815295463635
7,31,0.002024,0.013137,0.03476,262,1,57.2101665006326,-26.2004371082216,-57.1354701542324,23.0355035464485
19,31,0.000271,0.001094,0.0,0,1,-42.9417993632301,14.5889022746132,42.9470970982181,-14.5675158462851
25,31,0.016537,0.042566,0.00131,62,1,2.51512012090467,3.41892187317222,-2.5122238070928,-3.5495361248799
31,32,0.043967,0.106571,0.00539,55,1,1.72634641533518,-0.925633590642697,-1.7249286234399,0.362046001289788
23,33,0.00425,0.107422,0.0,109,1,13.0653869928455,4.36595590785694,-13.057790171829,-4.17394044733011
27,33,0.017126,0.038973,0.00556,63,1,19.251667979266,0.381803869644194,-19.1916232976265,-0.831675586402094
26,34,0.000201,0.001006,0.0,0,1,26.8130524244004,7.39177435189035,-26.811574407494,-7.38437691404076
31,34,0.021323,0.056387,0.01489,58,1,-0.0559145876209975,-0.487591217903372,0.0559329396807118,-1.07865524002103
25,35,0.000281,0.001006,0.0,0,1,32.2893057521049,-3.48606087867132,-32.2864987094751,3.4961102910757
31,36,0.000697,0.044711,0.0,50,1,0.177592950783479,-7.15488019053802,-0.177253589546769,7.17664945919588
36,37,0.000224,0.001123,0.0,0,1,-3.11931286992741,-9.57213265233117,3.11952736529575,9.57320800187872
32,38,0.002391,0.01488,0.00558,183,1,27.5471203269577,11.3231266175268,-27.5268046168926,-11.7823399389317
32,40,0.000279,0.001097,0.0,0,1,-45.7277750302729,-13.2515203574397,45.7337868012694,13.2751580376662
33,40,-0.000173,-0.004934,0.0,218,1,26.4387394767187,10.3574139874987,-26.4400662167741,-10.3952529206393
34,40,0.001508,0.007857,0.00903,220,1,20.6766030761068,-8.94589052086045,-20.6694444334908,8.03313217882624
36,40,0.030073,0.072051,0.00761,57,1,3.29656646217548,2.39548319445966,-3.29125419084517,-3.18596728984946
39,40,0.002377,0.010608,0.01492,200,1,22.0331462466491,10.3592714406613,-22.0194202428068,-11.870835975768
35,41,0.000841,0.005674,0.00215,233,1,7.82603895285198,-17.2871552161047,-7.82320165101807,17.0791155938923
37,41,0.000243,0.001079,0.0,0,1,38.8219132999636,43.6142801095131,-38.8140879350384,-43.5795329129933
19,42,0.019302,0.054663,0.0032,54,1,5.66635572868284,-3.43221425623909,-5.65851121410065,3.11751816526095
33,42,0.000856,0.021412,0.0,98,1,5.81067399406581,-5.35179795158349,-5.81016589301738,5.36450760070606
34,43,0.00437,0.027483,0.01004,187,1,-11.3333328369872,16.776688814631,11.3511117317185,-17.7165781709368
37,43,0.000114,0.009784,0.0,731,1,-41.9414406607944,-53.1874881037338,41.946505257784,53.622154919059
39,43,0.004046,0.099798,0.0,107,1,-3.30803791484304,6.47478802997676,3.31006368889528,-6.42482060564021
13,44,0.008623,0.046149,0.01709,248,1,-13.8929273062165,-6.59405182295192,13.9117504536188,4.92175623697565
38,44,0.003235,0.016618,0.00958,228,1,27.5268046241721,11.7823399383975,-27.4987346917123,-12.6385338374488
18,45,0.003032,0.194537,0.0,75,1,-5.61780288354161,-17.8518118880394,5.62849914703159,18.5380978413871
39,45,0.003817,0.020238,0.00867,122,1,-18.7251083265594,-16.8340594688459,18.7474785910143,16.0337232210608
43,46,0.000251,0.001163,0.0,0,1,5.93893222942186,67.9438922488478,-5.92774081492204,-67.8920372087551
45,47,0.000479,0.029796,0.0,483,1,-27.5594627201676,-48.2155099873728,27.5742296814133,49.1340828000603
46,47,0.002632,0.013268,0.00802,246,1,-46.5956761488783,54.1489533141698,46.7257700509886,-54.323767699311
44,52,0.00551,0.03841,0.00628,221,1,-34.6922363466778,4.64380474270341,34.7572276154229,-4.84476323500066
46,52,0.000206,0.001026,0.0,0,1,48.4450706944203,-2.49320881690098,-48.440417078259,2.51638653622858
48,52,0.007876,0.03569,0.00526,116,1,-6.79903526633725,-5.85124934932088,6.80491300714011,5.3313823604624
49,52,0.00063,0.003639,0.00222,241,1,9.62413486274412,7.56265156642248,-9.62321856105044,-7.78864918866764
1,53,0.000251,0.001074,0.0,0,1,9.36128173147991,1.70430857781529,-9.36106451422195,-1.7033791302653
17,53,0.013064,0.060687,0.01105,145,1,27.3817237193351,31.6502750531755,-27.1675304758013,-31.8364528400649
18,53,-0.001454,-0.043558,0.0,75,1,28.5137867247148,59.2658815819606,-28.5771339198222,-61.1635962480455
43,53,0.000264,0.001159,0.0,0,1,-97.2566935773426,-100.361924088874,97.3061180116256,100.578904843927
45,53,0.017377,0.070062,0.00578,150,1,1.23695485029736,12.1766301376295,-1.21125031235545,-12.682800885349
48,53,0.002654,0.013811,0.00432,252,1,-29.1671523545424,-29.48507683761,29.2108615615208,29.2627009729735
41,54,0.008531,0.044163,0.00585,136,1,-10.2036049036773,17.077445451688,10.236388696936,-17.5224500143552
51,54,0.0002,0.001184,0.0,0,1,-11.929838148258,-11.9122032432917,11.9303827895674,11.9154275198433
2,55,0.000951,0.005306,0.02315,221,1,-9.087104983415691e-14,0.166637008147552,1.60419796478963e-05,-2.36395104222626
4,55,0.002628,0.090755,0.0,168,1,14.7737575339468,-42.1705651753527,-14.7135482059239,44.249826044728
5,56,0.000289,0.001129,0.0,0,1,35.9752318545927,56.7931924750275,-35.9625990343927,-56.7438414231042
46,56,0.004446,0.025879,0.01618,256,1,4.07834639212546,16.2362926991407,-4.06518646556368,-17.8376645111029
48,56,0.000149,0.010021,0.0,746,1,-21.4738035716953,20.1736295649522,21.4750515566236,-20.0896962967238
50,56,0.000532,0.029885,0.0,515,1,-18.5047788764532,-91.9773354816876,18.552733941282,94.6712022343391
3,57,0.003469,0.022548,0.01522,244,1,8.10638718665852,-5.94764807919897,-8.10334748172498,4.36452777000991
4,57,0.000279,0.001072,0.0,0,1,2.85042463810852,21.1434737641419,-2.84922033252379,-21.1388464681318
13,57,0.031732,0.074143,0.00263,53,1,-18.1638604489992,-5.97126336816946,18.2756018748949,5.95782774443863
42,57,0.000398,0.002431,0.00281,201,1,7.32369051355651,-11.1085944551353,-7.32303405740537,10.8164909537475
14,58,0.015261,0.039444,0.00292,46,1,37.4568911954409,7.54952807353224,-37.2448136522795,-7.30613974926896
44,58,0.018129,0.035,0.00117,59,1,13.681511816395,1.86705579628867,-13.648276881134,-1.92435985412738
7,59,0.010153,0.047793,0.03641,149,1,6.22884614762459,1.08676829117609,-6.22421824337112,-4.87293278615366
49,59,0.000861,0.006709,0.0044,180,1,-22.6442660087096,-9.27335452062953,22.649177927472,8.85271246266603
51,59,0.00424,0.022522,0.0063,237,1,0.455119654315094,-0.619608505544939,-0.455107803171576,-0.0378899470245588
54,59,0.000254,0.001125,0.0,0,1,21.9132285147104,5.60702249392428,-21.9119837865916,-5.60150942646895
5,60,0.003282,0.021959,0.00835,223,1,-27.0019665930969,-29.4243186739345,27.0517912025799,28.8882344978022
7,60,0.000279,0.001189,0.0,0,1,-88.1581860602966,-5.92525533963266,88.1789716653326,6.01383628725918
8,60,0.000675,0.003764,0.00819,281,1,-14.145596699209,9.02985984549374,14.1474599378435,-9.87844120237247
10,60,0.003963,0.032585,0.09812,490,1,244.269999619083,-9.53083202078489,-242.036416381458,17.5563874126675
50,60,0.002567,0.009106,0.00473,117,1,-103.347221063333,43.5501624364847,103.654911356999,-42.9552508561686
63,67,0.04781,0.195318,0.01868,129,1,0.976861607341222,-1.15002335543111,-0.976398094363382,-0.75933171551388
67,68,0.005708,0.011483,0.00071,67,1,-38.6003376462062,-13.1787564562911,38.6931052610867,13.292478304867
61,69,0.019065,0.077003,0.01089,135,1,2.83115836029622,-1.0605648410762,-2.82963145282912,-0.0568037150528545
63,70,0.001623,0.010049,0.0419,268,1,41.5380317735223,8.6961045976064,-41.5088006301066,-12.7951335844863
66,70,0.001648,0.009646,0.00352,171,1,88.1829129984353,16.2888939915809,-88.0536185492856,-15.8921158680121
65,72,0.007871,0.03459,0.00458,145,1,23.6643345760954,6.4354495663257,-23.6180282312305,-6.70065709111346
70,72,0.000245,0.001072,0.0,0,1,58.8787772761853,9.28511847529401,-58.8702410301901,-9.24776804383741
64,73,0.013681,0.051945,0.00426,108,1,8.26640961273731,-6.19800934410181,-8.25253703572183,5.81254960288657
68,73,0.000242,0.001083,0.0,0,1,26.324987577191,-3.58818359720431,-26.3233299361986,3.59560188313321
71,73,0.000265,0.001089,0.0,0,1,10.7967184905925,-6.38091261474846,-10.7963139768751,6.38257493715703
65,74,0.000249,0.001052,0.0,0,1,35.5891857053839,18.1915063121081,-35.585314372747,-18.1751503204055
66,75,0.001333,0.052301,0.0,186,1,15.5926388240958,-11.703949103707,-15.5876371216381,11.900193695033
71,76,0.005602,0.0239,0.00228,106,1,-10.7967184738351,6.38091261227433,10.8053519919013,-6.57879225508079
74,76,0.00357,0.016179,0.00234,132,1,-11.1949729207272,-2.43260423832207,11.1995155934967,2.21270384233421
72,77,0.002807,0.019255,0.00353,224,1,36.8906895449854,10.8230655716794,-36.8498755029041,-10.9017849894803
72,78,0.000283,0.001069,0.0,0,1,45.5975797119123,5.12535956686098,-45.5917338939021,-5.10327766066701
79,82,0.002683,0.072319,0.0,131,1,15.9364877488547,-45.3979743536203,-15.8708945533572,47.1660080119071
81,82,0.020211,0.047186,0.0014,63,1,-28.5108710940074,16.4953826500886,28.7269956781267,-16.1328891690481
75,83,0.005012,0.021205,0.00291,137,1,35.9349303528022,18.1010100610219,-35.8554991122904,-18.0615743325321
78,83,0.001198,0.005816,0.00954,148,1,103.098553148367,23.1122914518991,-102.967025183251,-23.4432926964771
80,83,0.001403,0.005831,0.02487,188,1,-129.727368993066,-13.8522567677213,129.963693739357,12.3198049637159
82,83,0.000245,0.001047,0.0,0,1,-12.8561011277789,-31.0331188395368,12.8588301079444,31.0447810527339
73,84,0.003276,0.029945,0.07376,557,1,185.725770979661,33.6998745500183,-184.584450896206,-30.7520776672422
76,85,0.003611,0.018018,0.01865,223,1,-1.45622193973864,-7.99519476485048,1.45803455139086,6.08362303503133
76,86,0.031409,0.093817,0.00521,61,1,6.02515995769055,-0.101250132130074,-6.01406516320058,-0.400400297549425
78,86,0.006829,0.026526,0.00185,154,1,-16.4470538463065,-6.30055866242379,16.4677661413656,6.19200542964962
85,86,0.001615,0.054615,0.0,278,1,10.4559525430494,5.86774700594539,-10.4537009797575,-5.79160513028827
80,88,0.001,0.007,0.005,350,1,-18.4389860051367,-27.8292200798954,18.449897861036,27.4002799652268
80,89,0.000271,0.001038,0.0,0,1,298.520738997363,88.3848186474963,-298.260289456746,-87.3872296321464
84,89,0.000133,0.011591,0.0,770,1,-271.7531589705,-71.8522247055784,271.859669543584,81.1346611913876
87,90,0.000257,0.001125,0.0,0,1,252.644899466437,44.5277979252317,-252.475147969354,-43.7847223057039
87,91,0.003733,0.03018,0.19086,636,1,-196.38766549524,-32.9057496258149,197.85315153624,25.4274123966657
88,91,0.001625,0.067043,0.0,192,1,-20.8099670880526,-29.5441438281545,20.8314478126,30.4303790378958
85,92,0.002597,0.013277,0.0025,138,1,3.21420037555547,7.14100294211501,-3.21260908325105,-7.39039108237684
85,94,0.000276,0.00103,0.0,0,1,-54.1878534088873,46.7385506510707,54.2015600059222,-46.6873992201073
92,95,0.001736,0.007316,0.00166,239,1,-38.3334928569338,11.4958694857862,38.3605452893759,-11.5526549842569
93,95,0.000268,0.001137,0.0,0,1,-27.2374721172165,-4.2998249168668,27.2394535384759,4.3082311704935
92,96,0.000226,0.00113,0.0,0,1,41.5461030112948,-4.10547855050408,-41.5422751647478,4.12461778323892
87,97,0.003582,0.1182,0.0,111,1,-56.2572339595037,-11.6220482975344,56.3758673675176,15.536752046069
91,99,0.00024,0.001106,0.0,0,1,-248.313684986169,-64.1387802969486,248.467122769571,64.8458727487929
94,99,0.000249,0.01932,0.0,869,1,32.1445086768252,-2.74092094484527,-32.1419937811728,2.93605260751342
97,101,0.000173,0.002407,0.20827,2152,1,6.54053916218488,-87.1051669589487,-6.53069958561664,65.6997431324279
69,102,0.010852,0.264193,0.0,53,1,2.82963145168334,0.0568037152756172,-2.82878879625962,-0.0362891866765588
73,102,0.000288,0.001045,0.0,0,1,-122.178507162575,22.6975336440703,122.221667287273,-22.5409283304928
79,102,0.000211,0.00108,0.0,0,1,-19.2296748270022,43.7548810913324,19.2343471606319,-43.7309658291518
94,102,0.005968,0.02472,0.0135,156,1,9.21007504821873,-3.35426520282777,-9.2047530175384,1.98501364810569
96,102,0.000208,0.00104,0.0,0,1,79.0858823043856,-99.8102622853397,-79.0531007064586,99.9741702749748
97,102,0.000274,0.001086,0.0,0,1,136.083593077405,49.4786570500942,-136.027953114377,-49.2581278535706
68,103,0.009367,0.207317,0.0,54,1,-2.54364537405276,0.574211715944882,2.54426345324652,-0.560531954632464
78,103,0.00604,0.04129,0.00702,221,1,-30.2597656118223,-7.55876424863325,30.3171206225598,7.23216972005564
94,103,0.000459,0.020352,0.0,463,1,-8.96804311390204,4.72435907894013,8.96850076630147,-4.704066831373
98,104,0.001331,0.006318,0.00418,264,1,45.9911416058534,3.07131673639369,-45.9637833731342,-3.37345421698685
99,104,0.00757,0.046191,0.00986,272,1,-26.3653461017354,2.60450436596321,26.4170760050972,-3.30645621019756
100,104,0.010715,0.043892,0.004,96,1,-19.5021431930945,-6.90840431870342,19.5467073682414,6.67991042711303
98,105,0.001484,0.015175,0.53711,1206,1,-131.197445826626,-9.65430766552723,131.449121619411,-43.2935312476394
68,107,0.000226,0.001123,0.0,0,1,-62.4744474662741,-10.278506421453,62.4832388386129,10.3221909840038
93,107,0.033679,0.069272,0.00208,50,1,4.63000929710674,-4.2078841634867,-4.61748190791209,4.01946501472054
98,108,0.001274,0.01107,0.07243,558,1,85.2063042208583,6.58299093006239,-85.1155647224132,-13.2702419666841
99,108,0.000181,0.011083,0.0,1136,1,-53.6884519348315,7.67882570003269,53.6936137325318,-7.36275827510499
100,108,0.00313,0.02183,0.00357,221,1,-8.77744157289753,-15.8628900437466,8.78732616619748,15.5654627048008
99,109,0.000224,0.001137,0.0,0,1,-136.271330959003,-78.0652554174568,136.324895673826,78.3371441708208
100,110,0.000238,0.001174,0.0,0,1,9.3722903864908,16.669688888866,-9.371439156915,-16.6654899665047
107,110,0.000171,0.011415,0.0,1356,1,-9.37082755467207,-16.6246631357997,9.37143915239229,16.6654899660726
61,111,0.0003,0.01434,0.0,1373,1,66.2376880819791,-10.5742131652187,-66.2246071874971,11.1994799214584
85,111,0.000228,0.003596,0.3,2642,1,39.059666008005,-65.8309236434153,-39.0506839832167,34.986583216495
101,111,0.000106,0.008835,0.0,1393,1,9.43233895097161,8.85149585565449,-9.43216778566098,-8.83722938849026
109,111,8.2e-05,0.002319,0.97437,4147,1,-114.696895222386,-63.1215748133639,114.707458958079,-37.3488337492352
61,112,0.000272,0.001006,0.0,0,1,54.4311532022392,-2.07497550034047,-54.4233320424793,2.10390228974648
103,112,0.002982,0.011848,0.00136,151,1,-41.8298848518175,-1.96757093301,41.8807135930576,2.02942494746175
105,112,0.000137,0.011166,0.0,1470,1,201.050877909381,6.38378750206776,-200.997220762645,-2.01053421408526
105,113,0.0017,0.04616,0.0,146,1,0.0,0.0,0.0,0.0
81,114,0.001307,0.062915,0.0,202,1,18.0666996864792,-17.4828704328409,-18.0580596004488,17.8987778640579
106,114,0.008636,0.020284,0.00292,67,1,-18.0014198018169,17.7456610987615,18.0580595982823,-17.8987778628784
63,115,0.012463,0.057436,0.00553,154,1,-13.9712496267047,-0.493810353437414,13.9950298215167,0.0365032046188727
76,115,0.001638,0.01213,0.00298,229,1,-28.0292734952825,9.74941109076844,28.0433474420848,-9.95146200235998
65,116,3.4e-05,0.002545,0.0,1179,1,-47.7031678293952,9.78463087040791,47.7039524969427,-9.72589619663448
66,116,0.000643,0.004124,0.00763,288,1,-2.94555242922921,-15.7624470073372,2.94708792284565,14.9891585471087
76,116,0.003,0.01965,0.01496,224,1,1.45546828440761,2.7131221886927,-1.45505275366129,-4.2479475799489
96,116,0.000232,0.001142,0.0,0,1,-27.9275332179326,89.2059538782758,27.9472341978426,-89.108977503029
101,116,0.003631,0.109146,0.0,98,1,-2.90163935788208,-74.5512389889908,3.13765782494472,81.6458332071179
102,116,0.030472,0.163243,0.0771,204,1,-0.718501641957014,-2.71784648212115,0.719120285333074,-5.21144421357056
107,117,0.000195,0.014994,0.0,766,1,-48.4949291705001,2.28300706537493,48.4993869283639,-1.94023977609434
63,118,0.006107,0.03772,0.03133,244,1,-28.5436436761459,-7.05227089453856,28.5940421780664,4.14566380574671
112,118,0.000247,0.001115,0.0,0,1,129.855117013218,0.77539610839438,-129.814741874689,-0.593135867669438
117,118,0.000293,0.001027,0.0,0,1,-80.0518216088587,4.97608954665727,80.0701110226982,-4.91198296640753
62,119,0.00117,0.007165,0.00295,243,1,-75.6002739454382,-38.4938905763033,75.6826117600172,38.6958329707213
65,119,0.000283,0.001139,0.0,0,1,-11.5503525966246,-34.4115866969454,11.5539814883494,34.4261920244174
109,119,0.00097,0.01173,0.77933,2020,1,-21.6280004639179,-15.2155693513151,21.638285758841,-65.0153165253385
112,119,0.002147,0.010495,0.03207,348,1,83.6847221998381,-2.89818912759312,-83.5389402307102,0.307640382582654
117,119,0.00686,0.0371,0.16937,300,1,17.5564578649328,-8.91086537665463,-17.5359386789787,-8.41434887465123
64,120,0.000221,0.001101,0.0,0,1,-28.308633494134,0.723001211871455,28.3103599630557,-0.714400115569048
80,120,0.007034,0.032717,0.00697,146,1,-78.3543845094762,-10.0635715193845,78.7891573440856,11.376573375401
96,120,0.006516,0.027287,0.00284,122,1,-9.61607361436605,6.47969059550542,9.62470947309361,-6.7354143778453
115,120,0.000203,0.001139,0.0,0,1,106.461622394499,-0.0443311254905245,-106.43921972586,0.170028857411033
117,120,0.008062,0.030265,0.00516,141,1,10.2944668911339,3.60154765116709,-10.28500663337,-4.09678777945112
122,125,0.005977,0.031283,0.00941,236,1,61.4193933361908,44.0240637208339,-61.0729804083338,-43.12855962674
124,125,0.000236,0.001151,0.0,0,1,125.209866627024,10.3004657134303,-125.171010525248,-10.1109598950217
127,128,0.100452,0.260481,0.00854,55,1,17.2487880418528,3.62427011303703,-16.9341500356259,-3.64157765228545
129,130,0.007695,0.034381,0.00319,134,1,90.1349174653886,24.2227307665595,-89.4391462682592,-21.4169338918309
126,133,0.002096,0.009358,0.003,137,1,-102.120622194454,-19.406360229072,102.352640470205,20.1483703488346
129,133,0.0068,0.033099,0.00898,179,1,-92.3258537968567,-9.16693612623754,92.9323665884036,11.2445591305876
126,135,-0.005857,-0.172214,0.0,94,1,-29.1256377645957,-11.6609193668031,29.0665471830838,9.92347265270355
128,135,0.004034,0.188062,0.0,100,1,16.9341500393532,3.64157765112669,-16.9213961802989,-3.04700247971692
130,135,-3.6e-05,-0.002152,0.0,252,1,12.1450764978336,6.77851352288902,-12.1451510033514,-6.78296729717598
133,136,0.007524,0.034934,0.01903,157,1,57.0791749718131,4.38374943354128,-56.8277876404043,-5.07703544060036
134,137,0.009273,0.047423,0.01556,168,1,25.2194638365162,-5.92484646019635,-25.1537013163606,4.80608856135411
122,138,0.001634,0.011388,0.00401,249,1,15.8737285533067,34.7491755730637,-15.8494699723207,-34.9763692084969
129,138,0.012507,0.068061,0.00523,134,1,2.19093633377451,-15.0557946406966,-2.1618883670081,14.7044163508079
134,138,0.030317,0.184719,0.1327,275,1,-5.29702963467571,-18.4241240841993,5.35455797518896,6.04285813165673
130,139,0.00195,0.012168,0.00347,138,1,-56.6519780631017,0.458117420197404,56.7189405383237,-0.3649884428004
132,139,0.000274,0.001023,0.0,0,1,59.5781777183425,16.4226922091036,-59.5670152924318,-16.3810164364517
137,139,0.001904,0.004125,0.00081,55,1,-2.84218470326614,-16.8090676298126,2.84807475412046,16.7460048792388
131,140,0.003844,0.017244,0.00204,162,1,-26.4384758663551,-6.06269146968382,26.4679770309909,5.99935392357469
138,141,0.006487,0.032807,0.00854,124,1,12.6568003643903,14.2290947260024,-12.6320909203543,-14.939639604024
132,142,0.020705,0.077512,0.01526,161,1,-59.5781777183307,-16.4226922090805,60.4165982912892,18.0914158675712
136,143,0.000224,0.001081,0.0,0,1,26.7739688845821,-7.52158557658225,-26.7721859982495,7.53018959499971
140,144,0.000257,0.001071,0.0,0,1,-6.36175132939027,-8.28583663068281,6.36204308707128,8.28705247689432
143,145,0.014657,0.052953,0.00943,119,1,13.374566730162,-11.5616717979633,-13.3289911013229,10.8062188714688
134,148,0.007739,0.041627,0.00629,119,1,-25.6204064796341,-18.0960841398524,25.7009742544203,17.9354100019229
141,148,0.037658,0.069441,0.00244,72,1,-1.52957982832391,14.3749379310961,1.6118084604896,-14.4583596127248
122,149,0.002621,0.014683,0.01101,260,1,19.4843120439315,26.6158163498043,-19.4548005404629,-27.5381977673523
145,149,0.006926,0.03982,0.07817,246,1,13.3289911020288,-10.8062188716318,-13.3129897060247,3.2253170940444
140,150,0.000342,0.020559,0.0,371,1,-41.2210268775606,-1.50509277096,41.2271561820516,1.87354999619527
148,150,0.001339,0.0126,0.05766,519,1,33.4079147508419,7.92612440658817,-33.3906481403508,-13.2535648374103
140,151,0.007071,0.032436,0.02401,167,1,-0.767277687729578,-1.41351341407818,0.767325947321229,-0.894593803223649
146,152,0.000818,0.00503,0.00186,198,1,-25.59680955928,-5.33170301554688,25.6027787312418,5.19430608774423
147,152,0.038273,0.094655,0.00596,43,1,4.91329934787589,10.9304035698243,-4.85359751313162,-11.3483105502475
149,152,0.029337,0.14185,0.0373,206,1,8.81013283024042,13.1130559409657,-8.72033064382287,-16.2595470082505
121,153,0.004963,0.018995,0.00188,134,1,21.821929533194,20.7101518777529,-21.7755727234961,-20.714725507704
144,153,0.00106,0.005823,0.00265,141,1,-16.2746209011181,-10.6617460635719,16.2787643899628,10.4295086359543
147,153,0.001295,0.007276,0.00162,263,1,-4.91329934787748,-10.9304035698207,4.91521109319555,10.7852692995532
154,155,0.002904,0.008113,0.00053,64,1,5.52890222190393,1.74589647752363,-5.52785529906772,-1.79250508973772
121,156,0.000179,0.012411,0.0,938,1,1.89121243405019,-204.225593895302,-1.80661826562276,210.090947103965
134,156,0.000215,0.001156,0.0,0,1,-2.2595963742531,39.4177532808797,2.2631812050792,-39.3984785625775
154,156,0.000246,0.001098,0.0,0,1,44.810932438997,29.607682007599,-44.8033420847413,-29.5738031093359
149,158,0.034582,0.084132,0.00318,51,1,13.2849159985132,9.61193774962128,-13.1893010990352,-9.68801914992576
151,158,0.019164,0.061456,0.01435,55,1,0.106871098379626,2.1253993893037,-0.105289141852492,-3.49762856379352
153,158,0.022077,0.111396,0.0547,224,1,0.581597240348267,-0.500052427779135,-0.580475859084679,-4.7484746215915
150,160,0.000256,0.001051,0.0,0,1,-33.5220567580886,-0.823205766998239,33.5250856617008,0.835640836124498
157,160,8.8e-05,0.006843,0.0,1434,1,113.637578705781,9.88743483725568,-113.625551683189,-8.95219716002383
159,160,0.003089,0.014841,0.00267,170,1,-31.0957666712255,1.13523559202688,31.1272941295617,-1.23734381987386
150,161,0.000353,0.001999,0.00243,321,1,60.6858833507548,26.1692894705167,-60.6696374965528,-26.3080433849157
122,164,0.00538,0.02117,0.00235,142,1,-105.400537706689,34.0764640831823,106.066168240438,-31.6901628333939
142,164,0.000229,0.001112,0.0,0,1,-31.0094931797059,-26.7728482728212,31.0133788985259,26.7917169161742
162,164,0.000331,0.020364,0.0,555,1,137.14246165819,-1.02777734838887,-137.079547137649,4.89844591722638
157,165,0.033788,0.078042,0.00279,71,1,-57.9271525405712,1.95913534469783,59.1196266263948,0.524214024314678
162,165,0.000235,0.001053,0.0,0,1,-117.444668188542,-15.497042510274,117.477994377492,15.6463721994812
157,166,0.00826,0.040372,0.02464,216,1,-25.310426622182,-0.166624771880069,25.3660965881807,-1.91133686488533
163,166,0.000236,0.001026,0.0,0,1,-41.585262706947,-27.0625828833012,41.591347727845,27.0890372538154
163,167,0.000272,0.020153,0.0,521,1,41.5852627066997,27.0625828830857,-41.5781615227648,-26.5364425895565
158,168,0.0002,0.001191,0.0,0,1,13.8750661000048,17.9341223353009,-13.8739927663559,-17.9277306334216
159,168,0.016343,0.041127,0.00286,62,1,4.00346898402707,-12.1476822895438,-3.97585932319626,11.9445297896386
121,169,0.005454,0.035614,0.0047,151,1,14.7147621983649,49.1034168098695,-14.5662228112583,-48.582267738551
152,169,0.00027,0.001198,0.0,0,1,-86.9602666497577,12.008779988051,86.98248430853,-11.910199413202
161,169,0.021946,0.089135,0.00908,112,1,7.85202573570991,4.50492171473262,-7.83213137266504,-5.28015941106823
162,170,0.0148,0.039848,0.00112,60,1,-44.8400786228108,9.18079905659036,45.1535480946717,-8.44798772227551
165,170,0.000102,0.008322,0.0,1270,1,-217.110373631859,-27.8568241604387,217.159716156742,31.8825936906096
122,171,0.014274,0.064635,0.00946,142,1,21.5712629524818,39.3778672875374,-21.2759592699609,-38.9526576879855
156,171,0.000286,0.00105,0.0,0,1,71.1831311241094,-96.5996859479334,-71.1390426551214,96.7615492082042
169,171,0.000267,0.001054,0.0,0,1,-64.5841301245763,65.7726265628359,64.6083509111676,-65.677013420262
121,172,0.001706,0.010526,0.02362,240,1,-38.4279041655827,134.412025207675,38.7759756615186,-134.530963028512
123,172,0.052293,0.125254,0.00371,51,1,1.19517781399476,-1.95422688466007,-1.19262966164219,1.60992928171708
154,172,0.002276,0.014182,0.00556,207,1,-50.3398346609296,-31.3535784851279,50.4250641838024,31.3617396392426
156,172,0.000417,0.026059,0.0,442,1,-26.8363519788849,-44.5189794840984,26.8485670099365,45.2823164005871
166,173,0.000203,0.012408,0.0,1231,1,19.0391671204537,2.32393803691166,-19.0383855202296,-2.27616416706169
124,174,0.003262,0.094821,0.0,89,1,-17.0677844455717,3.5382588131667,17.0781228472282,-3.23773840131216
148,174,0.000225,0.001031,0.0,0,1,67.1463765726248,12.7600156636341,-67.1353578538039,-12.7095254453926
150,174,0.000332,0.009855,0.0,294,1,-35.0003346339698,-13.9660688624408,35.005295660664,14.113330663859
172,175,0.000224,0.001017,0.0,0,1,-174.344864617168,48.3851354981478,174.422375011795,-48.0332244653997
124,176,0.00021,0.014323,0.0,684,1,-113.431079483803,-15.4357798885154,113.460146789412,17.4183085467539
126,176,0.001431,0.018427,0.52539,1169,1,119.609734133143,30.9179084703194,-119.352989301044,-78.2480188195622
175,176,0.000828,0.004912,0.00185,268,1,-5.8602629437503,-60.8119869036211,5.8928425140931,60.8297102726389
122,177,0.020298,0.67954,0.0,29,1,2.32283548810194,-2.51105613797738,-2.32019696192274,2.59938917964697
172,177,0.009296,0.03666,0.00294,160,1,46.4264947939069,5.11366463429933,-46.2119975729081,-4.54412921393214
175,178,0.011773,0.056295,0.00763,102,1,-0.292359234298728,2.2210537996633,0.293199590463406,-2.93766462967079
177,178,0.00353,0.119025,0.0,108,1,-15.9205493857029,-3.18987945164144,15.9305142012378,3.52587440037853
170,179,0.002162,0.062851,0.0,245,1,107.561245549908,39.1067214965409,-107.276873650225,-30.8398120298411
173,179,0.012479,0.059854,0.00461,132,1,19.0383855206695,2.27616416745565,-18.9902010088696,-2.48348833839391
175,179,0.000258,0.001113,0.0,0,1,-124.978784207797,-32.4253621338102,125.024256325979,32.6215267366662
178,179,0.023995,0.101632,0.02272,144,1,-1.24162641825673,-2.84411188885318,1.24281833891325,0.701773631046436
122,180,0.000385,0.020591,0.0,494,1,-15.2709946669966,-176.332330876399,15.4098075551776,183.756476799869
123,180,0.00028,0.001096,0.0,0,1,-29.864908027145,-3.10047753893889,29.867585251628,3.11095696048645
127,180,0.0075,0.041,0.025,180,1,115.759152270564,53.2163273596316,-114.534433705332,-48.9529496916266
151,180,0.066452,1.511856,0.0,10,1,-0.874197045706747,-1.23080558607907,0.875872111576703,1.26891517474286
175,180,0.000285,0.00109,0.0,0,1,-43.2909686244279,139.049519702841,43.3548719909136,-138.805117353825
178,180,0.00059,0.002569,0.00287,203,1,-14.9820873734141,2.25590211813214,14.9835274530755,-2.52029484546094
184,185,0.00354,0.018598,0.01511,202,1,2.03171801213282e-05,-1.51902235487726,3.85146078027842e-13,1.39774314474349e-12
184,187,0.004086,0.019503,0.00629,228,1,10.8378545294485,16.2835037266167,-10.8218799281062,-16.8372400327675
183,188,0.001234,0.005503,0.00532,202,1,26.7240342034933,5.19534189410646,-26.714928439887,-5.69081101682045
186,188,0.025912,0.069217,0.00189,70,1,0.012291502742044,-0.460703068926583,-0.0122570564801185,0.270513153748537
183,189,0.00023,0.001013,0.0,0,1,-51.5533833262042,100.927606348567,51.582681914324,-100.798565175674
184,189,0.000277,0.00101,0.0,0,1,77.4980804758426,-82.8764556146375,-77.4626040725555,83.0058100092946
188,192,0.005915,0.032838,0.01121,212,1,1.87201529924493e-05,-1.12898744459319,0.0,0.0
186,193,0.044087,0.106985,0.00576,72,1,2.16237362891711,1.59245122776555,-2.15877362063205,-2.16177212971339
189,193,0.006924,0.033596,0.00344,125,1,11.8127321830533,6.16778241795809,-11.8003666459118,-6.45300370665296
189,194,0.012641,0.04775,0.00562,102,1,14.0671899777289,11.6249727466051,-14.0245275092986,-12.0252926560856
184,195,0.000574,0.004178,0.00354,268,1,-19.4206299675309,97.1992612822489,19.4769284404774,-97.1439358359275
194,196,0.000297,0.001136,0.0,0,1,2.11388109982988,5.58222313768291,-2.11377438734838,-5.58181497142369
191,198,0.000203,0.001144,0.0,0,1,-60.2845390692264,-85.7023372586663,60.3070582725796,85.8292435081049
190,199,0.003902,0.038417,0.05222,489,1,-86.0452053043918,-27.5908411967865,86.3722505285505,25.7346159823058
191,199,0.001099,0.00971,0.02241,432,1,72.5178947212448,11.6910472990825,-72.4576801326811,-13.3724729420444
193,199,0.014534,0.051747,0.03933,149,1,13.9591402666025,8.6147758365326,-13.9145703798054,-12.362143042294
191,200,0.000212,0.001122,0.0,0,1,-16.3915010594293,72.5494501013434,16.4033509898144,-72.4867349037397
194,200,0.001454,0.070666,0.0,177,1,-4.57445314503837,2.56691863023903,4.57485658189962,-2.54731115483502
200,203,0.004837,0.031736,0.01101,296,1,-15.8844361114781,-31.7148825400671,15.9443475945712,31.0081978193528
196,204,0.024137,0.723442,0.0,100,1,-4.87607890840544,-2.93922195849833,4.88397003768019,3.17573744695112
197,204,0.001629,0.007574,0.00104,117,1,-52.3221629617859,-13.0247930176196,52.3679248226207,13.1297917737839
201,204,0.001529,0.012979,0.07333,552,1,-118.111613834566,2.94438269095335,118.318173543484,-8.79565663350035
203,204,0.039839,0.101291,0.00328,50,1,-28.459720537738,-2.56123790499079,28.7815930337871,3.04377865333119
195,205,0.002475,0.015619,0.00661,262,1,-12.5697617276871,-16.7829478750231,12.5804005970753,16.1889355940825
197,205,0.02681,0.099915,0.00725,147,1,24.2653109593555,9.12490429457851,-24.0893124369981,-9.2075980119613
201,205,0.028286,0.132954,0.07205,207,1,9.9105849603316,6.66523192147869,-9.85425160541093,-13.7463608847422
202,205,0.004858,0.029986,0.01629,193,1,-20.0249005627046,-13.0203289082069,20.0517913885067,11.5598293666596
203,205,0.028232,0.080384,0.0061,67,1,-1.30521702781287,4.19845094195623,1.31137206003853,-4.79480606527541
196,206,0.020698,0.045407,0.00322,67,1,-4.47587903806897,8.01410187865836,4.49400799398212,-8.29270035023871
200,206,0.000228,0.001085,0.0,0,1,-19.2395621186431,105.797596175607,19.2662423781083,-105.670630905784
198,207,0.00509,0.03286,0.00627,221,1,-52.7611135820538,-60.5105380924154,53.0899225958976,61.997015574012
201,207,0.000283,0.001152,0.0,0,1,123.121672751333,-98.2462167539212,-123.053896875816,98.5221100705163
198,208,0.0002,0.001066,0.0,0,1,-10.3720699116461,-25.8299001849887,10.3736320567403,25.8382264183405
201,208,0.010658,0.058247,0.01252,124,1,33.0734218380461,31.2420470146926,-32.8562642306641,-31.3251107520274
195,209,0.000516,0.027613,0.0,374,1,-10.297206425598,112.416546318459,10.3631381810783,-108.888302977221
207,209,0.000889,0.026981,0.0,543,1,16.588639314144,-143.374258374538,-16.3726725746508,149.928812478324
203,210,0.009093,0.033682,0.04556,151,1,4.48183970676336,19.967091423659,-4.43537483833304,-24.3588618352565
207,210,0.000275,0.018838,0.0,738,1,53.3753349804124,-17.1448672791325,-53.3665833426413,17.744370378518
201,211,0.006674,0.031672,0.00371,142,1,67.3143212443532,22.4720320839033,-66.9893258571092,-21.3098617055443
202,212,0.005296,0.022988,0.00235,83,1,17.1002264778138,7.62285708450682,-17.0814511325789,-7.77427340030893
203,213,0.002281,0.069319,0.0,131,1,9.33875027123588,-52.6125022839024,-9.26677947731927,54.7996760951718
208,213,0.008083,0.038573,0.00392,141,1,15.4240495440274,14.220378514126,-15.3877526587108,-14.43357682231
213,214,0.000268,0.00111,0.0,0,1,3.66276118311876,-46.1560761885827,-3.65689238472476,46.1803835252146
206,215,-0.000531,-0.008421,0.0,165,1,9.32882063736376,38.8730844072248,-9.33742769917196,-39.0095817094598
212,215,0.001965,0.051627,0.0,281,1,-9.3055767075345,-38.1727516153493,9.33742769897158,39.0095817094563
209,216,0.000203,0.001158,0.0,0,1,6.00953439357288,-41.0405095006872,-6.00580445651218,41.0617866786
212,216,0.01607,0.064491,0.01068,129,1,-5.71753747028178,41.1903096762398,6.00580445644611,-41.0617866783514
210,217,0.006924,0.034011,0.00322,121,1,11.1154175068889,5.03226850692731,-11.1049315919537,-5.29996871771116
214,217,0.010787,0.053596,0.01503,223,1,-11.0874945939596,-6.6928677958034,11.1049315921126,5.29996871768224
214,218,0.002982,0.020692,0.02788,319,1,14.7443869801949,-39.4875157300328,-14.6935505396335,37.0872248829042
218,220,0.006539,0.037778,0.00721,154,1,-4.53317384830867,-17.7668139614425,4.55444103968597,17.1673520450095
219,220,0.00384,0.03753,0.07222,800,1,40.5007323712448,17.3052606471883,-40.422913259244,-23.8969769950783
211,221,0.000669,0.003549,0.00179,243,1,56.1041218395902,18.2164115646541,-56.0811246270918,-18.2755871963563
218,221,0.000837,0.03,0.0,100,1,-13.2039901948652,-26.4608766338275,13.2113471271656,26.7245659635908
219,221,0.001373,0.011943,0.22734,626,1,100.298550248987,45.4516169732006,-100.120485457545,-67.0739104877429
222,225,0.004127,0.018682,0.00188,149,1,1.77362189010383e-13,-1.3521888023182501e-14,3.65652602201663e-07,-0.188505937198869
223,225,0.002529,0.021141,0.12028,513,1,-23.3300287221916,-11.6240367754724,23.3446043864381,-0.292849282087845
219,226,0.000114,0.006273,0.0,1029,1,20.8504744254818,4.88161704504953,-20.8499655635173,-4.85361624590073
224,227,0.007935,0.03616,0.03139,162,1,-0.97266515565264,-5.67640393442552,0.974108870244024,2.5775416077617
195,228,0.019498,0.084405,0.00826,108,1,3.39003971240519,1.51033739293625,-3.38707058679129,-2.3194075910788
229,230,0.000288,0.001148,0.0,0,1,13.2506496024565,10.9869445828577,-13.2498093279561,-10.9835951553354
202,231,0.018369,0.049144,0.00381,67,1,-0.0182140190442106,4.97939759903943,0.0231521128936598,-5.34385715521426
224,231,0.000251,0.001162,0.0,0,1,-12.6792129704369,-39.8594111353923,12.6836588154108,39.8799930949925
182,232,0.001802,0.007276,0.00112,133,1,-6.90404869563691,14.1256271584045,6.90856472254858,-14.218469157932
227,232,0.000256,0.001116,0.0,0,1,-8.26066761680617,3.3118278410881,8.2608722526646,-3.31093575664277
231,232,0.000245,0.00115,0.0,0,1,-25.2137132188987,-86.7109028069455,25.2339195200603,86.8057487103573
227,233,0.00165,0.004648,0.00226,71,1,-6.67787929603953,-11.6075096099837,6.68082237317642,11.3917156792191
228,233,0.001976,0.010178,0.00118,155,1,3.38707058685831,2.31940759104647,-3.38672969751369,-2.43476412390687
230,233,0.0146,0.0834,0.01253,98,1,13.2498093286396,10.9835951549385,-13.2051445863519,-11.9860722489364
181,234,0.009213,0.031608,0.00494,139,1,-31.0572973199283,-13.0326794133878,31.1635049568296,12.9101731643541
182,234,0.00155,0.008823,0.01408,226,1,-12.1571800514309,2.00934183684192,12.1596023620789,-3.39315041640143
229,234,0.00178,0.01152,0.0022,221,1,92.6440398021677,86.1879755536074,-92.363059215274,-84.5903843885902
231,234,0.010301,0.034725,0.00825,146,1,-2.64907633186136,-5.13505266618509,2.65213560331788,4.32808321684357
232,234,0.000204,0.001078,0.0,0,1,-46.373107165349,-70.6675507737067,46.3878162941694,70.7452784250224
184,235,0.002447,0.012485,0.02089,238,1,-82.9125216631418,-33.2536988517037,83.1051087897067,32.1235962670872
229,235,0.000254,0.001198,0.0,0,1,-133.945021768726,-52.2899944923781,133.996734537636,52.5338995992811
183,236,0.000259,0.001029,0.0,0,1,27.0725776157095,11.635214972487,-27.0703472043451,-11.6263536084177
186,236,0.014959,0.053044,0.00888,115,1,-2.17466513179114,-1.13174815875811,2.17543768132762,0.240074311094631
181,237,0.002568,0.087945,0.0,104,1,-9.27148197115095,-9.92200925226811,9.27638162822071,10.0898053352127
183,237,0.000804,0.042047,0.0,366,1,-2.24322849308898,-117.758163214829,2.36957463345697,124.365720632806
206,237,0.000256,0.001098,0.0,0,1,-46.2361738012656,73.0481447682786,46.2555793946102,-72.9649129655743
224,237,0.000589,0.003285,0.00124,270,1,13.6518781263759,45.5358150696995,-13.6383688955589,-45.5827547681095
227,237,0.016313,0.076664,0.01075,140,1,1.09221914994525,3.34705963399341,-1.08954476306116,-4.39630322842275
229,237,0.00048,0.032996,0.0,463,1,28.0503323734008,-44.8849256486849,-28.0362503803917,45.8529453181263
231,237,0.000522,0.003476,0.00181,230,1,15.1559786237422,57.3098195327502,-15.1373716221324,-57.3645003206877
210,239,0.001403,0.008034,0.00347,211,1,22.0082733818142,-1.61580845672104,-22.001406320037,1.31033029177046
223,239,0.007064,0.033428,0.00653,133,1,11.1117397500421,5.77506718496811,-11.1003779587704,-6.37187661065794
238,239,0.002588,0.013995,0.00238,120,1,-1.59101732976766,1.03513316954193,1.59111790120874,-1.27106418971499
182,240,0.000286,0.001138,0.0,0,1,19.0612287458194,-16.1349689944315,-19.0594318697088,16.1421188021723
187,240,0.002181,0.013095,0.00762,255,1,10.821879928715,16.837240032539,-10.8128412941534,-17.5414708073906
208,240,0.000224,0.001155,0.0,0,1,-20.0089546439456,-13.6359489043273,20.0102778543359,13.6427717079023
238,240,0.019623,0.098309,0.02258,107,1,1.59101732976365,-1.03513316953626,-1.59051597586897,-1.20526239012919
239,240,9.3e-05,0.006709,0.0,1437,1,26.8715746823366,3.76655817446224,-26.8708854531577,-3.71683732972163
244,246,0.000277,0.001103,0.0,0,1,-19.5741745271007,0.568021341093405,19.5751883909989,-0.563984186293
242,247,0.000251,0.001091,0.0,0,1,-20.8465628093024,16.8419624415618,20.8482827079182,-16.8344867069411
246,247,0.002721,0.016774,0.07204,210,1,25.5966350549617,-8.25704947347591,-25.5790985570764,0.816442675627623
249,250,0.053624,0.144317,0.00503,56,1,-1.33933118376657,1.65583810953782,1.34214298293006,-2.1723534372182
243,251,0.000175,0.010229,0.0,1031,1,-16.7707562637034,-11.8593431346386,16.7714825064555,11.9017930609856
245,251,0.003227,0.013314,0.00195,130,1,22.1902197860338,13.8190150983809,-22.1686023927303,-13.9290561619173
246,252,0.010846,0.255399,0.0,54,1,7.36960766106622,0.458211721261586,-7.36396399058337,-0.325315925793106
248,252,0.001273,0.008549,0.02026,286,1,4.59761172355691,2.22923724479436,-4.59722250191337,-4.34283264598796
249,252,0.000236,0.001066,0.0,0,1,-12.7691036456209,-7.88210452941576,12.7696126882245,7.88440384897269
250,253,0.017204,0.050658,0.00128,60,1,4.78815591489572,2.16095614898424,-4.7835419802254,-2.28022413087399
245,254,0.019901,0.051307,0.00175,56,1,-8.32117539266232,-19.3498299761501,8.40670440546432,19.389057786163
247,254,0.000248,0.001128,0.0,0,1,8.18816622757427,18.2337081204924,-8.18722073567731,-18.2294076573482
248,255,0.008325,0.055257,0.04653,270,1,-7.06272822783035,1.86287990410159,7.06817152748351,-6.68025187821811
249,255,0.014891,0.084336,0.03893,182,1,-5.1640452829721,0.45951588147631,5.16873461552465,-4.49194423541176
247,256,0.00845,0.03725,0.01734,187,1,0.219547051128602,-0.778657632769687,-0.219541804048052,-1.0382878283924
254,256,0.004849,0.013502,0.00116,73,1,-0.219483671901413,-1.15965012767919,0.219541804005507,1.03828782841286
248,257,0.001291,0.011598,0.06302,619,1,2.46511650494213,-4.09211714887535,-2.46503351946083,-2.49226256742198
252,257,0.002229,0.014225,0.01012,248,1,-0.808426192527001,-3.21625527614333,0.808594369667267,2.16020673163886
250,258,0.102815,0.250752,0.00728,53,1,4.7637512934565,4.2845766314085,-4.71981439426247,-4.92248181369955
250,259,0.011962,0.276523,0.0,51,1,0.0,0.0,0.0,0.0
260,261,0.00075,0.007039,0.03932,610,1,-32.5144889659657,-23.3428781490002,32.5253301428808,19.3292041236608
253,263,0.018996,0.112179,0.07599,198,1,-19.1937194708629,-6.48796486641979,19.2624644982816,-1.0296660264639
260,263,0.001664,0.114754,0.0,150,1,-6.37151592880313,-1.86857361322054,6.37221802364828,1.91699199775144
261,263,0.002526,0.012952,0.01056,174,1,-39.1254212812157,3.06784302669021,39.162620297051,-3.98477253907409
262,263,0.00132,0.041934,0.0,269,1,23.7975819824643,2.40456302282726,-23.7904035095622,-2.17651599049494
247,264,0.002879,0.098886,0.0,120,1,-3.67689742929409,-1.43700645577929,3.67732559335156,1.45171275344785
261,264,0.00557,0.03267,0.01631,251,1,-4.18127477951613,-4.09957628916269,4.18276294827768,2.39626230804253
263,264,0.020724,0.094575,0.00983,127,1,3.84816204621446,-2.15680129706784,-3.84470602634274,1.14020577501897
264,265,0.021956,0.726606,0.0,150,1,1.67174824854366,0.403052670332658,-1.671130463801,-0.382607867056715
242,266,0.001183,0.066562,0.0,200,1,-2.67170774411205,-9.89466006267518,2.67292310194895,9.96304269018125
262,267,0.000809,0.010102,0.17654,1219,1,-113.77554775392,-18.0826602085642,113.87568963018,0.727926901412162
258,268,0.057023,0.133418,0.14244,164,1,-35.0663430485198,0.874685465903695,35.7993137214963,-13.6546540589026
261,269,-0.000657,-0.016004,0.0,105,1,2.68171403135167,2.95994886070808,-2.68181400370665,-2.96238410814974
266,269,0.018827,0.097382,0.06759,237,1,-2.6729231014426,-9.96304269033068,2.68181400330171,2.96238410828885
262,270,-0.002934,-0.120364,0.0,245,1,-3.13696278803559,-1.89275489990261,3.13658842536841,1.87739709892345
263,270,0.000315,0.005361,0.37537,2758,1,-114.222590903973,7.63291773188107,114.263993383341,-46.2810385475106
267,270,0.013712,0.071214,0.0516,260,1,21.6116310146824,-0.775455380916918,-21.5504764178679,-4.33277586340715
268,270,0.000379,0.020786,0.0,318,1,95.8919485933365,-46.4415546960592,-95.8501053848621,48.7364173117523
264,271,0.000205,0.001176,0.0,0,1,-56.4111231964118,-5.48365053812635,56.4173889332909,5.51959447261362
265,271,0.000439,0.006676,0.97541,2724,1,-192.829421459696,-87.9788270317914,192.991459970513,-11.7743489877907
263,272,0.00162,0.06196,0.0,246,1,52.0620690293036,-4.50441928541804,-52.0188553266422,6.15721003659057
265,273,0.000525,0.032594,0.0,685,1,31.0789446192347,11.7184745717101,-31.073399671818,-11.3742231124688
268,274,0.000276,0.001081,0.0,0,1,-162.463489374429,50.4042493952629,162.54115741595,-50.1000495659711
271,274,0.000169,0.011165,0.0,890,1,-278.7807568679,-2.71879259476703,278.908842030385,11.1807502228927
267,275,0.000458,0.030187,0.0,418,1,75.0022667587152,8.2978633905154,-74.9775645730531,-6.66973046784866
241,276,0.004836,0.024534,0.00943,205,1,-40.8992990799242,13.003993022967,40.9860490254629,-13.5377235845642
272,276,0.00733,0.031142,0.01784,173,1,4.77170482737589,-6.51482164500371,-4.76784974134159,4.6936410508919
273,277,0.000228,0.001017,0.0,0,1,27.2362438535029,7.88535191434782,-27.2344756242764,-7.87746468135043
272,278,9.8e-05,0.000803,0.0011,234,1,16.976924091817,-9.39536591881095,-16.9765664103823,9.28514144387646
276,278,0.002612,0.01611,0.00741,205,1,-9.27483156608354,9.43960208613166,9.27945298626533,-10.1743881355612
277,278,0.008382,0.029511,0.00787,161,1,24.2520913076744,5.77908495567551,-24.201427281744,-6.41334397421856
277,279,0.063264,0.23879,0.0411,131,1,-13.0709322670349,-3.7811952086943,13.17688655117,-0.130790541695366
279,280,0.000861,0.006709,0.0044,180,1,4.42510591150001e-07,-0.467217504467581,8.30327363411672e-13,5.84447692799113e-12
250,281,0.00049,0.037053,0.0,1036,1,-76.2463912905045,-13.2977920722305,76.2746185612416,15.4322922000287
262,281,0.000275,0.001054,0.0,0,1,76.2904603713929,15.4930096478898,-76.2746185357843,-15.4322922125026
273,282,0.003187,0.095807,0.0,77,1,3.83715582131825,3.48887120024184,-3.83632898094657,-3.46401487909684
282,284,0.000256,0.001123,0.0,0,1,0.0,0.0,0.0,0.0
283,284,0.000258,0.001012,0.0,0,1,0.0,0.0,0.0,0.0
282,287,0.010448,0.065049,0.08079,238,1,-5.89503905569008,-3.83829865119023,5.89857537316585,-4.46263581774502
286,287,0.001339,0.058843,0.0,240,1,18.0685744135743,-10.186263587757,-18.0629207801156,10.4347152334734
275,288,0.01462,0.058411,0.00946,125,1,24.0102256806124,-0.533419102832389,-23.9299978666349,-0.13666023510959
286,288,0.000222,0.001025,0.0,0,1,46.7866038667356,30.0708219352245,-46.7800300193232,-30.0404697118111
282,289,0.012423,0.050887,0.00967,125,1,18.6114306248217,12.0895088265885,-18.5505295512495,-12.8274803981859
282,292,0.001326,0.007577,0.00527,284,1,-53.4583463388412,-21.3242951744198,53.5008519948908,21.0232659125113
288,292,0.000258,0.015119,0.0,801,1,70.7100278985209,30.1771299435313,-70.6954180920425,-29.3209839584625
289,292,0.023392,0.079873,0.01063,147,1,-17.1100056607404,-9.09690475035975,17.1945660975826,8.29771804701739
242,293,0.002877,0.01347,0.00104,129,1,-8.09418727714503,-8.33683450947058,8.09786835744906,8.24491832257164
261,293,0.001731,0.021177,0.28128,1118,1,8.09965188779087,-21.2574197232542,-8.09786835885155,-8.24491832199242
245,295,0.000268,0.021435,0.0,845,1,-29.4037635262493,0.921334165728043,29.4059716935224,-0.744721981028821
255,295,0.019371,0.082242,0.01492,150,1,-19.0549271220275,-1.50909643973988,19.1225704260535,0.236048739938884
264,295,0.007087,0.172147,0.0,89,1,-1.56693741687311,-7.13993654827053,1.5706312244248,7.22966109865897
275,295,0.00025,0.001121,0.0,0,1,50.1052532673831,6.48252279503126,-50.0991789150092,-6.45528539898651
285,295,0.033177,0.082629,0.00253,50,1,-9.90241859036578e-14,-3.6201626162200697e-13,5.57649511139047e-06,-0.265702459464063
241,297,0.00793,0.035251,0.03854,254,1,-70.9892519287948,7.13773424257546,71.3821460537613,-9.38667223702834
243,297,0.002622,0.070007,0.0,157,1,10.5631608625075,1.62705846810572,-10.5602871329835,-1.55033032821824
244,297,0.013776,0.08475,0.04609,140,1,19.5741745292313,-0.568021342170728,-19.5233463484636,-3.92907068266827
250,297,0.000211,0.001165,0.0,0,1,58.8234588321841,7.85865657009455,-58.8163124261542,-7.8191989254269
287,297,0.006296,0.025151,0.00277,110,1,-26.6004706839012,-10.9289145772536,26.6508043947664,10.8432838568993
294,297,0.00457,0.02949,0.00563,221,1,13.40124871372,-8.98800652902617,-13.3899850358493,8.47659172064605
241,298,0.008064,0.04378,0.03876,220,1,-13.5398151457658,11.7345682622349,13.5688331505234,-15.5657528668191
291,298,0.000437,0.029981,0.0,292,1,51.3587926986658,4.31691377805757,-51.347489590055,-3.54144810469903
296,298,0.004963,0.162626,0.0,70,1,-13.9562755952496,-7.32427150842144,13.9686254399873,7.72894727918818
242,299,0.00146,0.013225,0.04753,506,1,-25.8291204597659,-8.46916486719379,25.838910857158,3.57028107987777
264,299,0.000291,0.001066,0.0,0,1,52.2909298508298,7.23235358002778,-52.2832140797102,-7.20408893393323
276,299,0.030684,0.099971,0.01677,122,1,-30.1874493878612,-0.672496911842758,30.4585607629839,-0.189909167585427
290,299,0.006785,0.031035,0.00416,112,1,4.01635362964162,-4.2507398976749,-4.01425754055302,3.82371702114612
243,300,0.004364,0.025915,0.02999,225,1,-38.4266844955403,-5.83544571592888,38.4892779174604,3.07304063328842
246,300,0.000263,0.001062,0.0,0,1,-52.5414310974704,8.3628219351043,52.5485359078982,-8.33413254850994
290,300,0.001493,0.00888,0.0048,180,1,-4.01635362974509,4.2507398977992,4.01687194979215,-4.75080468212034
291,300,0.016579,0.040563,0.00346,68,1,-51.3587926931604,-4.31691378425811,51.7873699221938,5.00653687436347
294,300,0.006358,0.034026,0.02042,207,1,-39.3858795998033,-11.5952646599057,39.487943887197,10.0143319781614
14,62,0.00012,0.009102,0.0,1775,1,-75.591815540786,-37.8523130175127,75.6002740450421,38.4938905653426
20,73,0.003565,0.019413,0.00669,176,1,18.3650768835695,72.5235202069995,-18.1750826286426,-72.1881346698757
51,75,0.017523,0.078193,0.00517,105,1,4.5158707637432,10.7550702428538,-4.49203993574174,-11.1834803122401
20,75,0.025088,0.071,0.0015,69,1,16.002753297976,19.0787918100308,-15.8552532602655,-18.8177234369463
90,133,0.000168,0.012124,0.0,1494,1,252.475147989966,43.7847223003479,-252.364182030766,-35.7766789114419
106,170,0.01169,0.050962,0.00437,135,1,18.0014198035042,-17.7456610996673,-17.9262593925275,17.6411507468656
84,148,0.009621,0.070674,0.01548,263,1,104.123757898984,21.0375557186743,-103.033817293143,-14.5426111319639
84,170,0.000203,0.001058,0.0,0,1,352.213851991727,81.566746654456,-351.948250391377,-80.1824782151909
127,221,0.000635,0.006117,0.01228,442,1,-138.299576882154,-57.7278571294247,138.441418841688,57.8579907915561
142,240,0.021251,0.092441,0.02617,127,1,-38.0012996529879,6.12891900428604,38.3233967574693,-7.3213199846948
166,190,0.00057,0.003572,0.00225,257,1,-85.9966114310438,-27.5016384264665,86.0452053115118,27.5908411966263
148,236,0.008292,0.237478,0.0,211,1,-24.8332567359208,-9.6205793278911,24.8949095379445,11.3862792940035
201,241,0.000818,0.00561,0.00762,187,1,-115.308386957869,34.9225230510167,115.423217388596,-34.9236530684283
219,265,0.000412,0.028437,0.0,524,1,-163.293098451669,-67.7730403226607,163.421607332367,76.642960323635
235,267,0.000441,0.031056,0.0,501,1,-245.08241495153,-87.7565435306247,245.383524721758,108.96122612522
225,282,0.012507,0.051328,0.01087,151,1,-56.9785288394392,-12.142473426891,57.4002661552645,12.7686146490471
279,28,0.000241,0.001002,0.0,0,1,-13.1768869814379,0.598008044646372,13.1772818686093,-0.59636623159351
286,50,0.001091,0.006711,0.00425,224,1,-100.478034194267,-32.0628895432526,100.594066575462,32.3312957937155
255,44,0.000297,0.00113,0.0,0,1,-20.4133276300727,4.92813033298794,20.4145854048325,-4.9233448599963
282,58,0.002163,0.016344,0.00677,262,1,-50.8370451427871,-9.50595463296837,50.8930905405848,9.23049960851006
