from_bus,to_bus,resistance,reactance,susceptance,line_rating,line_status,P_from,Q_from,P_to,Q_to
5,6,0.05028,0.107626,0.00516,61,1,11.8997057262652,-9.33574476704593,-11.7915816499675,9.02810925915206
1,7,0.023298,0.04904,0.00338,65,1,-5.25626489499408,-1.15333300580049,5.26257841406412,0.809583585776377
2,8,0.073951,0.319762,0.11082,191,1,1.27845811792767,-5.72624224867157,-1.27730152433338,-5.90596088595221
2,9,0.030006,0.06955,0.00891,68,1,15.2069678917359,-5.23547962916046,-15.1344819719553,4.46778571034129
6,9,0.000244,0.00108,0.0,0,1,-29.2197369923808,-9.34305806358454,29.2219267048363,9.35275023346961
6,10,0.000226,0.001086,0.0,0,1,-48.7715163760499,-0.54515754437067,48.7766433755333,0.569794364896968
9,10,0.009343,0.313215,0.0,23,1,-0.253604492082456,-6.02547976980798,0.256966501418306,6.13818786722091
8,11,0.000209,0.001194,0.0,0,1,3.45869300717621,-5.32416780591393,-3.45861268408423,5.32462668520498
4,12,0.0016,0.007677,0.00066,149,1,7.21355209750953,12.9233627713534,-7.21017883943461,-12.9759564296482
7,13,0.00132,0.008641,0.00497,262,1,24.5974215297064,-7.13022278146197,-24.5892847936606,6.65750972576318
6,16,0.002688,0.018871,0.00875,241,1,-5.98589233101124,-0.226042693475313,5.98681216869537,-0.685174188980849
9,16,0.000508,0.006019,0.1883,1250,1,-13.8338402836924,-7.79505614532213,13.8347880362713,-11.9453147521704
15,16,0.000207,0.001138,0.0,0,1,2.77641612767943,47.096164918003,-2.7720280878144,-47.0720412978755
10,17,0.011161,0.396406,0.0,25,1,-6.76432827923974,-0.947435654225853,6.76929262038078,1.12375449790957
13,17,0.000248,0.001196,0.0,0,1,28.0492802213772,-7.06932678307634,-28.0473199390784,7.07878040254988
8,18,0.011183,0.058382,0.00936,132,1,-0.849929364463601,2.25382140913902,0.850809599038583,-3.22953546059035
10,20,0.00835,0.049124,0.01582,245,1,-3.59957522298251,11.9817742447069,3.6136730539421,-13.5487249403449
11,20,0.004196,0.130968,0.0,97,1,3.45861266337489,-5.32462668455036,-3.45695948516026,5.37622664747023
19,20,0.000268,0.00111,0.0,0,1,-2.50837224392395,-57.9915978187346,2.5170912626623,58.0277101724644
16,21,0.01972,0.090874,0.00974,173,1,-4.85212518534183,6.19692652538496,4.8650106947107,-7.15418713670398
17,23,0.003974,0.018492,0.00278,124,1,-86.604508340262,1.44667480985501,86.8861658184587,-0.431256004655334
14,24,0.004653,0.029016,0.00377,223,1,-33.6857194578545,-6.30162453247192,33.738468584107,6.23953225646869
15,25,0.005,0.168878,0.0,82,1,-2.7764161321009,-47.0961649102072,2.90466560637595,51.4278678535318
19,25,0.000287,0.001045,0.0,0,1,2.50837272190484,57.9915976798032,-2.49903556381632,-57.9576000135924
24,25,0.003028,0.015422,0.00467,212,1,49.3031449949567,10.3758760350712,-49.2291320506022,-10.483437931198
18,26,0.018281,0.056195,0.00759,78,1,-0.850809243593128,3.22953535863896,0.853234548127903,-4.01444050287966
22,26,0.005278,0.031778,0.04044,232,1,24.4966333129785,2.73905366169808,-24.4652137043817,-6.775370904804
25,28,0.000264,0.001189,0.0,0,1,0.0,0.0,0.0,0.0
21,29,0.000268,0.001121,0.0,0,1,-45.6615791868817,-2.37138186320061,45.666973421836,2.39394506239381
27,29,0.028664,0.070836,0.00429,53,1,-29.0053099352566,-1.5004287365363,29.2421864535299,1.64415400234314
22,30,0.000741,0.031398,0.0,211,1,22.2598132544306,-9.20369943276035,-22.2556581422696,9.37976179663422
24,30,0.000243,0.001011,0.0,0,1,38.6251275648862,10.5190638591244,-38.6213853565855,-10.5034944245894
26,30,0.017492,0.347353,0.0,23,1,-0.0121477763543039,2.16857633847694,0.0129273526404521,-2.15309565235054
29,30,0.00094,0.005557,0.00446,313,1,-58.0379025621098,-1.56298576479113,58.0683940421768,1.27958499023739
22,31,0.00031,0.01898,0.0,705,1,26.3913249375549,13.7641571259308,-26.3887034825407,-13.6036564286119
23,31,0.004658,0.020908,0.00819,192,1,150.318619699965,23.0504946123067,-149.306370174802,-19.3699026730964
24,31,0.000286,0.001151,0.0,0,1,-162.172041174693,-33.8709422752215,162.247475823868,34.1745271745246
27,31,0.061644,0.152046,0.0037,66,1,-16.8754456969975,-0.428778625584525,17.0475819325477,0.471818000255735
27,32,0.00719,0.044444,0.03408,209,1,66.5711057988909,8.57592635658061,-66.2512271075901,-10.0445360829111
14,33,0.000164,0.002077,0.02783,1321,1,20.0210342032771,2.20384674875116,-20.0203772933352,-5.07239887937603
4,34,0.011171,0.043477,0.00316,109,1,1.54043373696895,2.32638003358171,-1.5395150712005,-2.65206424975993
12,34,0.000209,0.001,0.0,0,1,7.21017885150002,12.9759564289883,-7.20973643212952,-12.973839589895
16,34,0.002087,0.008125,0.00061,130,1,-11.8474489549681,53.4864120587232,11.9072318720907,-53.3174009584792
24,34,0.001588,0.043004,0.0,56,1,17.9516460082133,-0.70206184690414,-17.9467207096802,0.835441908691996
27,35,0.000289,0.001129,0.0,0,1,-20.6903498724372,-6.64671916358896,20.691687917687,6.65194633690048
34,35,0.02285,0.083702,0.00632,138,1,20.7965440863617,6.38476495724209,-20.6916878839466,-6.65194633896753
26,36,0.005458,0.02434,0.00704,158,1,23.6241274143996,8.62123514094641,-23.5906649756278,-9.20319411766059
29,37,0.000242,0.00113,0.0,0,1,0.0,0.0,0.0,0.0
38,39,0.0002,0.001171,0.0,0,1,-11.1449494721265,7.43836870071911,11.1452954289338,-7.43634312361205
33,41,0.002446,0.015119,0.00541,166,1,20.0203773000289,5.07239889254898,-20.0102144206405,-5.56807043829944
36,43,0.000227,0.001101,0.0,0,1,23.5906653117788,9.20319405836986,-23.5892591817148,-9.19637401783954
42,43,0.008563,0.030851,0.00418,149,1,2.07496943355585,-1.64044956637593,-2.07444504667245,1.20988216360327
20,46,0.000398,0.002171,0.00482,238,1,-13.6767989510071,-54.45421480354,13.6887939769493,54.0192451349456
34,46,0.000294,0.00108,0.0,0,1,-5.34780717852132,61.6908835347242,5.35863927285447,-61.6510921677861
38,46,0.000219,0.015755,0.0,667,1,34.2215770110587,-5.0731157239842,-34.2190516853475,5.25478927001192
44,47,0.000354,0.020996,0.0,568,1,-35.7751622751129,2.12418296665108,35.7794847030085,-1.86781659348923
45,47,0.006282,0.029325,0.04413,260,1,-32.6513254446324,-4.97156486029259,32.7158079043955,0.645903559160026
39,48,0.000232,0.001089,0.0,0,1,-38.5208359954766,2.77105257459566,38.5241703192782,-2.75540137364759
44,48,0.018112,0.065858,0.00481,107,1,3.23491111967067,-0.485008956143201,-3.23307686714439,-0.0077659384194623
42,49,0.00606,0.028928,0.00195,151,1,-21.5664788329935,-3.09756725414592,21.5942555022855,3.0280410440348
44,49,0.000218,0.001033,0.0,0,1,11.5218366248289,0.659749566107619,-11.5215571130403,-0.658425090522359
40,50,0.026683,0.045301,0.00213,50,1,1.00933317014902e-13,7.15536379228582e-13,3.13021059348867e-06,-0.22028649393851
42,50,0.000269,0.001033,0.0,0,1,8.64114461944484,4.49626596212118,-8.64089784673289,-4.49531831821248
17,51,0.000291,0.001021,0.0,0,1,82.5391933057195,-15.5214016101896,-82.5198036023213,15.5894321502911
23,51,-0.000492,-0.031396,0.0,378,1,-54.2048022051469,-10.2855243052458,54.1907420364514,9.38830264596966
49,52,0.001172,0.008568,0.00348,303,1,-42.410597666788,-2.32703948227113,42.4309442990531,2.11407451412424
48,53,0.001438,0.006275,0.00353,217,1,-27.268472599573,0.996117494024659,27.2787937761503,-1.31757668982766
49,53,0.00024,0.001012,0.0,0,1,32.3378997348601,-0.0425764950048389,-32.3354834903188,0.0527649928203047
29,54,0.001816,0.00984,0.00298,227,1,-16.8712551450188,-2.47511333313985,16.8763244355369,2.19280975323555
38,54,0.0036,0.022074,0.00623,219,1,-1.27662873600162,-4.89054687874682,1.27740876852993,4.24804321703628
44,54,0.004483,0.028908,0.02764,231,1,8.55513734929583,-4.93476361376708,-8.55145028109247,2.08561992085859
45,54,0.010408,0.057023,0.0787,243,1,2.10468982007992,0.332926112951028,-2.1022801293442,-8.52647315016343
2,55,0.005685,0.024378,0.00206,134,1,-4.02001928722862,23.7673741251261,4.05171737431027,-23.8468793534849
5,55,0.004646,0.025193,0.02312,301,1,10.9012065810713,-2.02077250773415,-10.8958720320162,-0.355941743476876
48,55,0.000884,0.009205,0.02018,494,1,-55.8876180700529,-7.96552109695547,55.9146281039815,6.14994772595695
52,55,0.000248,0.001062,0.0,0,1,50.6927483036124,-17.4500410935986,-50.6858948680742,17.4793892732018
51,56,0.002763,0.015351,0.01278,263,1,-1.84006187837781,11.7890889498431,1.84420654244921,-13.1163747732474
52,56,0.019442,0.616915,0.0,100,1,-1.91962454118478,-1.11115201308168,1.92054414983975,1.14033215778794
3,57,0.000243,0.001088,0.0,0,1,212.39999996056,-40.7775579650208,-212.29225159976,41.259986839714
47,57,0.001382,0.010666,0.07136,240,1,-91.3007253054826,-7.86910543648591,91.4105281358533,1.20201697069877
56,57,0.022797,0.107396,0.01569,105,1,-1.777118540838,-0.480640984249539,1.7778271442159,-1.17093420738585
1,58,0.000277,0.001004,0.0,0,1,-41.0223597032586,-4.09667043603943,41.0268238081259,4.11285080169578
2,58,0.008929,0.098908,0.25149,451,1,-15.7001679521947,-13.4939156212889,15.7211088014401,-12.7595974238211
6,58,0.03637,0.08891,0.01164,98,1,-27.8766188430183,7.68150480601506,28.1699849496809,-8.18862869021013
51,58,-9.4e-05,-0.004862,0.0,453,1,30.1691209202446,-36.766824106042,-30.1711297715779,36.6629194764432
56,58,0.000213,0.001171,0.0,0,1,-73.716409885286,4.54279908116472,73.727425685431,-4.48223803905244
57,58,0.000235,0.001145,0.0,0,1,92.2467676744022,-24.9614484982623,-92.2264210257108,25.0605842972056
4,59,0.005603,0.149224,0.0,85,1,-8.75398559764201,-15.2497428328805,8.77143238909721,15.7144010531394
5,59,0.000248,0.001066,0.0,0,1,114.389086467086,4.59101741901695,-114.357857827115,-4.45678463591613
52,59,0.000216,0.001051,0.0,0,1,-91.2040676427248,16.4471185371319,91.2219042177071,-16.360330387565
56,59,0.007833,0.052372,0.02345,211,1,21.904454630732,9.5650545552635,-21.8601562833316,-11.7250928457447
8,60,0.004029,0.021286,0.00175,135,1,12.3780462944315,15.2859840387455,-12.3630768105784,-15.389786618702
10,60,0.000195,0.014747,0.0,1076,1,-38.6697062809489,-17.7423208166186,38.6731137301361,18.0000113456621
56,60,0.018637,0.079652,0.01216,137,1,26.4346262034919,1.86830988705152,-26.3100368595292,-2.61022473650119
61,62,0.000285,0.00108,0.0,0,1,-90.8238394125824,-22.6946613834388,90.8470562372235,22.7826409294472
67,68,0.010906,0.03091,0.00103,71,1,6.33838769378131,0.729606595253937,-6.33418630791107,-0.826662657009198
62,71,0.00087,0.003517,0.00043,159,1,48.6441236560505,-39.202515350221,-48.6126045957423,39.2835866551694
63,72,0.002198,0.013598,0.01154,233,1,11.6420401857884,-2.08287682533286,-11.6392313258322,0.857092010912453
66,72,0.00966,0.045187,0.00529,136,1,-5.1167917290545903e-14,-7.37216074947327e-13,7.2816806187515e-06,-0.569876764231009
67,73,0.000137,0.012739,0.0,1618,1,-33.1889068686573,7.27434516910758,33.1904005478842,-7.13545480653974
70,73,0.000207,0.015943,0.0,666,1,17.229341899589,31.9976023681957,-17.2267805142895,-31.8003262047417
71,73,0.00692,0.206257,0.0,95,1,10.8171060418535,-38.6316178008198,-10.6921851944892,42.3549991902432
70,74,0.00064,0.00771,0.5124,2295,1,7.63546449295082,-52.51536105664,-7.63146887922646,-2.90790904457001
73,75,0.090686,0.234992,0.01037,43,1,-5.27143483627936,-3.41921817880565,5.30234562084531,2.39105122005962
69,76,0.000454,0.008774,1.02301,2568,1,67.6814292839222,-48.7182375598215,-67.6619605130357,-61.0777666530378
75,76,0.017159,0.076764,0.00728,99,1,6.91887479631889,0.859261904636982,-6.91102245094251,-1.60907959956523
72,78,0.012963,0.02751,0.0027,57,1,3.12380170519478,-3.22221045841493,-3.12148821808233,2.93615470879744
75,78,0.003003,0.017637,0.0091,252,1,8.34277866293061,4.51966166291235,-8.340145950968,-5.48629413187486
70,80,0.000293,0.001066,0.0,0,1,-22.7677707428518,18.0488538594671,22.7700593323918,-18.0405274552022
77,80,0.000242,0.001186,0.0,0,1,21.123128895215,-7.59227173906946,-21.1220003456274,7.59780256473418
79,80,0.051312,0.216358,0.02727,114,1,3.98777210726918,-5.11625900804592,-3.97370628882559,2.24534359933618
71,81,0.00737,0.044692,0.02348,213,1,37.7954985665996,-0.651968857198601,-37.6978785814757,-1.28211492229461
76,82,0.000268,0.001076,0.0,0,1,10.7969488455015,9.9904627582197,-10.796409942381,-9.98829910240746
81,83,0.015018,0.053245,0.00894,173,1,7.56151022751572,-6.38492122519447,-7.54862564942823,5.46961455219208
82,83,0.000613,0.04314,0.0,401,1,-2.71480794517878,14.4981912989784,2.71603219834576,-14.4120342327043
76,84,0.00023,0.001087,0.0,0,1,-52.3509407625928,-5.16774135298144,52.356855563192,5.1956952149434
79,84,0.00537,0.10085,0.0,99,1,7.88430322770988,-4.27762001248874,-7.88025982535214,4.35355616291295
83,84,0.000216,0.001073,0.0,0,1,58.8493749754703,11.9339577000742,-58.8421432311559,-11.8980333405865
75,85,0.000281,0.001082,0.0,0,1,-20.5639990802284,-7.76997478756621,20.5652560100447,7.77481463831781
77,87,0.006548,0.024654,0.08322,155,1,-21.1231288949375,7.59227173904218,21.1590270849272,-16.4349223651132
82,87,0.058646,0.170935,0.00494,59,1,-2.52591834022014,0.19447890364898,2.52951186833435,-0.715806116720738
83,87,0.000465,0.006161,0.09166,1114,1,-54.0167815193713,-2.9915380201444,54.0293961957323,-6.71392072126221
76,88,0.001864,0.009614,0.00592,250,1,116.126974909713,57.86412484337,-115.834740913063,-56.9893583666462
85,88,0.011983,0.274413,0.0,52,1,4.81727846240625,-12.4931953516029,-4.79562020850635,12.9891735229651
70,89,0.01087,0.06371,0.03181,251,1,-2.09703564950195,2.4689048289822,2.09924191521118,-5.88597304544836
82,89,0.000219,0.001014,0.0,0,1,16.0371362279862,-4.70437110027064,-16.0365676245827,4.70700381191961
86,90,0.0042,0.03,0.055,523,1,-67.6512732754311,-21.1119197721077,67.8491195575122,16.7458659030866
88,90,0.000221,0.001106,0.0,0,1,146.921249058966,34.9718320969616,-146.873727088574,-34.7340072134632
86,91,0.010613,0.035124,0.008,74,1,54.0944166039241,16.569602527661,-53.7670629155837,-16.3108091614368
88,92,0.003304,0.116571,0.0,76,1,-15.0651292154317,2.09891031904394,15.0723358603283,-1.84464706170811
92,93,0.011759,0.070258,0.01692,146,1,-0.0090222703130584,-2.79365775890267,0.009423559652078,1.00514495621401
90,94,0.003842,0.02189,0.01393,208,1,5.75538735689301,1.02804299141348,-5.75407286491823,-2.4953165643923
93,95,0.000286,0.00115,0.0,0,1,-0.0094235596371022,-1.00514495615843,0.0094262863544211,1.00515592023156
91,96,0.018561,0.072523,0.01806,147,1,0.0001544623154866,-1.84135144802485,2.30160527812394e-13,5.04949741530502e-13
95,97,0.025621,0.801178,0.0,75,1,-0.0094262863165313,-1.0051559201672,0.009670556331982,1.01279433250234
89,98,0.005108,0.137989,0.0,216,1,13.9373257096488,1.17896923347055,-13.928036940234,-0.928039710608635
69,99,0.003948,0.018748,0.00278,123,1,-79.3841669077488,19.0135588987505,79.6284575291611,-18.1530190193929
85,99,0.01002,0.061282,0.04664,244,1,-25.3825344709434,4.71838071317995,25.4471314014041,-9.35517375258074
63,100,0.000228,0.001034,0.0,0,1,11.847803364512,-52.2415940198305,-11.8417303421238,52.2691357090821
69,100,0.00027,0.001157,0.0,0,1,-45.7566872564007,-13.1018661901721,45.7623621738626,13.1261842624069
79,100,-0.000143,-0.009031,0.0,543,1,-25.2944603053024,54.2938848435469,25.2896592627459,-54.5970891465329
97,100,0.000256,0.00111,0.0,0,1,58.9954649302717,-119.656491154556,-58.9531194983114,119.840098300946
80,101,0.038483,0.108106,0.00702,70,1,-7.74013744434864,5.16150963000601,7.77241005218446,-5.82725871372258
65,103,0.029337,0.14185,0.0373,206,1,-0.102047722065902,-3.37100126244208,0.102570172404561,-0.623226110401435
97,103,0.000287,0.001193,0.0,0,1,-59.0051354859273,118.643696822133,59.0519679754323,-118.449023790846
99,103,0.005718,0.029953,0.01857,235,1,43.3923880450983,-2.99330008460772,-43.292220158451,1.52117977229879
101,103,0.000294,0.00108,0.0,0,1,40.4469747729723,37.6050026342352,-40.4386296237763,-37.5743469841276
101,104,0.021464,0.110251,0.08312,141,1,-7.51931096282912,-4.79441994688953,7.53062633572245,-4.09581666634422
102,104,0.00023,0.001191,0.0,0,1,7.01071517867505,1.19176085376491,-7.0106073455327,-1.19120246562345
102,105,0.004329,0.030754,0.02716,217,1,-7.0107151787655,-1.19176085377253,7.0126907751221,-1.72436309934526
104,107,0.00247,0.01686,0.00287,221,1,-32.151530468417,6.1680601771318,32.1761189567207,-6.30969662270444
99,108,0.001147,0.007085,0.01313,312,1,-47.105620574857,-3.14173417035818,47.1293129887424,1.8728997828421
105,108,0.00366,0.025,0.00425,221,1,-21.9796234115679,4.11020158351948,21.9966480551154,-4.45240601861537
106,108,0.003327,0.015525,0.01853,269,1,163.493545061379,-6.66740537254213,-162.674462149223,8.48313289358841
107,108,0.000416,0.002456,0.00171,213,1,-93.5146164655286,5.91928750672958,93.5485011099152,-5.90362665867818
69,109,0.000219,0.00117,0.0,0,1,-37.0709153675686,15.4922052292471,37.0741954260823,-15.4746816289682
99,109,0.01002,0.041382,0.00374,154,1,34.5531771157734,-8.90208779880336,-34.435067675985,8.98694368338159
103,109,0.015821,0.037787,0.00087,41,1,2.64641961775069,-6.56389463506488,-2.63912774945766,6.48773794536026
101,110,0.001924,0.017359,0.06038,501,1,19.0319712461884,9.93947969882872,-19.022373681256,-16.3250341333472
105,110,0.044362,0.084435,0.00833,63,1,14.9669326359432,-2.38583848404524,-14.8732982216762,1.66927597316997
107,110,0.030184,0.07681,0.002,48,1,20.9634698714874,-2.43555082435782,-20.8389081377874,2.53779536822115
101,111,0.000151,0.002621,0.29155,1436,1,-59.7320451111606,-36.9228036720572,59.7376939559672,5.67344993041587
104,111,0.003527,0.021284,0.03958,250,1,31.6315114781135,-0.881041045125273,-31.5987412823714,-3.18479232315267
106,111,0.004529,0.143149,0.0,91,1,28.1725458839545,3.55044487664503,-28.1389526730832,-2.48865760726505
109,113,0.000259,0.001029,0.0,0,1,0.0,0.0,0.0,0.0
112,114,0.005968,0.028585,0.00678,171,1,-16.0634851291281,16.8453526853235,16.0945938477809,-17.4143607865385
63,115,0.007369,0.026166,0.00293,160,1,-5.24144943914644,16.2680999729915,5.26178403094915,-16.5104068836218
65,115,0.001067,0.005085,0.00193,195,1,-10.5185097531907,2.25790369102938,10.5196691414672,-2.45879650573731
107,115,0.008267,0.033457,0.0042,107,1,40.375027636066,2.82595994062464,-40.2493064942677,-2.76814928608955
112,115,0.005185,0.024973,0.00802,114,1,16.0634851431485,-16.8453526825114,-16.0377480300737,16.1141941991318
62,116,0.004829,0.040212,0.06963,507,1,-139.491179924918,16.4198744270195,140.38198789978,-16.5009701608167
106,116,0.007787,0.04983,0.01768,184,1,-60.9300777807883,19.4862609557972,61.2259696272269,-19.505931112104
61,117,0.002514,0.014004,0.02108,300,1,69.6404584523966,-17.6264748646563,-69.5207727133439,16.0240352350402
64,118,0.0091,0.0889,0.17104,548,1,0.0,0.0,0.0071818332033905,-18.2468483740083
67,118,0.005173,0.024986,0.00251,127,1,15.2018992677138,-11.0722663182152,-15.1847622472282,10.888781347115
63,119,0.005218,0.015861,0.0027,141,1,-28.014469094267,6.64738831563509,28.0547163305065,-6.81603289262382
117,119,0.000531,0.005833,0.16311,1309,1,41.2505074732958,-21.5873024715382,-41.241310134016,4.11194589025669
63,120,0.00212,0.0148,0.00242,221,1,-9.03400532479269,27.2753873969299,9.05039135355405,-27.4207725205808
65,120,0.000795,0.004907,0.01448,293,1,1.89322264810707,-1.85528375030469,-1.89318732030484,0.306765078764855
79,120,0.000277,0.001083,0.0,0,1,6.21194929865805,-48.8148766584909,-6.20567230150898,48.839418131099
100,120,0.000336,0.025091,0.0,533,1,-10.0742250962155,-132.763882729731,10.1336831525166,137.203948475713
103,120,0.000256,0.00117,0.0,0,1,21.9298920168289,161.68931174833,-21.8664003005673,-161.399134763853
125,126,0.000298,0.016592,0.0,1003,1,22.5444541938173,6.22470666417043,-22.5428869106263,-6.13744370207392
122,127,0.001431,0.063216,0.0,175,1,3.63228054527153,-4.52619194040469,-3.63183323098591,4.54595254129867
124,127,0.013089,0.04913,0.02949,151,1,32.555713801069,-8.77997150062805,-32.4215450119297,6.08779962293968
121,128,0.01002,0.061282,0.04664,244,1,-25.0728173748527,-7.15981603639541,25.1340810193738,2.54643275527083
124,129,0.001884,0.135189,0.0,100,1,47.8967554207691,11.8316931838784,-47.8544618246566,-8.79685827684396
125,129,0.002197,0.067321,0.0,122,1,-32.0663504146361,-9.38932989360538,32.0899333727879,10.1119645434632
121,130,0.015591,0.070159,0.01482,145,1,8.57576945303978,0.515397924515048,-8.5647436938662,-2.03929940292333
128,131,0.00244,0.016173,0.00983,170,1,31.6567219967411,-6.30808774855996,-31.6332169177633,5.40700785134904
128,134,0.000215,0.001168,0.0,0,1,20.9460988504405,2.06398643109697,-20.9452128362086,-2.05917310726956
132,135,0.021755,0.06223,0.00204,51,1,37.2096266606326,-5.34042328129415,-36.9257685483857,5.93257964234517
133,135,0.002722,0.024622,0.06855,538,1,100.329175597019,-37.3359507217747,-100.041853466629,32.6200398511783
131,136,0.001324,0.007362,0.00389,252,1,31.6332169181869,-5.40700785142664,-31.6205636434367,5.05907468607796
132,136,0.001731,0.045286,0.0,384,1,-40.1725293446777,9.43256591114974,40.1997687347887,-8.71993562774922
134,136,0.029453,0.073559,0.00178,64,1,8.60323133290595,-3.79221476245964,-8.57920509272006,3.66086094243968
132,137,0.000298,0.001102,0.0,0,1,2.96290268690967,-4.09214263082427,-2.96283239465113,4.09240257065282
133,137,0.009562,0.040609,0.00605,133,1,-1.96429217857779,-25.5443040697185,2.02196632537354,25.1408732891871
134,139,0.005415,0.126341,0.0,75,1,-18.1249301048336,-0.408023413851861,18.1414888118007,0.794365721687993
127,140,0.000291,0.001001,0.0,0,1,99.3767159105282,-30.9884950698994,-99.3476019335301,31.0886431488514
137,140,0.000212,0.001138,0.0,0,1,-12.5361051432538,-39.7860076115904,12.5395140203099,39.8043062063542
133,141,0.00022,0.001134,0.0,0,1,-66.4889823916062,37.0205194530527,66.5009884938853,-36.9586334531233
138,141,0.021866,0.064993,0.00645,128,1,93.9033513343157,-11.1326300141491,-92.1009097088881,15.798489435772
138,142,0.000238,0.001146,0.0,0,1,1148.49612076147,-89.3612331499071,-1145.58206643988,103.392772026151
139,142,0.005304,0.023283,0.00246,136,1,-18.1414888072607,-0.794365722207814,18.1576985841982,0.599977110781015
140,143,0.000474,0.022542,0.0,544,1,-43.9905033455158,-91.0403840374652,44.0380837430647,93.3031631968473
138,144,0.001568,0.042496,0.0,270,1,111.900523303123,16.9560745900282,-111.715208710449,-11.9336709355261
143,144,0.003509,0.012458,0.0259,222,1,-73.5831129412004,-10.7830774031329,73.7652067727672,8.67317000985829
129,147,0.003595,0.015635,0.00179,139,1,24.071770454428,-6.43675789562328,-24.0506463048757,6.3398330440252
145,147,0.000851,0.004889,0.00386,202,1,-24.0456760698667,5.9611744543496,24.0506463087957,-6.33983304384679
143,148,0.003868,0.021127,0.00688,165,1,1.15905027500749,-17.1034725330776,-1.14878153835891,16.4275661215294
146,148,0.004562,0.024702,0.03661,253,1,-42.5186782127218,8.57710753784913,42.6005897710354,-12.0437034427468
141,149,0.003488,0.017049,0.01219,217,1,1.04220004466729,19.3260194887281,-1.02904633010335,-20.5504732682748
123,150,0.003323,0.01873,0.01111,117,1,26.3989567498196,5.78239733777572,-26.3761891229002,-6.84784878360057
128,150,0.007311,0.039198,0.00723,143,1,69.7802675556097,-9.24238824981543,-69.4437735255452,10.2702082122942
129,150,0.107024,0.283535,0.01286,59,1,-14.6468846648671,2.04210776543183,14.8721085761976,-2.81311743994183
146,150,0.002034,0.011516,0.01511,238,1,-3.21504016825061,-16.7070007065953,3.22004848935229,15.1177525259846
144,151,0.037029,0.099102,0.00401,64,1,-3.52896192807528,-0.336900126626475,3.53328480047951,-0.0803910429587957
146,152,0.000234,0.001088,0.0,0,1,30.3064507587462,5.09715520920588,-30.3043826982114,-5.08753961150569
143,153,0.000128,0.009433,0.0,1271,1,-271.069926157189,-58.2847827335794,271.162718413268,65.1231370429233
143,154,0.00268,0.010941,0.00082,130,1,65.4444286049982,16.7451875873784,-65.3290645499781,-16.3608826213189
149,154,0.000295,0.001107,0.0,0,1,1.02904633020528,20.5504732683185,-1.02786110005111,-20.5460256419434
151,155,0.001638,0.043323,0.0,270,1,-15.0536660981677,-1.50060970069058,15.0571666667421,1.59319525157492
150,156,0.021213,0.087233,0.0103,133,1,79.0371679050472,-19.5263357692146,-77.7303293900294,23.7934130059341
128,157,0.000223,0.001097,0.0,0,1,-147.517169363492,10.9400568070838,147.562560538819,-10.7167647921358
155,157,0.00273,0.016671,0.00751,177,1,5.40407223000324,-9.24111462777434,-5.40134108783174,8.45116328033192
127,158,0.016374,0.066107,0.00486,129,1,-61.6233254192484,19.9155499218139,62.2589781326859,-17.8744555594869
142,158,0.000263,0.001103,0.0,0,1,696.43074318677,-64.0654304494671,-695.240279132105,69.0581371121871
148,158,0.002523,0.086898,0.0,102,1,-41.4518082323778,-4.38386267764579,41.4928749640535,5.79829662499382
155,159,0.007962,0.05497,0.02786,201,1,-40.4619455050576,1.99049177328893,40.5843586992694,-4.13831612602553
157,159,0.001628,0.016501,0.2238,1048,1,-142.16121943281,2.26560150864783,142.470261860343,-23.205528827899
153,160,0.000293,0.001163,0.0,0,1,-271.162718391447,-65.1231370505058,271.375125665099,65.9662416896087
142,162,0.000211,0.001032,0.0,0,1,427.21055759185,-40.7689869258736,-426.850933640983,42.5279059651814
158,164,0.000272,0.001158,0.0,0,1,310.737520018637,-75.793490806629,-310.479483167742,76.8920447527184
160,164,0.000222,0.001025,0.0,0,1,-271.375125663579,-65.9662416878428,271.536062232692,66.7093046758641
161,164,0.020867,0.075477,0.00995,129,1,-3.00178639876989,3.10796574940945,3.00608593321433,-4.16759277619248
163,164,0.000894,0.015079,1.19547,1999,1,-25.7696936972194,15.8380487066408,25.8292550295673,-145.197148306744
133,165,0.000423,0.002476,0.00183,258,1,-31.8759010250602,25.8597353382361,31.8826367833828,-26.0144146989932
143,165,0.001337,0.007202,0.00199,234,1,97.5461200274533,-16.0469341199587,-97.4229488680235,16.4994156667283
150,165,0.000292,0.014778,0.0,324,1,-30.5450023465171,-2.76691503720699,30.5475956121168,2.89815914348775
159,166,0.002477,0.015517,0.00714,209,1,84.3571358255376,-37.9242237973666,-84.1608470218297,38.3829802817102
161,166,0.006811,0.019675,0.00078,55,1,3.00178640093207,-3.10796574950442,-3.00062830666312,3.02682932224761
163,166,0.02572,0.076212,0.0013,47,1,2.8986971217894,11.4700699844875,-2.865660263139,-11.5142670450004
162,167,0.00084,0.005568,0.00195,218,1,140.064158020984,28.4597079151164,-139.905173434525,-27.6158619079483
159,168,0.000245,0.001144,0.0,0,1,-267.411756352729,65.2680687457214,267.584305476237,-64.462369981262
162,168,0.0001,-0.002326,0.0,541,1,271.941803209972,-74.5838034278012,-271.868153089152,72.8707016175424
163,168,0.107503,0.227969,0.01123,62,1,-4.20463473363233,7.35327274795281,4.28384758277188,-8.40833163276305
163,169,0.00073,0.00718,0.01381,647,1,208.609728889366,83.3912642506947,-208.274692465194,-81.6082444785083
166,169,0.002532,0.015907,0.06113,227,1,90.0271355974192,-29.8955425599727,-89.8212200916906,24.5531907929061
143,170,0.000978,0.012635,0.33844,1201,1,78.9944210903142,-36.721903660285,-78.9336198144076,1.56179022939778
121,172,0.002315,0.013071,0.01106,221,1,69.5429221795598,13.1748615582041,-69.4335751673068,-13.7305084285783
163,172,-0.000349,-0.019299,0.0,473,1,-181.534097621781,-118.052655692209,181.385662405932,109.844485976806
169,172,0.005185,0.037388,0.00821,210,1,58.9720858317953,32.7757635774071,-58.7536738511034,-32.0813034708564
171,172,0.000244,0.001125,0.0,0,1,19.2043196969644,46.7508234919794,-19.1984307450447,-46.7236715620217
124,174,0.000282,0.0011,0.0,0,1,-208.074640880613,-14.4700036247938,208.187787107796,14.9113541563589
169,174,0.00028,0.001021,0.0,0,1,239.12382683906,24.2792900857122,-238.975101373909,-23.736973300289
167,175,0.00049,0.027962,0.0,412,1,139.905173419546,27.615861907971,-139.812406073876,-22.3220649291673
171,175,0.000247,0.001147,0.0,0,1,60.8075623976334,-31.7207014632002,-60.7965851388603,31.7716768308632
173,175,0.003482,0.019503,0.00437,239,1,144.98758185258,11.4584420949251,-144.30079137149,-8.07740578351828
171,177,0.002413,0.013049,0.00616,262,1,-80.0118818611191,-15.0301220369586,80.1627658127133,15.1916934559643
176,177,0.001838,0.010299,0.00288,220,1,160.160144837952,5.15697389387705,-159.720236331608,-3.00003717446381
121,178,0.002577,0.013111,0.0011,182,1,-62.713459981771,-8.88404894405827,62.8106041901115,9.26094221473783
176,178,0.000265,0.015658,0.0,765,1,62.8205912244583,9.85103590538837,-62.8106043263459,-9.26094212937412
122,179,0.000298,0.00106,0.0,0,1,-3.63228048118044,4.52619192208118,3.63237363258129,-4.52586057817212
123,179,0.000808,0.004113,0.00432,207,1,-21.5989590870563,-5.78239734485943,21.6026916019041,5.33614478406532
124,179,0.000993,0.013621,0.1667,1123,1,107.606997136389,9.22274309377133,-107.497899096308,-25.7436716003008
176,179,0.005323,0.02719,0.04063,266,1,88.5935552879574,-26.5976727361366,-88.1745787859794,24.3694765231673
177,179,0.003775,0.019989,0.00251,137,1,37.8417902132633,-34.965564286352,-37.7481325970217,35.1924711498169
158,180,0.000408,0.004971,0.10258,1198,1,277.325395727938,18.3564163739443,-277.032254808465,-25.824026534155
173,180,0.000296,0.001159,0.0,0,1,-151.500589536083,-13.6427061734637,151.564437388049,13.8927050262627
176,180,0.000233,0.001032,0.0,0,1,-227.374296546507,3.18462706631021,227.486589992514,-2.68725867026287
186,188,0.003284,0.009942,0.00184,75,1,-24.3505889085016,-0.325797678043979,24.3691535451128,0.188833058267208
184,189,0.0002,0.001108,0.0,0,1,29.6820700594159,-23.6834359723989,-29.6793387711206,23.698567309555
181,190,0.003062,0.086004,0.0,98,1,27.3620194130289,1.64918534391374,-27.3402161456787,-1.03678553816962
181,191,0.01325,0.072246,0.06143,238,1,15.1389067665542,-1.62137573052611,-15.1098000051556,-4.68316332690566
183,193,0.011391,0.348672,0.0,182,1,0.0,0.0,0.0,0.0
187,193,0.0029,0.02003,0.01305,262,1,-22.0053027857433,-57.9942386470108,22.1081025289025,57.301342461675
185,195,0.077292,0.234067,0.00289,44,1,-33.0004572747533,-6.41841851154665,33.9058372076102,8.86916413798022
190,195,0.00028,0.00106,0.0,0,1,40.5391258889416,7.02956086133798,-40.5346170866179,-7.01249182396969
190,196,0.010038,0.041953,0.00812,153,1,2.05791467034053,-7.3293680616512,-2.05296087664402,6.49425867883529
187,197,0.005059,0.020883,0.02242,263,1,64.3161087257707,-16.4687324790315,-64.1081053940446,14.9443694633289
188,198,0.01395,0.055836,0.00376,109,1,-18.8691581197702,-0.188833078163206,18.9164320990376,-0.0180016120556348
195,198,0.011964,0.279625,0.0,28,1,0.506440936100309,-0.936969416489781,-0.506311789171338,0.939987864334455
196,198,0.000251,0.001032,0.0,0,1,42.2816658995758,20.5548590013532,-42.2764156275434,-20.5332722255071
197,198,0.018215,0.069633,0.04133,123,1,2.18574393234625,2.19261031627072,-2.18162391123592,-6.55562263672466
194,199,0.0068,0.043,0.0058,150,1,2.89009910052179,0.905290493751886,-2.88947032061201,-1.51717298393933
197,202,0.000282,0.001058,0.0,0,1,-40.7767021110075,59.7728437158502,40.7905924432821,-59.7207303415715
199,202,0.000208,0.001101,0.0,0,1,17.8510650208352,-38.3330547132033,-17.8475599913816,38.3516077777628
200,202,0.008449,0.037093,0.00599,138,1,24.3779135025891,-15.3075273550387,-24.3123063796821,14.9616233538271
195,203,0.082447,0.203214,0.00414,55,1,-0.216359859771466,-1.7319141621489,0.218195823345778,1.30002180795505
196,203,0.000261,0.001014,0.0,0,1,-40.2287050168725,-27.0491176802381,40.234509684634,27.0716691480933
199,203,0.001206,0.006823,0.00284,225,1,17.0487458130763,23.9625898123696,-17.0388338703677,-24.2073420612699
202,203,0.005806,0.029599,0.01368,221,1,3.36927162272192,6.16853253107508,-3.36605165332787,-7.60170995445285
197,204,0.017272,0.073533,0.01108,138,1,-14.2536184782542,7.81229326549818,14.2981012002653,-8.79658550314273
200,204,0.126301,0.297804,0.01426,52,1,-0.340043043764486,-0.75276603821762,0.340181502894235,-0.751615982069156
201,204,0.004125,0.02221,0.02966,243,1,-13.4200134622632,-5.4436568776697,13.4276605465509,2.358052937902
199,205,0.00234,0.011277,0.00238,115,1,3.51626200443926e-07,-0.252545337910159,-1.58915228900488e-13,-1.45522970381997e-12
187,206,0.000205,0.001025,0.0,0,1,17.9880276255799,22.5037314485464,-17.9864267645749,-22.4957271435216
189,206,0.000117,0.009265,0.0,893,1,79.9057121736374,-33.3122591272186,-79.8974105661387,33.9696471056366
194,206,0.081688,0.397925,0.02907,138,1,-2.89009909943046,-0.905290493657317,2.89683464198675,-2.15037784559184
199,207,0.006334,0.018698,0.00145,145,1,-32.0103408517144,16.140183223794,32.0872040876021,-16.0670009276086
203,207,0.01092,0.037292,0.00351,124,1,-20.0478199710273,3.43736106040076,20.0906817288204,-3.66244286920057
200,208,0.000216,0.001006,0.0,0,1,-37.7347448493557,9.44573025092667,37.7378435231929,-9.43129846444408
189,210,0.00473,0.02084,0.0097,187,1,33.1221610837777,-9.34907915417127,-33.0695367419569,8.55606720200459
207,210,0.002136,0.011108,0.01373,216,1,-52.1778858146231,19.729443797061,52.241231031147,-20.8526681958045
201,211,0.002752,0.015392,0.01674,275,1,-11.3344288685067,-4.20525326367552,11.3380759099314,2.46190557744018
208,211,0.000283,0.001094,0.0,0,1,50.922842467646,0.530663710789486,-50.9158839775836,-0.503764106096023
208,213,0.000204,0.001064,0.0,0,1,-88.6606859940596,8.90063475708345,88.6760428902579,-8.82053800436287
193,214,0.000205,0.015911,0.0,869,1,-39.8170094413988,-58.1358421512325,39.8268453900751,58.8992557092301
206,215,0.017114,0.12925,0.11163,252,1,19.1815646813408,-2.96254337252913,-19.120872386227,-8.36161603163223
212,215,0.000224,0.001055,0.0,0,1,-19.1199421001617,-8.35723454988896,19.12087238634,8.36161603166614
212,216,0.007307,0.034326,0.06555,239,1,24.3906666631707,-2.30725278211453,-24.349115757862,-4.35595548955077
186,217,0.013178,0.052779,0.01228,132,1,-10.0632777951139,3.72416752129769,10.0783968875475,-4.95060044617282
214,217,0.028162,0.117419,0.03427,147,1,25.4489818964982,-4.73353826663893,-25.2735810876658,1.86531880154151
210,218,0.004541,0.020205,0.00263,157,1,35.3382244801863,4.81909565433885,-35.2835120140894,-4.8529322495337
214,218,0.026788,0.530052,0.0,27,1,3.00121521349326,0.0516563257646658,-2.99892445833683,-0.006329337852939
217,218,0.001392,0.038934,0.0,328,1,-38.2627265376392,-4.30797806180829,38.2824364741277,4.85926158712686
209,219,0.011296,0.05036,0.01424,144,1,4.5526674348630604e-14,-3.90140570661183e-15,6.06252752721748e-05,-1.50676466093146
213,219,0.003139,0.017912,0.00349,127,1,-73.4025695411107,4.71704885823368,73.5636083618459,-4.16680766491903
212,220,0.00183,0.011478,0.00558,204,1,-15.179799204497,9.80029291079329,15.1855992877196,-10.3484422988106
217,220,0.000273,0.001126,0.0,0,1,69.4626472373923,1.33659295582166,-69.4500623434926,-1.28468603079949
213,222,0.000295,0.001186,0.0,0,1,-29.8886099215895,0.939322080216933,29.8911105376051,-0.929268756167934
217,222,0.015036,0.064856,0.01109,153,1,-30.9712698805835,0.752190574988181,31.1092693228373,-1.32258053565192
221,222,0.004377,0.028862,0.01955,290,1,61.1551968906347,-3.29729372314807,-61.0003796822293,2.25184928688383
214,223,0.021535,0.076359,0.00895,127,1,-32.2004105628148,1.95422961171053,32.4135386967064,-2.14633622291962
221,223,0.008987,0.040267,0.00962,256,1,-43.7238605585345,2.6810555596935,43.886992808428,-2.97139594956545
214,224,0.039725,0.073918,0.0019,71,1,-25.7263410646844,7.76463739128868,25.9991993327828,-7.45798958491667
219,224,0.00017,0.011523,0.0,1312,1,-171.477306629776,-17.4873472073956,171.525048345496,20.7233930323469
221,224,0.010981,0.051182,0.01506,146,1,-28.6497835144969,1.54543181183102,28.7354795722189,-2.74366672043231
223,224,0.000227,0.001066,0.0,0,1,280.661043055383,10.571707254803,-280.492815332037,-9.78170393724069
189,225,0.000235,0.001199,0.0,0,1,-58.8816378449032,17.0458952763386,58.8899978340522,-17.003241544468
197,225,0.000516,0.032175,0.0,375,1,-68.7369809665674,-8.08823639628337,68.7605269646952,9.55643889582209
189,227,0.002817,0.013368,0.00152,162,1,-24.4668966171891,1.9168756933775,24.4829680597689,-2.00122670170353
210,227,0.000735,0.035205,0.0,480,1,-30.2466137839921,0.42245418979991,30.2529774130998,-0.117649342539977
214,227,0.00494,0.019321,0.01098,182,1,-10.0495586219483,-7.05550524091113,10.0562607775189,5.9229199602565
217,227,0.004593,0.15171,0.0,163,1,-21.4095308345426,-2.32794095916289,21.4298749493786,2.99992129048727
219,227,0.000224,0.001027,0.0,0,1,84.8972902141699,20.9120207452459,-84.8811034462209,-20.8378073046943
225,227,0.00022,0.001011,0.0,0,1,-253.767688655574,6.74924385674115,253.90192887554,-6.13234902771626
219,228,0.004948,0.027139,0.00941,269,1,13.0163502178644,2.24889900161235,-13.0080732639586,-3.19771327695855
226,228,0.000213,0.00108,0.0,0,1,-4.93238977238749,-14.4128934653721,4.93285836575407,14.4152694317378
227,229,0.010924,0.046378,0.00483,99,1,6.73656545023614e-06,-0.510618737285203,7.69510933479764e-14,3.6002959200889497e-13
221,230,0.027761,0.066761,0.00485,50,1,11.2184481039096,-0.929193784724207,-11.1853319235927,0.49658802425637
210,231,0.007355,0.03403,0.02366,166,1,-24.2633049845754,7.05505115113442,24.3090749758154,-9.34145723991076
214,231,0.000269,0.001087,0.0,0,1,-0.300731044181447,-56.8807359093512,0.30899161954431,56.9141160038473
227,231,0.013377,0.064611,0.01153,115,1,2.97905405378476,0.527946214242317,-2.97776732908911,-1.73928913158524
181,232,0.003996,0.020406,0.02298,189,1,-59.8737396392642,0.163488422133481,60.0095624782485,-1.89987742158305
231,232,0.002648,0.015694,0.02057,271,1,-89.7113660152295,-0.494771794898295,89.9134058204381,-0.482532933055734
224,233,0.008573,0.048205,0.02722,221,1,47.01182796357,-1.20762307929992,-46.8335659908986,-0.672686292796669
225,233,0.035545,0.068843,0.00278,53,1,-0.242184072208192,0.712682847556791,0.24245243234847,-1.00562834831007
226,233,0.000271,0.001117,0.0,0,1,-44.1344080484328,-2.35530626902179,44.1394265645483,2.37599144430199
228,233,0.003399,0.014933,0.00185,137,1,-2.92546706343162,0.703857796650772,2.92576344511858,-0.89775754569019
231,233,0.001454,0.069739,0.0,155,1,0.47407937545895,-0.199905656811781,-0.474075726695013,0.200080664479031
227,235,0.027831,0.063653,0.00202,63,1,14.3346516241295,3.33342443165207,-14.2774382501465,-3.41487078735101
182,236,0.043614,0.112767,0.00526,76,1,-13.8746651842248,-4.54907608104626,13.9645842366798,4.23788878270325
186,236,0.001085,0.046197,0.0,162,1,-63.0828169514145,7.08562558891041,63.1244964704067,-5.31100002311997
230,236,0.003038,0.121373,0.0,78,1,5.7330473883451,3.54996280811631,-5.73173620991189,-3.49757911490554
231,236,0.053501,0.266334,0.02825,109,1,2.94859102725046,-0.14975674577103,-2.94327043819611,-2.78929923340367
235,236,0.000276,0.001048,0.0,0,1,68.4265832771853,-7.31249072678626,-68.4140740323938,7.35998959831365
187,237,0.000459,0.008666,0.0,131,1,-73.6247043955105,46.5592490940056,73.6574753503542,-45.940527754844
192,237,0.000216,0.001153,0.0,0,1,40.7999972559429,-4.32932884342703,-40.7965526196741,4.34771618425083
204,237,0.007334,0.029395,0.00262,149,1,-28.0659431886463,7.19014854071365,28.1243998948424,-7.23241032500148
225,237,0.000249,0.00115,0.0,0,1,126.359348416396,-0.01512409696343,-126.321704539626,0.188981359154601
230,237,0.00473,0.03294,0.00539,300,1,5.45228480157598,-4.04655091597497,-5.45031454404747,3.49188284787448
234,237,0.000242,0.001041,0.0,0,1,-46.2205986610169,-25.9805766105875,46.227048973339,26.008323615246
235,237,0.00523,0.021015,0.00349,116,1,-24.5112657994993,-19.3081399934516,24.5596483256648,19.1360340065618
184,238,0.000261,0.001067,0.0,0,1,-29.6820700235811,23.6834359642527,29.6856343548003,-23.6688645412225
228,238,0.000217,0.001041,0.0,0,1,-3.40871572816761,-15.877896453248,3.40925809574338,15.8804983179779
231,238,0.000239,0.001066,0.0,0,1,64.6483963731827,-44.9889354368563,-64.6343412622722,45.0516247599971
181,239,0.00562,0.02757,0.00462,130,1,17.3728134624498,-0.19129803570635,-17.35673939304,-0.216919786915184
234,239,0.000229,0.00109,0.0,0,1,39.2098841779346,58.5102505067539,-39.1991134325807,-58.4589836402225
235,239,8.7e-05,0.007875,0.0,1235,1,-44.2471409844343,-52.8330942804953,44.2510953362656,53.1910312997134
238,239,0.013174,0.306547,0.0,50,1,0.820720374465323,2.50939748331473,-0.819861196662599,-2.48940519715316
234,240,0.002006,0.070988,0.0,255,1,7.01071448713741,-32.5296738950002,-6.98912457387605,33.2936942153368
235,240,-0.000302,-0.01909,0.0,546,1,-8.71741685852361,79.2957243153671,8.69902335677638,-80.458412886078
238,240,0.001,0.052058,0.0,250,1,13.5797004611196,-43.6243596670593,-13.5594258539959,44.6798151647063
242,244,0.010873,0.027267,0.00063,46,1,8.76416463973905,16.3434924478692,-8.7287157647856,-16.3209227604524
244,245,-0.000279,-0.011566,0.0,243,1,21.6720339467281,18.8319276710261,-21.6742296721609,-18.9229519016938
241,246,0.049759,0.141687,0.00339,41,1,-13.4850671212031,-5.87644990861638,13.5878717224789,5.81239261626165
242,246,0.001336,0.007793,0.00071,203,1,-41.1993960834037,-52.2677387584831,41.255265896056,52.518168756561
243,246,0.000283,0.001069,0.0,0,1,21.4154069754611,84.3322739643757,-21.395373077889,-84.2565982170098
243,248,7.5e-05,0.003636,0.0,825,1,-23.6708156320895,-92.5451177480574,23.6771353169672,92.8514960709656
241,250,0.016051,0.035273,0.00308,50,1,-2.14613495585731,1.51896001028966,2.14728356241598,-1.83589658567005
248,252,0.00249,0.01461,0.0073,251,1,3.61522134676578e-06,-0.795495821196058,-3.63332500106748e-13,-2.94472140758351e-12
243,253,0.004782,0.023363,0.00837,142,1,0.902237950742009,3.82681184278135,-0.901384584343919,-4.71687612011923
244,253,0.002828,0.087586,0.0,147,1,-3.89546587892143,-11.1855527538041,3.89925369363862,11.302865179483
246,253,0.000253,0.001093,0.0,0,1,2.99799322569064,6.58652527273263,-2.99786910657994,-6.58598905855083
246,255,0.000261,0.001073,0.0,0,1,-115.676877863382,-102.221649217756,115.735142520166,102.461181695645
251,255,0.001852,0.022821,2.43621,2739,1,-43.0382317014942,-59.4728139462818,43.1633917649527,-203.654444999221
249,256,0.002396,0.015384,0.00465,248,1,24.7885775273755,-8.06429821432511,-24.7729936482443,7.68101354878836
254,256,0.000783,0.004703,0.00274,212,1,10.5297446497018,29.4145595754537,-10.5223537524177,-29.6555485545192
247,257,0.003878,0.018268,0.0152,211,1,-19.619993732933,-4.54740568942239,19.635538744859,3.10425517954346
257,258,0.022697,0.088659,0.00899,147,1,-43.9146493275056,-4.62077230787016,44.3567179719405,5.43639095631026
254,259,0.000656,0.033206,0.0,275,1,-10.5297446731168,-29.4145595688959,10.5360382292894,29.7331324747885
256,259,0.002836,0.012402,0.00455,175,1,-25.0798855244204,17.138329161543,25.1052685239188,-17.4999047527962
250,260,0.001394,0.006609,0.00237,215,1,-11.2359022137489,-0.619525291512687,11.237602660839,0.381781980771629
256,260,0.001841,0.01235,0.00859,220,1,43.8674848290806,4.16310058667975,-43.8330460723693,-4.82432208221421
258,260,0.010689,0.048761,0.02094,219,1,-25.2352412451196,-4.9208458525682,25.3029907721844,3.06744926322089
256,263,0.022685,0.137726,0.02221,146,1,2.82845346362058,-1.25809720998816,-2.82670622510093,-1.04019083656649
257,264,0.001006,0.031472,0.0,229,1,-129.804623869595,-42.9845685697932,129.992888514841,48.8742951256363
259,264,0.001953,0.064994,0.0,117,1,28.3990695939378,4.47834515684912,-28.3835057131968,-3.96039386914612
249,265,0.000206,0.001006,0.0,0,1,-22.5374379508118,50.15721162031,22.543433899433,-50.1279304343252
259,265,0.000251,0.001196,0.0,0,1,-64.0403761964843,-16.7115729121639,64.0509768326732,16.7620843100999
251,266,0.016519,0.05521,0.01555,124,1,8.3427158005188,48.1962591236643,-7.97175487915105,-48.6271400612287
262,266,0.000295,0.001155,0.0,0,1,23.9013987458857,-35.0229561484599,-23.8963265641899,35.042815029337
258,267,0.000248,0.001066,0.0,0,1,-19.1214767256178,-0.515545103961879,19.1223593987685,0.519339174843344
261,267,0.008681,0.035429,0.00354,149,1,19.8144407590888,-2.15743588041269,-19.781026425079,1.92949091935057
264,267,0.003066,0.014707,0.01031,241,1,16.1272133034236,4.47231630618662,-16.1187309993853,-5.49291249506149
250,268,0.003296,0.084727,0.0,148,1,9.08861864799401,2.45542189006614,-9.08580146583244,-2.38300338490736
262,268,0.004428,0.023608,0.00842,147,1,73.4831853229151,14.7980478616267,-73.2446899168631,-14.4013078943976
264,268,0.000259,0.001065,0.0,0,1,-117.736596139169,-49.3862175614217,117.777561898113,49.5546674968509
242,269,0.003283,0.016273,0.01347,149,1,14.2622821014967,30.2334476800563,-14.2262613886973,-31.4729437739233
262,269,0.010443,0.040205,0.00638,133,1,-5.80457946545087,-0.802938607725617,5.80796641210144,0.148340533614639
261,270,0.017101,0.030233,0.00659,84,1,-41.273746132553,-2.66342272366039,41.5574397350036,2.48092717650522
263,270,0.012343,0.048048,0.00492,105,1,-13.7807006863273,-3.71578084285097,13.8046815523199,3.29623660209433
266,270,0.000258,0.001114,0.0,0,1,31.8680816267438,13.5843250035752,-31.8651224302453,-13.5715476977635
255,271,0.0079,0.018462,0.0175,65,1,26.5652324908575,43.9771952221895,-26.3642479421994,-45.3624286735565
265,272,0.003897,0.020611,0.00754,231,1,-45.8955248914449,30.560215464164,46.0105818415117,-30.7308624590187
270,273,0.002251,0.009901,0.00136,154,1,-39.0451612282381,3.84710849493493,39.0783040132987,-3.84363473866913
271,273,0.003858,0.013977,0.00225,139,1,18.6323343790861,4.653399236761,-18.6187371236608,-4.8399915319752
273,274,0.002952,0.153213,0.0,25,1,1.53708031274035,0.312565618419996,-1.53701093497152,-0.308964813509119
269,277,0.000231,0.001192,0.0,0,1,8.41829529384961,31.324603217808,-8.41597460290997,-31.3126280507082
274,277,0.006298,0.022236,0.00252,120,1,-5.99500385858716,0.098773699930593,5.9971714124262,-0.354747845607626
271,278,0.009017,0.03809,0.00517,128,1,8.32644913174247,1.70189677116237,-8.32015870433801,-2.21720341715024
276,278,0.000235,0.00112,0.0,0,1,71.7774582281331,2.97828524695901,-71.7658749162396,-2.9230796753817
277,278,0.000286,0.001059,0.0,0,1,-39.3124446111623,3.13964021671818,39.3166953280863,-3.12390067398206
276,279,0.000601,0.00304,0.0028,172,1,-82.4639627397803,-11.2626490570378,82.5037061531489,11.1702784815702
278,279,0.01535,0.062388,0.00748,150,1,-5.27668828246778,-0.748774638296554,5.28079058230773,-0.0182041266566953
273,280,0.003928,0.019643,0.00766,247,1,4.86743193818871,0.993874286663495,-4.86646997310568,-1.79059848750794
275,280,0.002878,0.01522,0.00769,151,1,-9.86923988492009,-7.74367945703998,9.87341473590803,6.96252028292235
276,280,0.011443,0.046067,0.00339,98,1,2.58101292163169,0.379955738284528,-2.58025091123745,-0.73164366242842
277,280,0.00127,0.0072,0.00387,251,1,-0.659684468026161,3.66996900421292,0.659871741521515,-4.07378504809335
272,281,0.002799,0.024914,0.18125,481,1,18.4377023832154,-42.3577948303079,-18.3987676269742,23.9155789216813
275,281,0.026147,0.064813,0.00278,59,1,-7.68503264367048,2.0054755410868,7.70099585018926,-2.25606834339615
276,281,0.007464,0.028692,0.00436,132,1,-9.11104444080593,6.77636838015349,9.12045979511573,-7.19610219071299
279,281,0.003242,0.01581,0.00934,186,1,-1.57117404988477,13.5158840122456,1.57731446349676,-14.4634085191813
274,282,0.001515,0.008951,0.00108,139,1,-1.38813248746606,-0.758790594486217,1.38816754677326,0.646041008363089
277,282,0.022254,0.087683,0.0138,131,1,1.38857875109587,-0.79612630368007,-1.3881675467053,-0.646041008007879
271,283,2e-06,0.000195,0.0,1086,1,-10.2887183558636,36.5980693773363,10.2887458949362,-36.59538431776
279,283,0.00026,0.001199,0.0,0,1,11.1843054172198,-34.7335429503306,-11.1810042682404,34.748766325816
276,284,0.017283,0.081648,0.00818,127,1,2.00648020098238,0.134199492282035,-2.00576343053441,-0.986624211724645
277,284,0.000846,0.004819,0.00202,261,1,8.27958251299566,9.30914436516581,-8.27831172854046,-9.51318610058015
278,284,0.008084,0.046903,0.04695,226,1,1.75672101046822,-1.47350473788131,-1.75640794350685,-3.43575144180508
279,284,0.004803,0.123089,0.0,90,1,2.83588965612833,-9.17511499901734,-2.83155954107607,9.28608512845054
279,285,0.00216,0.01507,0.00246,250,1,24.2385912849323,5.58071583647626,-24.2258189405994,-5.74924688012961
280,285,0.000215,0.001175,0.0,0,1,-3.08656557483171,-0.366493085519788,3.08658543436495,0.366601620178223
245,289,0.026553,0.12561,0.01489,136,1,-0.581386806893321,6.91209438118951,0.596420022437127,-8.39317774515072
268,289,0.000684,0.033461,0.0,286,1,-73.5566267371486,-36.2963035068449,73.6023293575651,38.5320569889478
272,289,-4.5e-05,-0.003295,0.0,1744,1,-118.158864302368,63.7566069403409,118.150979988685,-64.3339139089198
273,291,0.007988,0.051296,0.01892,239,1,19.8158979353357,13.6891463715145,-19.7694926846257,-15.3547045778843
286,291,0.012905,0.06142,0.01902,175,1,-42.1629508035414,-13.4391068332339,42.4120355011673,12.6935081184932
288,291,0.003632,0.01819,0.03292,243,1,23.3738881411428,12.7264259322692,-23.3474260523427,-15.9920539432598
290,291,0.011467,0.046203,0.00341,136,1,24.5133727493592,-13.0883380236518,-24.4272637099348,13.0855790447273
241,292,0.00025,0.001009,0.0,0,1,1.69555876450466,4.74365449014938,-1.69549761215703,-4.74340767927437
241,293,0.00254,0.010495,0.00129,131,1,8.73452974213578,6.81600779668036,-8.73150201926883,-6.93720784421583
292,293,0.009066,0.024556,0.00194,72,1,3.82010865905254,2.121798793814,-3.8184016157786,-2.31824867418072
241,294,0.000659,0.033967,0.0,616,1,5.20111358222271,-7.202172381675,-5.20060597256357,7.2283362318896
242,294,0.073548,0.200793,0.00788,62,1,9.16132452694765,3.50254476654574,-9.09231543839152,-4.13668629153105
287,294,0.004758,0.029731,0.02646,259,1,12.0428790167704,-5.60766491249108,-12.0353317101098,2.93276442785145
288,294,0.035186,0.911028,0.0,50,1,1.08823848742174,0.307488021333865,-1.08780403816387,-0.296239358840126
293,294,0.016933,0.036661,0.00099,55,1,5.62534445119296,5.72146998394218,-5.61472113689945,-5.80068797918891
245,295,0.020818,0.066001,0.00228,61,1,19.8680443305208,11.2048224075174,-19.7645411987993,-11.1138930990781
287,295,0.001298,0.00603,0.00241,183,1,-43.9820421939317,2.13099267687862,44.0065301112737,-2.26509678052224
289,295,0.005205,0.030866,0.02403,215,1,43.3409020882133,-1.69549192267958,-43.2462406721377,-0.220537479796549
289,296,0.000147,0.002335,0.21657,2614,1,-240.341357749498,35.4781769137122,240.42665861112,-56.4788450978442
244,297,0.008854,0.028432,0.00115,62,1,-4.58785693958775,8.1397782809448,4.59532009479177,-8.23604500381511
246,297,0.004859,0.02492,0.00161,120,1,13.149597102455,45.6161816782128,-13.0466545267768,-45.2581691274605
288,297,0.00056,0.0289,0.0,350,1,-24.4621266419739,-13.033913941037,24.4662806681862,13.2482913652101
290,297,0.022223,0.098208,0.00933,126,1,-0.170797691795569,-11.2111860658256,0.195851776829568,10.3581713166009
248,298,0.000138,0.010338,0.0,974,1,-23.6771383621366,-92.0560002320084,23.6896033720131,92.9897920588404
290,298,0.001006,0.006834,0.00403,315,1,-24.3425749897569,24.2995241075633,24.3543155286139,-24.6311811818154
296,298,0.000959,0.006566,0.01799,257,1,82.6733354372738,79.4796347074993,-82.5496857154662,-80.4779036831378
243,299,0.000256,0.001079,0.0,0,1,1.35317052342639,4.38603210211774,-1.35312008960087,-4.3858195314235
246,300,0.000248,0.001046,0.0,0,1,42.0986641032042,67.860489136261,-42.0838483156755,-67.7979999678943
249,300,0.000415,0.027908,0.0,581,1,-17.7681290927934,-47.8259066529441,17.7785278346805,48.5252032519442
273,300,0.009205,0.035353,0.00864,105,1,-13.3025551394811,-23.7515008986908,13.3658483829996,23.0818899948743
299,300,0.005859,0.029107,0.0219,246,1,2.00311777299209,4.35642191785155,-2.00122395648678,-6.6850449648888
58,61,0.005209,0.021466,0.00912,205,1,-33.547794808088,-40.7340508414233,33.6833739388558,40.3211362532953
56,92,0.001517,0.042784,0.0,319,1,23.3896971034991,-3.51947993734344,-23.381650360143,3.74642250013071
22,88,0.027891,0.135684,0.02026,140,1,12.142225750884,-8.22770847177204,-12.0893044746843,6.349343281415
57,114,0.000205,0.001002,0.0,0,1,16.0956863760308,-17.4090206856138,-16.0945938400583,17.4143607882694
106,140,0.000387,0.023365,0.0,550,1,-130.7360131544,-16.3693004614604,130.798591281527,20.1474346741758
87,156,0.000202,0.001161,0.0,0,1,-77.7179351498568,23.8646492032419,77.7303293892182,-23.7934130057245
99,135,0.005581,0.023866,0.00471,166,1,-135.915533516202,42.5453148258416,136.967622017142,-38.552619494184
116,179,0.000243,0.001011,0.0,0,1,-201.607957447884,36.0069012571217,201.702579847922,-35.613225345851
141,190,0.008513,0.212445,0.0,61,1,24.5577212247129,1.83412451620843,-24.509046756615,-0.619435525835065
170,232,0.003852,0.019522,0.01854,258,1,68.5332739404777,-3.48765874277513,-68.3629682679989,2.38241035601792
145,198,0.001501,0.003342,0.00376,200,1,-0.656568169095661,-14.3197095434665,0.659411307996602,13.929159430002
175,227,0.000819,0.009599,0.12632,1054,1,286.435178676917,-18.5083081072719,-285.799479508953,12.5946297947646
186,279,0.000268,0.001079,0.0,0,1,97.4966838305834,-10.4839954592807,-97.4721178944199,10.5829008515213
206,273,0.001546,0.057739,0.0,194,1,53.4685847388647,-9.7947071534824,-53.424500987767,11.4411183466458
211,265,0.025453,0.074145,0.00245,58,1,39.5778081551604,-1.95814149525556,-39.1988873821139,2.80563058786064
197,255,0.000619,0.00723,0.20679,1309,1,185.689663134397,-76.6338803359279,-185.463766079069,57.21606795178
246,8,0.01575,0.066747,0.00829,131,1,23.9828591860332,8.08448994461055,-23.8872690939719,-8.55661211484015
292,1,0.023747,0.07244,0.00235,62,1,-29.2068243289115,-2.13475703358727,29.4030287215409,2.48746975373243
274,48,0.032892,0.094898,0.00267,59,1,8.92014729148813,0.968981706567355,-8.89473537125639,-1.17384263077152
297,6,-0.000908,-0.02254,0.0,109,1,-95.7215600230815,14.1019890633118,95.6401073003105,-16.1239542298958
