from_bus,to_bus,resistance,reactance,susceptance,line_rating,line_status,P_from,Q_from,P_to,Q_to
4,6,0.048825,0.108209,0.00166,55,1,8.41348684562105,-2.16789969991201,-8.37742227904987,2.07928954616859
6,7,0.00264,0.01804,0.00307,221,1,54.26961255671,-7.9832334202291,-54.191298540731,8.20722834869606
8,9,0.000496,0.003102,0.0048,263,1,14.1198310553714,2.49012735190719,-14.1188221758548,-2.97186678125498
5,11,0.000285,0.018668,0.0,717,1,9.15535072545945,8.08347711412643,-9.15493024582318,-8.0559349602672
4,12,0.000235,0.001053,0.0,0,1,-74.1095686382295,-11.971068045751,74.1225895569223,12.0294128431278
8,12,0.003178,0.020377,0.02861,260,1,-37.5451129152865,2.65242930636521,37.5896927686814,-5.27711073743782
10,12,0.000558,0.02863,0.0,323,1,-44.5098305276591,-69.1094076386305,44.5484211766207,71.0894260611597
6,13,0.011969,0.057693,0.00584,129,1,9.34234483597703,3.93600990440428,-9.32992239137362,-4.46594216830911
10,14,0.000631,0.004311,0.00201,265,1,44.5098305289239,67.5075316327013,-44.4700392914255,-67.4438914038663
5,15,0.000352,0.02587,0.0,341,1,-4.02893672466893,-1.67529040154208,4.02900301100808,1.68016207084196
12,16,0.014098,0.054499,0.00487,152,1,25.9040958161539,-13.9648856436681,-25.785074727694,13.9274434228965
11,17,0.043516,0.092833,0.00338,52,1,-5.7045900892626,-0.292722498237723,5.71864587626736,-0.0188652399038617
14,17,0.004787,0.129528,0.0,106,1,2.76735537093532,7.47141599375084,-2.76441279351688,-7.39179490165657
8,18,0.001184,0.006038,0.00264,265,1,6.84909943876414,-10.3435213044415,-6.84733972506049,10.0838860443629
14,20,0.000239,0.001133,0.0,0,1,42.0600696642361,53.9945252991535,-42.0492283312434,-53.9431310301967
14,21,0.002401,0.071222,0.0,247,1,-0.981192093898333,10.6594514027245,0.98385620029916,-10.580424752962
22,23,0.003946,0.022221,0.02023,189,1,-144.696301108022,-32.0922442163305,145.529517758029,34.6594912657444
14,24,0.001324,0.011621,0.03535,499,1,0.623806350480076,-4.68150129160972,-0.623696771204381,1.03072080471812
20,24,0.012191,0.066347,0.04796,239,1,-0.623403775454098,-3.91865640383355,0.623696771215248,-1.03072080471323
15,25,0.009646,0.038242,0.01126,138,1,-22.4917894423907,-7.96858781619578,22.5452302341111,7.03535724832422
18,25,0.015369,0.03033,0.00064,71,1,6.84733972668684,-10.0838860452888,-6.8250085299587,10.0626756565492
19,25,0.000391,0.025798,0.0,420,1,-77.5946405823701,-2.87068197853216,77.6177632260568,4.39630336428452
22,25,0.000385,0.029814,0.0,565,1,109.236640979151,25.8637777181839,-109.189864380445,-22.2414465134415
16,27,0.000239,0.001066,0.0,0,1,-26.8268312098632,-11.4482430220227,26.8288137081306,11.4570854619936
20,27,0.000197,0.003452,0.32011,2776,1,42.672632105063,57.8617874337099,-42.6585888098775,-90.5431850821034
21,27,0.0033,0.015565,0.05806,176,1,10.6334971462327,-31.9948815130218,-10.6024813057777,26.2085912244611
21,28,0.02467,0.091685,0.00806,133,1,2.88063756569674,-0.396284296341436,-2.87862583217949,-0.415861424753373
26,28,0.003436,0.017274,0.01424,213,1,4.66589807934794,-1.24687842580065,-4.66515279707481,-0.196516192229166
27,28,0.002864,0.012722,0.05394,176,1,8.54995880359488,33.9230478933092,-8.5103404034639,-39.2547789398391
13,29,0.000992,0.005465,0.00373,274,1,-24.2205427203967,-21.0647863526474,24.2306212089957,20.7444033110356
22,31,0.04921,0.124069,0.00518,56,1,28.7941170634363,3.85462459167387,-28.3926783483128,-3.3701606729175
26,31,0.00026,0.017722,0.0,758,1,-8.28311988482777,-24.3328130971111,8.28485262832417,24.450919559588
30,31,0.002433,0.013806,0.00945,254,1,-20.0876569801076,20.2479059890577,20.1078257195274,-21.0807588877678
26,32,0.000276,0.001131,0.0,0,1,48.1667252955279,19.0713527785402,-48.1594370935153,-19.0414869942059
28,32,0.000219,0.001137,0.0,0,1,-23.5636953818884,29.0728994405799,23.5667135968218,-29.057229530172
23,33,0.001789,0.012797,0.0047,252,1,-145.529517758676,-34.6594912646607,145.905709389001,36.847239050326
26,34,0.000769,0.036465,0.0,193,1,-37.1986959481824,-9.81797473207981,37.2100358399133,10.3556979466045
29,35,0.001127,0.006763,0.00742,230,1,-1.62678588070062,-26.537635319764,1.63445978543103,25.8335506747414
30,35,0.002377,0.013406,0.01039,258,1,-19.1332182153565,-26.7263588258283,19.1581225675809,25.8186988579729
32,35,0.000836,0.004228,0.00408,211,1,-6.24955156472845,35.0068673850442,6.26008023169911,-35.3674083359713
26,36,0.009553,0.040069,0.00468,138,1,-7.35080754129842,16.3263134780317,7.38167626147941,-16.6697114043111
29,36,0.008099,0.049436,0.00947,125,1,-7.63657047904799,5.51860944238413,7.64413637363473,-6.42590488428604
35,36,0.018363,0.042027,0.00112,55,1,-5.28093726950527,12.1058234556158,5.31281575160055,-12.1458303412401
27,37,0.004667,0.02492,0.00384,167,1,13.7302144045136,7.84535235904994,-13.7186969117039,-8.17681822113597
35,37,0.022744,0.093504,0.00916,132,1,2.9460819362522,-5.41868614776332,-2.93861929933662,4.51804064519761
29,38,0.002185,0.081095,0.0,319,1,0.152414278196942,1.14950703846963,-0.152385165842114,-1.14842655040794
38,39,0.00023,0.015734,0.0,740,1,0.152385165839404,1.1484265504074,-0.152382101381001,-1.14821691480518
32,40,0.000239,0.001191,0.0,0,1,0.0,0.0,0.0,0.0
6,44,0.001258,0.006922,0.00514,218,1,52.7849919461219,-9.0419334004555,-52.7494502849217,8.71658770104453
17,44,0.001267,0.006817,0.00851,203,1,-37.1233586721732,4.98135081552918,37.140958874144,-5.74896305957815
27,44,0.002533,0.088893,0.0,106,1,-0.986213247341744,7.13181628820524,0.987492986990727,-7.08690515649701
35,44,0.000295,0.001077,0.0,0,1,-24.7178072517321,-22.9719785052479,24.721124064346,22.9840876821466
41,45,0.04404,0.10969,0.00604,76,1,0.308717510109308,8.33594271346567,-0.27693480071272,-8.87792958212225
34,47,0.001495,0.007754,0.00346,240,1,19.1639289252741,-15.9143620537578,-19.1548409229499,15.6111388136878
43,47,0.005824,0.168241,0.0,146,1,-0.615159630104496,-0.801769133356156,0.615218474684354,0.803469008177559
45,47,0.017005,0.667885,0.0,125,1,-4.29046443767242,0.56612112712704,4.29359041021959,-0.443346050698511
46,47,0.013796,0.059859,0.00614,129,1,-18.2938510928692,5.66489498267146,18.3441692907913,-6.06948621198195
21,48,0.001648,0.009397,0.00286,216,1,-39.7814956767779,34.1124625693122,39.8261309650119,-34.148259185622
42,48,0.00238,0.026659,0.17094,570,1,-82.9353369818937,12.4484832026697,83.1063891182244,-27.898757835843
41,49,0.003424,0.035823,0.56502,1156,1,-3.05095520572399,-23.8969027035635,3.05223368696267,-34.6329303160019
42,49,0.001716,0.053502,0.0,155,1,4.37250618192174,-14.0558880664925,-4.36885837772721,14.169620479089
45,49,0.002263,0.062914,0.0,261,1,3.04846584935991,-12.3557181979794,-3.04486845733913,12.4557298292633
46,49,0.006959,0.152183,0.0,102,1,12.3798771177982,-6.59009185547339,-12.3663983982968,6.8848514430414
16,50,0.029106,0.063734,0.01735,82,1,22.8630031711387,-5.40745592969806,-22.7088681594394,3.9718584231246
41,50,0.000224,0.013964,0.0,1243,1,-25.1499350480911,-20.3900563764565,25.1522542080456,20.534631151472
42,50,0.00637,0.0438,0.05533,284,1,0.925744034149163,-1.79241438239909,-0.925624492126058,-3.84394531215787
45,50,0.000278,0.001182,0.0,0,1,1.5189333891012,20.6675266530651,-1.51776155811733,-20.662544263774
42,51,0.003328,0.017658,0.0362,283,1,53.8182003289096,-5.09026722465935,-53.7232930032197,1.90807396362618
43,52,0.009642,0.026775,0.00323,47,1,32.981370869448,-17.5881020498743,-32.848640912352,17.6297075520302
44,52,0.000228,0.001074,0.0,0,1,-10.1001256396697,-18.8648071672272,10.1011558387477,18.8696599470947
46,52,0.000195,0.00337,0.29845,2292,1,-5.99388958298125,9.83032481520327,5.99515719549945,-40.0913883185509
1,53,0.002256,0.012253,0.00194,156,1,3.30243778745362e-13,2.8455632357495797e-12,2.14800309756137e-07,-0.196312230063023
29,53,0.003037,0.092823,0.0,71,1,-15.1196791272688,-0.874884471708224,15.126581772251,1.08585721296089
34,53,0.000233,0.001081,0.0,0,1,-67.2237262324682,2.97617069458658,67.2341545808293,-2.92778852901421
51,53,-0.00028,-0.021029,0.0,909,1,191.653163648602,-18.4671027580881,-191.755230630394,10.8015079005385
3,54,0.006115,0.031449,0.02069,177,1,9.36219119242314,-0.568795642600726,-9.3568471285148,-1.48260513097629
13,54,0.002538,0.013945,0.01584,267,1,0.333619611888925,7.5631318229108,-0.331854214641694,-9.14572406000553
46,54,8e-05,0.00646,0.0,1582,1,11.9078635577308,-8.9051279431338,-11.9076871954733,8.91936919542878
48,54,0.00659,0.026376,0.00198,133,1,27.9627027611566,9.0642594256869,-27.9063453866345,-9.03833446301231
2,55,0.000233,0.001184,0.0,0,1,0.0,0.0,0.0,0.0
5,55,0.016026,0.091055,0.01982,183,1,-5.12641400095959,-6.40818671264737,5.13521269024666,4.44289860321778
27,55,0.00716,0.03193,0.00468,149,1,5.13829644828599,3.97729185551983,-5.13521269030389,-4.44289860322515
47,56,0.000291,0.001038,0.0,0,1,228.501862493083,-35.7217721893953,-228.348287694178,36.269575080334
48,56,0.000272,0.001055,0.0,0,1,-294.790425338091,55.9049400713133,295.032270674453,-54.9669002556419
53,56,0.001205,0.007049,0.00496,252,1,66.7411523791399,-18.8650626753018,-66.6839829802107,18.6973251754445
3,57,0.041927,0.150675,0.01162,140,1,-9.36219119253392,0.568795642502357,9.3992940004085,-1.60650970498218
4,58,0.001069,0.005859,0.02182,216,1,63.0792492314165,13.680894698685,-63.0351294741926,-15.6550363155462
6,58,0.000895,0.005987,0.02018,258,1,-108.01952706103,11.0098673703292,108.123845932436,-12.3578053534562
57,59,0.000228,0.00101,0.0,0,1,-214.621466889132,54.7054703191341,214.732195578828,-54.2149616498678
58,59,0.001072,0.045556,0.0,223,1,-19.1555318252063,-22.2031079254457,19.1648512549813,22.5991489168924
51,60,0.000453,0.029437,0.0,579,1,-137.929870645952,16.5590287922812,138.015833580924,-10.9729561283551
57,60,0.000254,0.001027,0.0,0,1,205.222172888926,-53.0989606133203,-205.109176093552,53.55584135682
58,60,0.001173,0.006092,0.00511,284,1,-58.1721922338943,43.0161116889574,58.2330008789198,-43.21747538086
63,64,0.080804,0.189895,0.00406,57,1,-9.29335089476399,0.43488526498977,9.35861588750299,-0.720400226804092
63,66,0.00023,0.001118,0.0,0,1,14.2279499192353,-4.62698066164849,-14.2274708083684,4.62930955707975
62,67,0.003468,0.142109,0.0,99,1,20.6225460971691,3.01023453356997,-20.60846182943,-2.43310039166198
61,68,0.024148,0.108436,0.06757,213,1,2.73086304879134,-3.2108357828871,-2.72913770914317,-3.96785907193081
62,68,0.052986,0.127865,0.00647,50,1,4.74278235349279,0.453915686404769,-4.73132133821146,-1.11595798343495
61,69,0.000234,0.001085,0.0,0,1,38.0116736586871,-11.7159497038184,-38.0081961716413,11.7320739493088
68,69,0.001591,0.011192,0.00705,221,1,-22.6508561843921,-7.05920612600769,22.6592080871782,6.36812477910759
68,70,0.000282,0.0011,0.0,0,1,30.1113152320372,12.1430231816224,-30.1085173604925,-12.1321094982922
66,71,0.003379,0.013036,0.0057,138,1,-1.16653546527384,4.89609894144186,1.16742927057201,-5.50481558019049
69,71,0.003666,0.01435,0.00117,118,1,-11.7213120781942,-27.0740102488123,11.7511654486193,27.0657913735837
66,72,0.000235,0.001145,0.0,0,1,-29.7243647798312,36.4769729873023,29.7292066691415,-36.4533816542797
71,72,0.00026,0.001193,0.0,0,1,-12.918594719149,-21.5609757933858,12.9201250810939,21.5679978003098
66,73,0.000271,0.001051,0.0,0,1,39.1114548633046,8.5729347650722,-39.1074118459683,-8.55725501887138
67,74,0.000227,0.001085,0.0,0,1,19.0799174482373,1.45641960771735,-19.0791335598674,-1.45267282850393
74,75,0.005041,0.020127,0.0033,155,1,-89.7006990130765,7.13134055422657,90.08580543328,-5.94467797936395
75,78,0.007553,0.296538,0.0,130,1,-8.86401643312574,1.21911331695285,8.86968525829422,-0.996549821942729
74,79,0.000208,0.001019,0.0,0,1,43.2693684749238,8.72726356179755,-43.2655460157665,-8.70853718736805
77,79,0.011385,0.048066,0.00901,140,1,-24.3318417437748,20.8407479151619,24.442745917501,-21.3341004192365
76,80,0.00342,0.01651,0.01425,161,1,25.9045150078859,7.74954654356659,-25.8794815729351,-9.07159403412084
73,81,0.032419,0.15197,0.0164,113,1,21.2314082176299,-6.1184147901358,-21.0870903204848,5.03056368527109
77,81,0.003358,0.034273,0.76701,1372,1,-21.0730847779289,-43.2399537286763,21.0870903200285,-39.1489260482925
74,82,0.000852,0.006753,0.11653,699,1,65.5104640970235,-14.4059312889763,-65.4754325015467,2.32867225676854
76,83,0.03149,0.083026,0.00192,77,1,-38.4592391733934,-11.4416700545246,38.9581368291138,12.5579536353411
79,83,0.000263,0.001092,0.0,0,1,16.660643874055,29.3899929073107,-16.657811691207,-29.3782334256759
82,83,0.004122,0.022192,0.01116,179,1,-16.8169975453534,5.04700326944593,16.8292287453169,-6.16376898185432
77,85,0.008886,0.191876,0.0,97,1,8.39368770390955,-17.9752199989832,-8.35651462818459,18.7779007414771
80,85,0.000299,0.001197,0.0,0,1,4.89365445195446,18.192232471592,-4.89260408769651,-18.1880275016363
65,86,0.001895,0.012506,0.00474,200,1,-15.2212358803285,61.8474618342818,15.2925665163693,-61.8880562746379
78,86,0.000236,0.018326,0.0,721,1,67.000314809494,-27.4134494321195,-66.9886628993031,28.318249881946
80,87,0.002813,0.016893,0.02271,189,1,37.8599150103718,-13.3425067379581,-37.8158635957,11.3103824166816
82,87,0.005479,0.137175,0.0,97,1,26.5181869598054,17.0522587053679,-26.4668204765405,-15.7662215924152
82,88,0.028828,0.081376,0.00459,67,1,13.4551127983233,3.73703701633791,-13.4015801943439,-4.06934044848629
82,91,0.006275,0.142267,0.0,94,1,17.4412859883378,-32.4330204453054,-17.348535327297,34.5358663886198
88,91,0.078435,0.168925,0.00839,60,1,13.4015801944417,4.06934044872028,-13.251684977509,-4.60929710702502
90,91,0.014455,0.057086,0.0065,151,1,29.9619570250647,7.67374616268084,-29.8267138020574,-7.80218175456466
86,92,0.001715,0.010754,0.01241,278,1,-51.9406316013752,1.06584939449814,51.9838669345286,-2.12514848434601
90,94,-0.002525,-0.083877,0.0,84,1,-28.28363223104,-16.1955713639108,28.2575415838835,15.3288762306259
89,96,0.0003,0.001124,0.0,0,1,94.6075938305073,13.7415766095141,-94.5810166780291,-13.6420008782289
90,96,0.000268,0.001155,0.0,0,1,-220.078676656235,-67.2004602365503,220.216714305489,67.7953612995675
93,97,0.000578,0.010263,0.98258,1974,1,-82.3379556166011,-83.0041897318891,82.3789351976715,-22.9259259434772
93,99,0.148169,0.389874,0.00903,58,1,-0.801381129571956,0.83753068631429,0.804668676935297,-1.80226603464642
95,99,0.014119,0.09212,0.03091,211,1,2.3043938201687e-14,5.13560058371528e-17,0.0003632261160387,-3.3220495624403
93,100,0.016327,0.080712,0.01189,123,1,4.96797143710041,7.32819346460736,-4.95465766761874,-8.54018649867424
63,101,0.006946,0.02608,0.01032,163,1,-2.29042392678943,1.56412184083144,2.29105316173507,-2.67031392375494
72,101,0.000221,0.001067,0.0,0,1,-42.6493317502297,14.8853838540406,42.6535309528473,-14.8651098757916
99,101,0.000283,0.001193,0.0,0,1,31.9930664168136,0.622132340812998,-31.9903682752158,-0.610758196197575
93,102,0.000289,0.001198,0.0,0,1,62.8312106105642,73.6938961814644,-62.8061586000136,-73.5900473626423
94,102,0.00852,0.226653,0.0,37,1,-28.2575415832189,-15.3288762305662,28.3455781431257,17.6708657156089
97,102,0.029264,0.86456,0.0,50,1,1.03631150337431,0.506988685643152,-1.03595385880246,-0.496422625260411
100,102,0.002159,0.009554,0.00331,154,1,-35.4072992475175,-56.3760925859507,35.4965343170732,56.4156042709447
64,103,0.002766,0.013454,0.00418,241,1,62.9597680692941,-7.13796601853006,-62.8577287417855,7.18005966618533
84,103,0.039195,0.152352,0.01444,137,1,-26.4711112933059,-5.48341984499034,26.7412627836502,4.99207269379295
97,103,0.000755,0.008083,0.09832,1199,1,-63.4152467056485,20.2970425322527,63.4476873538672,-30.6418696433488
64,104,0.001434,0.007905,0.00748,265,1,99.7216146709272,88.0283620841152,-99.4873502286248,-87.5441253459175
92,105,0.000286,0.001138,0.0,0,1,0.430099394190469,-17.3830716197297,-0.429293310416548,17.386279043977
103,105,0.01025,0.037318,0.00462,118,1,-0.401221401965129,16.9897395467444,0.429293310387059,-17.3862790439733
98,106,0.000225,0.001174,0.0,0,1,180.108396504458,-37.1488764561007,-180.037885635901,37.5167864991461
104,106,-0.000211,-0.004837,0.0,108,1,66.1423944788916,84.8362730726145,-66.165198693749,-85.3590407847708
98,107,0.002491,0.01193,0.00199,182,1,58.8216033662772,19.381522829566,-58.7329706675439,-19.1710444326199
99,107,0.000389,0.024822,0.0,545,1,-36.2602727196242,5.4482494677164,36.2651425048692,-5.13750959791803
100,108,0.000224,0.001138,0.0,0,1,-22.6816275950304,4.5950483400914,22.6827514418051,-4.58933879710206
99,109,0.001772,0.010113,0.02068,212,1,3.46217440058441,-0.946066210372841,-3.46197618285251,-1.27363936809344
101,109,0.000202,0.001019,0.0,0,1,-3.46195058562998,-1.27351024140756,3.4619761828662,1.2736393680596
104,110,0.007544,0.015572,0.00336,72,1,7.38969440263383,4.11893769961296,-7.38454486506319,-4.46765844007753
104,111,0.001992,0.011597,0.00633,289,1,21.5627673801217,-2.55020190315098,-21.5540262847715,1.92343226579846
108,111,0.033206,0.093324,0.00395,43,1,-14.9421697790508,3.66499880566408,15.0162951132235,-3.8788986941761
101,112,0.004307,0.019789,0.00656,206,1,-14.9689039095046,17.6413480781781,14.9908777994001,-18.2428852663921
106,112,0.003867,0.018991,0.03953,332,1,56.3957924542298,16.339615631448,-56.2696053412095,-19.963863261683
92,113,0.010651,0.050481,0.01026,147,1,15.1960336865387,2.9182204741571,-15.1719122541795,-3.90112655650074
107,113,0.001595,0.008232,0.00197,142,1,76.6015325571067,19.0201841654396,-76.5087533406898,-18.7519045767712
83,114,0.00035,0.02169,0.0,473,1,-39.1295538822105,22.9840487742999,39.136359263694,-22.562309561796
61,115,0.018285,0.03988,0.00157,52,1,-51.5012722779535,2.90909583202285,51.9583569316681,-2.08065941593371
86,115,0.015891,0.047215,0.00197,68,1,-32.1405167157264,0.130802726386812,32.2937520019446,0.112427710614411
113,115,0.051707,0.132133,0.0041,73,1,-13.0254066449991,-0.853985321240539,13.1078910472401,0.624500524619595
65,116,0.00735,0.036522,0.00606,159,1,-3.33204181487615,10.5524713246646,3.34080531036093,-11.1649216285174
66,116,0.004546,0.026347,0.01864,237,1,-19.5609039230193,-5.48641151101782,19.5779414200201,3.57819292092765
106,116,0.013639,0.038018,0.00293,73,1,22.9927398192789,-7.6966256778446,-22.9187467309089,7.58672870707481
62,117,0.027684,0.158581,0.04404,164,1,-0.577869184398481,-2.66610932512432,0.577980665033947,-2.04626099163237
63,117,0.0362,0.089985,0.00987,70,1,-2.64417509810547,2.62797355553454,2.64989068899167,-3.67251745789516
107,117,0.009462,0.046857,0.00719,215,1,13.736295516652,-2.24162955793773,-13.7193312773616,1.55542516688968
108,117,0.043994,0.126812,0.00355,70,1,-7.34058170358526,1.07433606944933,7.36344737808068,-1.38797285125867
62,118,0.001798,0.006839,0.00145,150,1,-24.7874592667731,-0.798040895498599,24.7977972288205,0.682211918320081
75,118,0.002718,0.01399,0.01637,249,1,-89.8011094415423,3.38212790129604,90.0070590725402,-4.07133963576314
84,118,0.057684,0.189713,0.0227,128,1,-17.4890896543271,-1.2263078171307,17.6572784308167,-0.626237467613411
86,118,0.000246,0.001074,0.0,0,1,136.397244753467,7.09840831625196,-136.354409699632,-6.91139673975372
113,118,0.0042,0.018488,0.0028,130,1,-3.88686691255195,-11.2020789311418,3.8922749670943,10.9267619247099
65,119,0.001842,0.084193,0.0,229,1,18.5532776948617,-72.979879915211,-18.4395583400653,78.1776940511375
114,119,0.000345,0.005198,0.5402,2036,1,-52.0968686253568,18.4535755236032,52.1129904300159,-74.7852484029621
61,120,0.014048,0.061676,0.00619,109,1,1.42471923716358,12.0297680701562,-1.40429550788157,-12.5942811177139
66,120,0.000662,0.036565,0.0,373,1,-3.43032962107251,-52.1852298494607,3.44824813264374,53.1749434077721
112,120,0.007026,0.019215,0.00177,64,1,32.7760928090543,37.4464133550743,-32.6127022581153,-37.1869220963548
117,120,0.032209,0.153428,0.01733,132,1,3.12801254531453,5.55132613417758,-3.11244242128766,-7.31401681100355
119,120,0.000708,0.048158,0.0,436,1,-33.6734320899523,-3.39244564772002,33.68119205352,3.92027661593537
121,122,0.034865,0.07603,0.00185,73,1,2.43118623406251,-0.9687879258953,-2.42897970256509,0.778664171095506
124,125,0.020001,0.054563,0.0056,63,1,-22.5286929058829,6.51154493127371,22.6339265050219,-6.81446991370645
122,126,0.000766,0.004264,0.00398,216,1,-35.5773627403608,10.1096197845094,35.5873400568105,-10.4733160807753
125,128,0.007445,0.042056,0.02226,201,1,-33.3068245183249,1.05539077950423,33.3855005014712,-2.96183217902542
127,128,0.002223,0.013964,0.01433,287,1,-102.081333112394,1.7118783587301,102.301308075861,-1.84291953346766
126,129,0.000647,0.00421,0.00375,274,1,-35.5873400561098,10.4733160806623,35.5958197217139,-10.8130038774249
122,130,0.000292,0.001132,0.0,0,1,-136.675387783849,-17.695558757382,136.728030621626,17.8996398956132
123,131,0.01206,0.20208,0.0,136,1,-9.53267986700201,-2.03604214713042,9.54367394138509,2.22026126415627
127,131,0.000262,0.001145,0.0,0,1,95.5299481583847,-0.457793900375354,-95.5072558888816,0.556964314806621
130,131,0.00028,0.02693,0.0,245,1,-85.9439153479113,4.66873084263193,85.9635819454953,-2.77722558214273
124,132,0.000252,0.001093,0.0,0,1,-0.924270261538127,-5.55813144472534,0.924346259381087,5.55846107029024
129,132,0.003392,0.018679,0.00224,103,1,-46.9123923630928,8.42586728527832,46.9856537316204,-8.25825768132512
128,133,0.001423,0.00932,0.00344,276,1,61.5520245253838,-2.1290388633896,-61.5010038126807,2.0995733135541
125,134,0.000271,0.001063,0.0,0,1,10.6728980132205,5.7590791354761,-10.6725200178118,-5.75759644499864
127,134,0.000677,0.036193,0.0,423,1,-0.134433975494064,-0.812272888534436,0.134438330774184,0.812505725540903
127,135,0.001338,0.037965,0.0,293,1,1.26325651819892,-0.707484009414811,-1.26322989822499,0.708239336253542
130,135,0.025675,0.05593,0.0036,58,1,-34.7483439799188,16.7158913547012,35.1118441635834,-16.3036534681117
134,135,0.000298,0.00106,0.0,0,1,47.6071920712529,-9.30504060382058,-47.6005410554471,9.32869857950562
127,136,0.000245,0.00113,0.0,0,1,0.0,0.0,0.0,0.0
133,138,0.002335,0.011835,0.0065,192,1,61.5010038127526,-2.09957331324411,-61.4173308056,1.83780659757738
134,140,0.001807,0.012536,0.00439,222,1,-37.069110384683,14.2501313248277,37.0962567924495,-14.5241348399409
138,140,0.016518,0.089147,0.09019,239,1,-3.84088426554142,-2.93211162700391,3.84371584749336,-6.54955447909483
139,141,0.004485,0.02156,0.00491,202,1,10.2829395276641,1.68034627661588,-10.2782905742779,-2.17625751308639
122,144,0.000238,0.00113,0.0,0,1,-167.254808318341,0.103823869423815,167.318004449049,0.19622498646204
141,145,0.00026,0.001054,0.0,0,1,63.8619138047221,-25.0515918370126,-63.8503123158412,25.0986224880913
144,145,0.000222,0.00104,0.0,0,1,-73.7628131455988,-9.12085889604447,73.7744449058654,9.17535002522123
137,146,0.001379,0.006223,0.00065,185,1,-88.2690868106425,17.0435672659505,88.3750186237365,-16.6339364541099
138,146,0.001395,0.007904,0.00675,256,1,65.10057314782,-2.85721060087989,-65.0443967078721,2.46454104650059
140,146,9.6e-05,0.007315,0.0,1676,1,121.57345258393,-4.96630043975772,-121.559942680123,5.99572696420276
142,146,0.002594,0.073295,0.0,120,1,-17.1347087704876,-13.228036247438,17.1464861770204,13.5608138156018
138,147,0.016671,0.045508,0.00303,68,1,-8.70387124670529,2.36422987389078,8.71686156470935,-2.64821817646298
143,147,-0.001152,-0.051316,0.0,160,1,8.71595494235444,-2.6886037934686,-8.71686156466215,2.64821817685189
148,149,0.000225,0.00112,0.0,0,1,9.94708412255115,10.8106041531578,-9.94662417252068,-10.8083146241173
137,150,0.009392,0.040201,0.00776,141,1,9.34372225905448,-3.02993834861936,-9.33531616826118,2.24923824567316
141,150,0.006065,0.029667,0.00242,143,1,-27.3601962843218,9.01435413735625,27.4080516622451,-9.03524630485826
144,150,0.001807,0.011452,0.00393,216,1,-85.2903719221094,21.1551410632859,85.4228701134489,-20.7294350451026
137,151,0.00206,0.01564,0.00821,409,1,74.21293873167,-17.4317819056906,-74.0994579468277,17.4284813831092
141,151,0.000224,0.001106,0.0,0,1,-62.4766585310929,12.8607868201179,62.4853002957997,-12.8181181068783
148,151,0.004374,0.032679,0.01627,200,1,-5.63504679672559,1.5656717188775,5.63660593626992,-3.27080259253074
142,152,0.008286,0.043442,0.00812,130,1,17.1347087706189,13.2280362479377,-17.0975556830088,-13.8970627619578
145,152,0.00028,0.00336,0.22327,2020,1,-18.352848814702,-34.9424833100324,18.3551675388724,11.4004083078713
151,152,0.014148,0.043421,0.0011,37,1,1.25869768449483,-2.60943443276486,-1.2576118560973,2.49665445372773
145,153,0.014581,0.059028,0.01042,113,1,8.42871622452612,0.668510796926893,-8.41869083545685,-1.725049555381
148,154,0.009788,0.031037,0.00424,63,1,1.48997828679331,-10.1514502982044,-1.48063480059549,9.73220366714998
123,156,0.00313,0.01379,0.00642,187,1,-21.8982606522947,-8.93782948720763,21.9148836361291,8.34070560748489
128,156,0.02355,0.539799,0.0,16,1,5.31672218325464,-6.97675496891909,-5.29805952247174,7.4045293055623
130,156,0.014676,0.073161,0.01077,129,1,-7.75855500703528,6.95675926707323,7.77480951724922,-8.00699735848055
146,156,0.00645,0.030854,0.00322,138,1,43.8988770203482,1.5271472228569,-43.7806111202685,-1.2992943683307
148,157,0.001316,0.007871,0.00397,223,1,4.55798416380668,3.03517237945244,-4.55759395393135,-3.45183615204317
149,157,0.000227,0.001111,0.0,0,1,22.816624169633,10.8083146244843,-22.8152532327744,-10.8016048850577
155,157,0.003647,0.019344,0.01037,245,1,-5.30142722973043,2.50011865016894,5.30271877292052,-3.58781115425768
139,159,0.031959,0.098048,0.008,79,1,-9.08293958270743,-1.83034531784364,9.10849772483242,1.06017943881897
144,159,0.003557,0.017603,0.00995,233,1,-71.7446695427746,-16.0264338563552,71.9264333204868,15.8715678074411
146,159,0.009174,0.057036,0.02648,218,1,11.8472393902396,-14.1432146871859,-11.8208386445056,11.5036142226093
156,161,0.005943,0.028953,0.02041,207,1,19.3889774895096,-6.4389431860423,-19.3659802062981,4.41513092969223
155,162,0.003537,0.023788,0.02746,263,1,7.04492908970014e-05,-2.8999347721198,-5.88868152014089e-15,-7.30342095674249e-13
154,163,0.015647,0.058406,0.00555,128,1,1.48063480052242,-9.73220366710986,-1.46718388919947,9.1902816638099
158,164,0.000355,0.024567,0.0,448,1,-10.4084271929308,-2.57717919956773,10.4088169509789,2.60415155440518
160,164,0.007112,0.026822,0.00391,108,1,-6.06504066523392,-0.98930140481712,6.06758044511271,0.589135024213916
158,165,0.000247,0.001015,0.0,0,1,16.6849019331242,3.47104151901285,-16.6842169190301,-3.46822658255345
163,166,0.004963,0.162626,0.0,70,1,-2.3517969340434,7.57577652334961,2.35470953494097,-7.48033734672903
164,166,0.000228,0.006001,0.0,124,1,-15.3449100455129,5.90095568006822,15.3454977482134,-5.88548724188644
163,167,0.000295,0.001141,0.0,0,1,8.85865712481929,-25.351669777233,-8.85667289294408,25.3593443825538
164,167,0.054768,0.127753,0.00361,44,1,-1.13148734975741,-9.09424225862731,1.17357401503613,8.80951833874007
158,168,0.000238,0.00114,0.0,0,1,-40.1763734179435,-4.79161642485118,40.1800939691993,4.80943755271517
161,170,0.00025,0.001121,0.0,0,1,-14.6564288962905,-20.8798861179535,14.6579829736719,20.8868546009315
166,170,0.000224,0.001111,0.0,0,1,17.1863890563599,19.6241070335449,-17.1849345263963,-19.6168928246629
168,170,0.038213,0.098713,0.00464,51,1,-2.52423720895221,0.790940180168346,2.52695155283103,-1.26996177619188
124,171,0.00293,0.014723,0.02357,196,1,42.8443771191112,-3.66801569522698,-42.793121229254,1.44643558990754
150,171,0.00013,0.00906,0.0,846,1,68.5043941379532,8.4254470456785,-68.4985106639008,-8.01541416172102
166,171,0.002057,0.007573,0.00077,120,1,-44.8484646338566,-7.54476832840062,44.8890512564257,7.61338387839319
168,171,0.002842,0.016438,0.01239,202,1,-38.8135783058942,-4.16546961568757,38.8547854052722,3.10380235896265
121,172,0.040354,0.099833,0.00403,57,1,1.21228284395771,-3.30177719822981,-1.20806546726136,2.88644536460806
122,172,0.007035,0.029674,0.0067,224,1,-1.14906894112171,-9.45022996401358,1.15468354693793,8.76618718527931
163,172,0.011246,0.057555,0.00551,140,1,-0.0396763733667854,11.1356049690081,0.0533819202236895,-11.652632549864
122,173,0.019147,0.30037,0.0,46,1,-5.89524028319948,-1.80239713442791,5.90214695740315,1.91074610453061
171,175,0.006564,0.032454,0.0024,136,1,10.5207124837216,-7.32332665221745,-10.5105639220604,7.1208810068625
124,176,0.006758,0.036233,0.01132,205,1,46.2085857579804,-4.56463679065584,-46.0704989483995,4.11508601473916
168,176,0.126928,0.274942,0.01008,57,1,1.15772154574155,-1.43490811705121,-1.1551008336984,0.3836249463999
169,176,0.01578,0.045461,0.00129,58,1,-46.5254848150359,3.41287267864958,46.8565257509496,-2.59379319336186
175,176,0.007121,0.035552,0.02782,266,1,19.5517054436306,1.21527367102225,-19.5253990008143,-4.01039641906001
121,177,0.012856,0.070852,0.00959,143,1,0.377142962296425,-1.97056154938133,-0.376863721877791,0.960471769555149
130,177,0.000264,0.001182,0.0,0,1,-26.6227252856824,-42.4777955088814,26.6290157188508,42.5059594937489
157,178,0.000244,0.001081,0.0,0,1,33.0701283489947,23.4412512410762,-33.0663284740089,-23.4244165490286
173,178,0.002901,0.019128,0.01073,224,1,85.8378530224743,19.8192526784765,-85.6262068858439,-19.5618553231336
175,178,0.00022,0.001079,0.0,0,1,35.371433020399,-15.4788634908994,-35.3683221637774,15.4941208286027
177,178,0.003363,0.020442,0.04159,271,1,1.35091313393445,1.11193451038272,-1.35050655293405,-5.49782223145584
128,179,0.000253,0.001024,0.0,0,1,-202.555555286998,13.9105455424639,202.654154816814,-13.5114707656591
143,179,0.057428,0.157267,0.0026,58,1,-8.71595494241138,2.68860379308112,8.7615623968669,-2.83873764222802
121,180,0.00361,0.015455,0.00176,130,1,-14.5301671690523,2.65559184393082,14.5376578240109,-2.80902553119153
174,180,0.007729,0.055499,0.07594,213,1,-4.7409092812066905e-14,-3.65305052093096e-13,0.00117954859701,-8.01323649445469
175,180,0.001209,0.006898,0.00516,245,1,-35.6625745439412,7.14270881357704,35.677790109894,-7.59984777367865
177,180,0.004135,0.024431,0.0097,242,1,-10.551652734177,4.9245481434022,10.5571704516945,-5.9152792951254
179,180,0.011952,0.044383,0.01477,103,1,80.8542822164231,-16.0897733197918,-80.0896392560564,17.3690908836813
182,184,0.000228,0.001104,0.0,0,1,-9.69969263618104,19.5233361519598,9.70071169052502,-19.5184017835574
183,187,0.004202,0.019178,0.01656,163,1,58.7504220973693,10.785708872544,-58.6062539702656,-11.8515465784428
183,189,0.000293,0.001083,0.0,0,1,-17.9128817630063,5.42970922129347,17.9138635352685,-5.42608034975787
188,189,0.023679,0.655281,0.0,15,1,-0.147292487360014,2.13465631086228,0.148302576075311,-2.10670361254525
185,190,0.001166,0.024676,0.0,102,1,10.0745059240765,1.68863332375363,-10.0733323181876,-1.66379636070527
187,190,0.004483,0.019867,0.00663,122,1,-28.4292247034385,7.85171998893684,28.4670927914922,-8.37075933143829
189,190,0.002027,0.120189,0.0,100,1,4.17969541461127,4.08173859513725,-4.17903374967818,-4.04250581435606
181,191,0.00043,0.004149,0.01856,512,1,-4.52944479877707e-13,-2.8786233345087097e-12,3.83284991904709e-06,-1.92092421091627
186,191,0.000242,0.001185,0.0,0,1,13.598602321188,15.6654063201661,-13.5975965327106,-15.6604812815471
187,191,0.000723,0.003794,0.00388,238,1,61.432571059425,6.06569470474147,-61.4059676007931,-6.3279192462666
187,192,0.0075,0.030416,0.06495,159,1,-4.55038813525227,-6.82074540887621,4.55275071273006,0.0903813031270941
185,193,0.000444,0.02805,0.0,248,1,0.0872202427002264,9.73074413240109,-0.0868146845852051,-9.70512272445886
188,193,0.005696,0.16224,0.0,88,1,-0.933831878793503,-42.7427826792319,1.05120418025944,46.0859150861548
190,193,0.001698,0.015562,0.03117,565,1,-14.2147267233375,14.0770615071584,14.2220763503941,-17.2309717163184
184,194,0.000285,0.001097,0.0,0,1,-0.577288613388772,-0.997639820159251,0.577292175644804,0.997653531720187
188,194,0.006363,0.207194,0.0,98,1,0.976022230112588,2.47881200101963,-0.975601482154758,-2.46511147416522
192,195,0.00104,0.003653,0.00084,149,1,-4.5527507128495,-0.0903813031005119,4.55295818829122,0.003820974584535
188,196,0.00376,0.02202,0.01099,251,1,-0.0197295162810734,38.1810381095471,0.0723888463647445,-39.0428621921387
195,196,0.00602,0.1165,0.0,80,1,-8.71226835434486,-6.81809715707591,8.71935827708072,6.95530247247918
188,197,0.006253,0.028046,0.00262,125,1,0.124831652331963,-0.0517237422539607,-0.124830284260498,-0.229467075305527
195,197,0.340158,7.304749,0.0,2,1,-0.124614007808743,-0.224822630048289,0.124830284262335,0.229467075300494
196,200,0.001427,0.010641,0.00662,258,1,-8.79174712336548,32.087559719538,8.80700555593707,-32.6708519860867
198,201,0.001642,0.015346,0.07162,595,1,1.17939461862686e-05,-2.83763458337002,-8.76902717106276e-14,-4.55928864917994
200,203,0.014731,0.548188,0.0,26,1,-0.363177591465748,-0.39934026362921,0.36321848260755,0.4008619548411
202,204,-0.003741,-0.123451,0.0,115,1,8.89186358198957,-4.76851522396849,-8.89544016949538,4.65048974837914
198,206,0.031778,0.087865,0.00359,59,1,-6.21852652916442,-21.3232131964732,6.36788024506995,21.3578913758583
199,207,0.000841,0.003987,0.00166,243,1,-10.4460976106348,-2.8825082844208,10.4470211037302,2.71009110234389
202,207,-0.000105,-0.006046,0.0,496,1,-10.7192923017385,3.43210744319375,10.7191673844241,-3.43930030112769
206,207,0.005655,0.156147,0.0,95,1,-20.0943981208188,-23.7877409063079,20.1499946594236,25.3228837380533
200,210,0.000751,0.004487,0.01059,239,1,-8.4438279644455,33.0701922496646,8.45242794698239,-34.1288706836235
202,211,0.00395,0.03863,0.07433,647,1,0.942882528786202,0.869575039594532,-0.941985226866765,-8.7616170805332
207,211,0.000116,0.002269,0.22402,2454,1,-16.247841876695,81.4005843214593,16.2576152330619,-105.025750248501
208,211,0.01547,0.103227,0.03637,195,1,5.79329773462807,-4.18041027445903,-5.78764666815897,0.364407611981636
210,211,0.003327,0.019515,0.04228,286,1,-3.40594953181212,-38.0588941969307,3.44715794384327,33.8446988358522
204,212,0.008176,0.025874,0.00179,63,1,41.4919503018296,3.67410298343642,-41.3572877255416,-3.43581883302937
205,212,0.000305,0.019391,0.0,503,1,-7.77712955604173,-182.132226050395,7.8812700532728,188.753171564518
210,212,0.000299,0.001067,0.0,0,1,-5.04647841514908,72.1877648803147,5.06143607401486,-72.1343875491783
209,213,0.002275,0.012155,0.00231,221,1,-37.1812592540227,-10.6670537216952,37.2134194609824,10.5943131603961
208,216,0.000269,0.001016,0.0,0,1,115.206702135477,-9.24958439848017,-115.172742872317,9.37784689428163
213,216,0.000566,0.004274,0.00239,283,1,-68.645199659459,46.2160171822432,68.6817983157685,-46.1928218971273
214,216,0.001943,0.060087,0.0,234,1,-2.00168178107667,-5.60274095759973,2.00233625440571,5.62298045267036
215,218,0.001952,0.010371,0.00218,256,1,23.6238169496245,7.2708303634795,-23.6124666686832,-7.439942984189
217,218,0.002985,0.018241,0.00804,164,1,-62.0682954195614,2.99284321679252,62.178297900728,-3.16471294584358
218,219,0.018656,0.041596,0.00259,52,1,-6.86314484029611,-0.337695103960332,6.87151195952345,0.0837491323254969
193,220,0.018281,0.056195,0.00759,78,1,-15.1864658460173,-15.6928921542167,15.2688544633026,15.1547342233371
203,220,0.000226,0.001029,0.0,0,1,-0.363218482613607,-0.400861954845451,0.363219109957171,0.400864811201768
215,220,0.000249,0.001102,0.0,0,1,-48.4936092296723,-14.85414918938,48.4996883870846,14.8810537334299
213,221,0.010673,0.202691,0.0,58,1,-3.26192646557687,-12.6828969190539,3.28027513835156,13.031356661711
220,221,0.000156,0.011398,0.0,1138,1,-47.9968910689323,17.432700522874,48.0007499163454,-17.1507572997029
207,222,0.000178,0.005031,2.57652,4046,1,-25.0683412708616,-105.994258860526,25.0710216522637,-167.995997885072
213,222,0.000222,0.001044,0.0,0,1,88.1423770699566,-81.2683576975104,-88.1122986233776,81.4098076895309
214,222,0.000297,0.021467,0.0,667,1,14.4805963991336,-26.4325348305595,-14.478029168202,26.6180928992749
220,222,7.3e-05,0.00666,0.0,1335,1,14.4127438403252,-60.2283459192383,-14.4100880080634,60.4706451365483
213,223,0.002111,0.009696,0.00779,213,1,-26.1486704588686,33.2109291932932,26.1847733530615,-33.8694234131459
220,223,0.000136,0.011472,0.0,1345,1,-29.0718503149177,-5.32121496276733,29.0729772209197,5.41627279846914
215,224,0.000279,0.001054,0.0,0,1,-32.5104784847174,-5.54004722148778,32.5133585956502,5.55092764056718
219,224,0.000236,0.001151,0.0,0,1,15.3069306290998,-3.49596167509199,-15.306378579707,3.49865408547808
220,224,0.000209,0.001099,0.0,0,1,17.2077295870413,9.0535232519712,-17.2069800156323,-9.04958172575841
220,225,0.001534,0.0141,0.05883,649,1,-25.2935690376348,10.5808619784416,25.3056027101582,-16.6628777985018
189,226,0.004935,0.024536,0.00718,177,1,-69.6219976055043,1.21808304446737,69.8508998150781,-0.833036769540659
204,226,0.001688,0.016555,0.32563,1204,1,-26.1965102263885,-8.6445809510334,26.2086631293946,-25.5224099623504
218,226,0.017457,0.046412,0.00743,48,1,-31.7026863927628,10.9423510326856,31.8909322451992,-11.2231763133807
220,226,0.003946,0.13806,0.0,103,1,-10.1857873787512,-8.16505066855667,10.1923270414952,8.39385600014035
226,227,0.000983,0.005841,0.00521,284,1,51.0207367659329,14.5440724428208,-50.9943602544003,-14.9347047320819
223,228,0.008267,0.020213,0.00248,77,1,-54.2577506205462,28.4031555120191,54.5521032107016,-27.9449176388949
226,228,0.000286,0.001125,0.0,0,1,-238.85971160514,11.3062220575808,239.015173572039,-10.6947020828902
222,229,0.00293,0.01895,0.00362,221,1,46.5234933609171,-9.58526325623666,-46.4613541942897,9.60247847385206
221,231,0.000648,0.008162,0.14002,1263,1,-67.0864782210828,-4.0360309774114,67.1143113999469,-10.3231921268132
226,231,0.010873,0.027267,0.00063,46,1,9.94482879277394,-1.72306132997777,-9.9343114146045,1.683201798068
182,232,0.00022,0.001062,0.0,0,1,8.97323632239935,27.2301851918023,-8.97153557132279,-27.2219752025145
229,232,0.001761,0.022313,0.38967,1241,1,-14.3115378042399,-18.6353067505917,14.3150021152781,-22.738288335002
230,233,0.014281,0.077985,0.01751,184,1,4.96330261666074,-0.27584226185102,-4.95990655697529,-1.54816658459338
225,234,0.000269,0.001149,0.0,0,1,299.923656214563,27.6220071147295,-299.69149007042,-26.6303383429086
183,235,0.013501,0.085893,0.10118,244,1,-14.3961392499325,-7.64850128288707,14.4236182699975,-2.79693495219315
228,235,0.009655,0.047127,0.0075,123,1,16.3418297750479,-4.32037405406533,-16.3159324434828,3.65674391244975
230,235,0.000242,0.001153,0.0,0,1,-19.6571270726761,-4.30474794260614,19.6580572543469,4.30917975858335
183,236,0.016067,0.065699,0.00776,126,1,-4.82882419411185,-4.85426468913351,4.83544824109189,4.06709306911769
211,236,0.000249,0.003957,0.43136,2647,1,-12.9751412818967,79.5782608811163,13.0001740774557,-124.776213796346
212,236,0.000457,0.002911,0.01492,266,1,-19.2365243081637,-130.579914166871,19.3118038180112,129.494119416666
215,236,0.00027,0.001051,0.0,0,1,57.3802707645224,13.123366047417,-57.3713918846834,-13.0888041855249
232,236,0.003678,0.019413,0.00383,170,1,-24.1118614760433,29.4100056932156,24.1623355843425,-29.5487506936007
234,236,0.001525,0.063904,0.0,292,1,1.45470365310693,-32.86810641852,-1.43836988355669,33.5525609820205
187,237,0.02687,0.060793,0.00233,66,1,2.1155224526383,-2.44998845415529,-2.11295532352406,2.21413620983258
235,237,-0.004947,-0.140793,0.0,103,1,-17.7657430806845,-5.16898871844152,17.7496704045282,4.71155587144972
185,238,0.009097,0.034573,0.004,106,1,-20.3066782384141,-11.8123735328511,20.3546801766457,11.5777632232507
234,238,0.000284,0.001088,0.0,0,1,19.9061177119143,11.6032659844034,-19.9046802233426,-11.5977589859315
182,239,0.006214,0.164682,0.0,115,1,-4.15039743441359,-48.4692959546114,4.31774063321277,52.9041869531065
183,239,0.000228,0.001181,0.0,0,1,-82.5342266496629,-10.9100559287401,82.5493400933084,10.9883409153425
184,239,0.009401,0.043693,0.00446,132,1,-4.92342317025444,20.0060495887374,4.96181062860354,-20.2979743077066
234,239,0.000284,0.001111,0.0,0,1,278.222663304957,47.8087540378536,-278.006877200479,-46.9646048756182
237,239,0.007699,0.216613,0.0,64,1,-6.36249007033363,-1.6238512807487,6.36568815210229,1.71382999047146
186,240,0.000393,0.026604,0.0,437,1,-13.5986023210578,-15.6654063197789,13.600235688296,15.7759765538848
232,240,0.009359,0.035493,0.00512,122,1,22.9683948388059,20.3402658979051,-22.8845158686024,-20.5614404966147
237,240,0.009383,0.040733,0.00538,127,1,-9.27422501074463,-5.30184080103412,9.28428018008116,4.78546394218754
242,243,0.003766,0.020037,0.02368,216,1,11.2688844595707,1.30670195680827,-11.2639311212467,-3.67752033035639
244,247,0.001607,0.007518,0.00249,204,1,12.316747888051,14.8289851465862,-12.3107415737143,-15.0505996679919
245,249,0.010449,0.027606,0.00443,151,1,-23.3705021685321,4.84623097756936,23.4301559609778,-5.13284641187527
248,249,0.0071,0.051782,0.02325,222,1,22.9073299355461,31.2821164407447,-22.7994662806657,-32.8717391492009
245,250,0.002702,0.011897,0.00122,160,1,18.9348147240712,0.51726153328016,-18.9251345874655,-0.596774586250437
247,250,0.011933,0.054787,0.0059,127,1,-8.10331427903722,2.41799223115475,8.11201508520406,-2.96865690740383
242,251,0.001346,0.006996,0.00182,177,1,35.9201233207711,6.62766609915551,-35.9023836097488,-6.71969912192108
248,252,0.00046,0.029629,0.0,530,1,24.9634315186549,-69.3577498388648,-24.9372567760506,71.0436877706552
244,253,0.000404,0.014889,0.0,171,1,-21.8662711006101,-12.9652006959526,21.8688709836153,13.0610166812627
246,253,0.000284,0.00115,0.0,0,1,29.1579392890189,-3.12518784717979,-29.155517207698,3.13499557083863
253,255,0.003378,0.102631,0.0,153,1,0.0,0.0,0.0,0.0
246,257,0.000719,0.003064,0.00076,185,1,-35.307822560011,1.2827554643625,35.3167242892766,-1.3214705393915
256,257,0.000284,0.001014,0.0,0,1,27.7816496696255,-1.72573964883087,-27.7794686182816,1.73352692369961
256,259,0.024002,0.052312,0.00272,69,1,23.0696160387249,-6.20269784253757,-22.9342478553721,6.22393207809199
252,260,0.010331,0.045531,0.00442,129,1,24.9372567764495,-17.7268092935025,-24.8409922815768,17.7082770176895
247,261,0.000386,0.025432,0.0,644,1,-4.09071428766507,-19.9846766042023,4.09231803718579,20.0903412617439
249,261,0.008244,0.046195,0.01614,192,1,26.0277579689101,-13.857299352307,-25.958141660615,12.6208118912424
254,261,0.001694,0.003955,0.00018,62,1,-46.5944030515901,-17.4535840256688,46.6359694379037,17.5324443415405
258,261,-0.0003,-0.016954,0.0,319,1,6.63369091347013,-2.76500799088015,-6.63384392887539,2.75636058027719
258,263,0.021364,0.739252,0.0,25,1,1.37972953646644,0.544513658355406,-1.37926537537825,-0.528452433267969
259,263,0.000678,0.007232,0.15354,1048,1,31.8066474542801,-9.28473477033728,-31.7998013010133,-6.06138584933472
262,263,0.007162,0.039881,0.00989,186,1,6.51559477210853e-14,-7.21628538775918e-13,1.75927666502145e-05,-0.993196187247279
256,264,0.000281,0.001198,0.0,0,1,-28.8471836858361,10.9623227797877,28.8498361765016,-10.9510142964524
257,264,0.00353,0.02067,0.01032,251,1,-3.12526161745734,-0.0397372925949733,3.12561149617316,-0.999266762053564
244,265,0.000201,0.001026,0.0,0,1,-11.3293836566459,-8.18351142988627,11.3297746222881,8.18550710525427
260,265,0.002147,0.011062,0.00361,144,1,15.3445163412288,9.90013749072611,-15.3373311581548,-10.2262267859956
264,265,0.015777,0.230733,0.0,71,1,2.30778385287404,0.798672866345542,-2.30685114506947,-0.785032347243501
260,266,0.0002,0.001033,0.0,0,1,69.113752671456,-104.834572217823,-69.0824467766347,104.996267164575
261,266,0.00022,0.001074,0.0,0,1,-10.8024303723086,122.944272384227,10.8355509504138,-122.782583743841
259,267,0.07362,0.131577,0.00219,60,1,-8.87239960059807,3.06080269063353,8.93747196144296,-3.16499214114206
253,268,0.003386,0.094202,0.0,113,1,-3.47806356124699,-0.928204482067191,3.47849875005943,0.940311882099592
260,270,0.000542,0.029789,0.0,495,1,-69.1518798256024,-5.95991135908825,69.1778018184806,7.38461660972829
269,270,0.083806,0.17585,0.00475,60,1,-44.8451781507038,18.7868562119978,46.8444703859827,-15.0683375733707
269,271,0.000223,0.001115,0.0,0,1,20.7382792881589,-4.27299445267395,-20.7372741714982,4.27802003597735
262,272,0.000285,0.016566,0.0,527,1,0.0,0.0,0.0,0.0
253,274,0.000382,0.009624,0.0,108,1,-11.6077948646632,-19.2010237922693,11.6097022146714,19.2490770291265
258,274,0.021476,0.085924,0.02301,161,1,-5.5236571159112,0.601215877664938,5.53078928440959,-2.90209055214299
264,274,0.008778,0.022749,0.00406,63,1,1.65610191789562,-7.96824669760843,-1.65061870560395,7.57223218391113
267,276,0.000224,0.001123,0.0,0,1,57.8573034325764,8.19454141508413,-57.849724885882,-8.15654718321889
275,276,0.014646,0.047414,0.00702,143,1,-31.0913277731086,-1.76737651480173,31.2334662632464,1.52308697211764
251,277,0.000833,0.00444,0.00286,257,1,50.7341156447362,8.74492210594992,-50.712264224535,-8.91746221883716
256,277,0.001757,0.016846,0.04018,445,1,-7.54978290210914,-3.69771821922243,7.55082418021241,-0.347659854601539
257,277,0.004352,0.015647,0.00536,180,1,-9.85475502271165,-0.565505043176739,9.85894857164515,0.0396311926159982
267,277,0.00025,0.001156,0.0,0,1,-66.794775393757,-5.02954927375349,66.8058895427279,5.08094109859473
268,277,0.001505,0.008554,0.00177,243,1,3.68927606884903,2.31031831493074,-3.68898751225477,-2.48744369079725
275,279,0.000206,0.001067,0.0,0,1,-21.9354133227874,-7.43463868152785,21.9365204518422,7.4403731800788
247,280,0.005598,0.014289,0.00031,68,1,10.0559922144463,31.466464699511,-9.99494304515325,-31.3415269528194
260,280,0.000144,0.009297,0.0,972,1,22.0523083387882,85.193435279968,-22.0412373197138,-84.4786626109755
261,280,0.000387,0.023277,0.0,554,1,-0.385526116755769,-177.60920792304,0.5201419328869,185.705984026618
274,281,0.017768,0.041897,0.0042,67,1,-6.34440985169119,-0.614647834787029,6.35150513086535,0.205780635361685
273,283,0.000784,0.005248,0.00237,284,1,3.87290943510683e-13,2.83995694728064e-12,1.11527787192652e-07,-0.24009151005152
277,284,0.000236,0.001094,0.0,0,1,46.2799793243289,8.59682706418623,-46.2748004785052,-8.57282004159671
278,284,0.069821,0.188579,0.00461,57,1,8.08226248295936e-14,1.72702255593225e-13,3.74739062973235e-05,-0.465391833168311
279,284,0.000578,0.035522,0.0,416,1,-43.0783528752362,-14.3148512221252,43.090282825625,15.0480271697223
281,284,0.008285,0.051439,0.06652,249,1,2.97782540068732,1.32581131014699,-2.97529719757893,-8.04172397697949
274,287,0.001307,0.017748,0.48548,1331,1,-42.5323892521871,-28.9069061218694,42.5559952795638,-19.9702779984811
281,287,0.002887,0.02455,0.10103,529,1,-19.7533919698123,-2.97822804510294,19.7646257132229,-7.17758901128904
286,287,0.004477,0.032684,0.0438,216,1,18.6049956064637,-0.6784669543601,-18.5896577222335,-3.65989861372988
279,288,0.00894,0.035048,0.00431,118,1,4.09219483361233,3.05423773079029,-4.08973816595053,-3.47425728526074
282,288,0.00953,0.04199,0.01955,187,1,22.4538086209119,1.59281297999181,-22.4052132876683,-3.3308272872484
282,290,0.028262,0.086022,0.00392,56,1,-22.4538086213291,-1.59281298027424,22.5966059277536,1.63174218344589
286,290,0.000286,0.001153,0.0,0,1,22.5980490374492,1.63756003493268,-22.59660592765,-1.63174218318962
283,291,0.003869,0.020086,0.0105,288,1,-50.1268028501664,30.9521550502844,50.2606250380558,-31.3165797115561
249,292,-0.000173,-0.009296,0.0,551,1,-26.6584476481788,51.8618849149564,26.6525874672119,-52.1767764887595
251,292,0.004726,0.017302,0.00305,148,1,-14.8317320352448,-2.02522298413103,14.8421752859718,1.75468280193662
256,292,0.007762,0.055787,0.02788,217,1,-10.9215018462958,-3.89867213498355,10.9311566649258,1.14900080854798
260,292,0.014497,0.075709,0.00852,142,1,-12.5177052438618,-2.00736621051268,12.5406152003764,1.26619892860416
283,292,0.000262,0.00101,0.0,0,1,50.1268027387571,-30.7120635395761,-50.1178647712813,30.7465190630514
285,292,0.008133,0.031836,0.00354,125,1,-28.7262080532464,-7.24283533745071,28.7970877844434,7.16318515931245
264,293,0.000212,0.001107,0.0,0,1,-49.5203639364197,14.9731908824853,49.5259886347081,-14.9438204060451
268,293,0.000897,0.010589,0.2025,1290,1,5.92287183184442,-3.2984866617214,-5.92213391206106,-17.1341349321666
289,293,0.003679,0.022665,0.02062,208,1,-2.01065706526385e-13,-1.41614346268729e-12,3.94635168145425e-05,-2.08010416871649
291,294,0.000239,0.001044,0.0,0,1,-188.672886202956,7.78833565347359,188.757734328253,-7.41770200154571
293,294,0.003657,0.020704,0.00489,191,1,-86.2805157691464,24.3016449771594,86.5722653894877,-23.1422924746532
287,295,0.000261,0.001103,0.0,0,1,-6.53096332543418,28.9877705322002,6.53323433928845,-28.9781731058353
291,296,0.021879,0.048663,0.00496,59,1,-9.26570761435162,-2.93113429089383,9.28597577130493,2.47636423960712
295,296,0.000301,0.015859,0.0,479,1,-93.1854791832761,11.9957976046986,93.2116794668477,-10.6153647237602
242,297,0.000252,0.001104,0.0,0,1,-47.1890077805793,-7.93436805619294,47.1947025494159,7.95931656728665
295,297,0.000204,0.001082,0.0,0,1,57.4080454074373,11.2065711237808,-57.4011632799387,-11.1700688593031
247,298,0.069228,0.165272,0.00494,52,1,-1.63609224882021,-2.64389190414435,1.64191229275993,2.16050018695241
261,298,0.000202,0.001134,0.0,0,1,-6.94834539507005,1.66497746527336,6.94844731986875,-1.66440527358169
295,298,0.005261,0.134739,0.0,111,1,8.59420960449794,0.594696713201916,-8.59035961251306,-0.496094913154169
245,299,0.014577,0.058686,0.00379,110,1,0.833051014321849,-6.52858285158181,-0.8271028462965,6.1715246423009
256,299,0.0001,0.000114,0.0,81,1,-9.20813731378861,2.40471164764512,9.20822708869279,-2.40460930425436
258,299,0.062721,0.186685,0.00467,47,1,-2.48976333409934,1.61927845442761,2.49573567657199,-2.07353682975204
297,299,0.014433,0.059959,0.00753,164,1,10.894031289631,1.00322222711098,-10.8768599180391,-1.69337850809897
241,300,0.055774,0.14876,0.00222,61,1,-7.2168946989785e-14,-8.468389133571941e-14,6.9018904148133e-06,-0.22291315795618
291,300,0.000283,0.001188,0.0,0,1,26.7817696469797,9.89464190534761,-26.7794728688383,-9.88500030664811
297,300,0.028983,0.66543,0.0,125,1,-1.63852428885939,0.80564143120042,1.63947751203255,-0.783756074401171
12,90,0.000597,0.007121,0.15403,1112,1,-182.164799313635,-63.8768425233003,182.377885220538,50.6633375842994
43,91,0.000273,0.001103,0.0,0,1,-56.8790419745208,23.5626391871124,56.8892796468513,-23.5212759908466
59,80,0.009583,0.04075,0.00401,141,1,16.9029531005973,-4.5041841556918,-16.874087889843,4.22186830029241
33,106,0.00021,0.00105,0.0,0,1,-145.905709390171,-36.8472390515296,145.949831780327,37.0678510023121
113,159,0.000247,0.001186,0.0,0,1,71.3840666547281,29.0234809723454,-71.3703088809578,-28.9574213784523
89,178,0.006092,0.031913,0.01202,238,1,-99.8514515850892,-15.6118383772978,100.453481632955,17.511847447311
100,177,0.001599,0.010194,0.02351,153,1,31.8314799460893,50.8605377664539,-31.7756184422372,-53.0003984548887
61,155,0.04604,0.106552,0.00251,68,1,9.33401633175559,-0.0120784164504583,-9.29633312677015,-0.166834534897404
122,225,0.000294,0.00108,0.0,0,1,348.980847772865,17.9560780319232,-348.640082844981,-16.7042885009205
167,214,0.000372,0.027242,0.0,584,1,12.4830987100955,-31.7288697837593,-12.4789146181185,32.0352757881568
130,219,0.011227,0.046897,0.0066,128,1,18.3455089993493,-3.76322584867798,-18.3084426356422,3.22221727000244
176,195,0.016366,0.080876,0.00876,131,1,19.8944730320419,2.10547865204953,-19.8317333049102,-2.710335917825
239,277,0.019732,0.081463,0.00908,149,1,77.2263949271385,5.70488655045998,-76.0943898835322,-1.96483359091038
217,248,0.013593,0.069607,0.03939,207,1,48.1725194669069,-4.74152848707348,-47.8707614551974,2.17274380664175
239,296,0.000844,0.03912,0.0,456,1,102.585902758041,-4.04866522981084,-102.497655238734,8.13900048488681
189,286,0.025444,0.106017,0.01731,116,1,47.3801360787611,2.2329623232885,-46.8314535022369,-1.73227007795467
270,48,0.000271,0.001063,0.0,0,1,-119.209696316026,6.6270350933492,119.247868518778,-6.47730427591181
268,17,0.013871,0.064995,0.01059,149,1,-13.0906466511484,0.047856464517115,13.114222504781,-1.00878812495344
291,36,0.000219,0.001136,0.0,0,1,69.2792804156779,-17.2309548270773,-69.2681681098381,17.2885967423008
292,7,0.000296,0.001038,0.0,0,1,-54.1825254085741,8.23799359385032,54.1912985422104,-8.20722834819332
