from_bus,to_bus,resistance,reactance,susceptance,line_rating,line_status,P_from,Q_from,P_to,Q_to
7,8,0.0029205226651537,0.0294103982013977,0,618.805671624221,1,103.713143112679,0,-103.713143112679,0
6,9,7.58429722755942e-06,0.0092836968349325,0,319.441799592192,1,255.658547374136,0,-255.658547374136,0
5,10,0.0070199860356102,0.0088640422642436,0,369.670987773087,1,131.747448043004,0,-131.747448043004,0
6,10,0.0045432979113762,0.0103310025517034,0,349.1053079871,1,-131.747448043004,0,131.747448043004,0
5,12,0.0032503158281679,0.0111215140897823,0,475.194417832613,1,-137.198181355701,0,137.198181355701,0
8,12,0.0335318197634548,0.0206264801739006,0,3674.89777239474,1,-145.859391132179,0,145.859391132179,0
11,15,0.0015609377765555,0.0057471900851972,0,869.832997329635,1,225.687792905571,0,-225.687792905571,0
8,16,0.0010516691598674,0.0128030000914866,0,2088.90511005971,1,69.6962020446472,0,-69.6962020446472,0
11,16,0.0003750673009578,0.0004128837910669,0,6612.02170811989,1,-1414.63857241067,0,1414.63857241067,0
16,17,0.0006832252942231,0.0126931303077868,0,950.103618464855,1,-127.522700069116,0,127.522700069116,0
8,18,0.173404047602691,0.451596972367785,0,72.1804339893029,1,1.32513840716779,0,-1.32513840716779,0
15,19,0.0027972780273514,0.0116425967328056,0,368.701096856225,1,99.7784541099364,0,-99.7784541099364,0
11,20,0.0002364437287875,0.0012316365067592,0,1991.95507845342,1,1188.9507795051,0,-1188.9507795051,0
13,20,0.0029912721062217,0.0674733501735437,0,232.706455413589,1,11.1401240884315,0,-11.1401240884315,0
17,22,0.0125131144268195,0.0094434967163106,0,687.701046417753,1,269.204105915576,0,-269.204105915576,0
13,23,0.0019736543699583,0.108546560950795,0,225.145044160456,1,-11.1401240884315,0,11.1401240884315,0
14,24,0.002742319614834,0.0045747529871804,0,10524.6677817419,1,3954.78192142258,0,-3954.78192142258,0
16,24,2.62211756491152e-06,0.0001756209996268,0,15000.7111956964,1,-2133.81718209603,0,2133.81718209603,0
22,24,0.0002747842418362,0.0022140018961044,0,2078.85088549187,1,-586.408236541251,0,586.408236541251,0
23,24,0.0002234396107567,0.0003284108718186,0,4908.70038929051,1,-1407.67561550419,0,1407.67561550419,0
16,25,6.981574491751e-05,0.0008274338797457,0,1738.54424764394,1,916.397513079758,0,-916.397513079758,0
18,25,0.0244149542426505,0.793992787813246,0,72.1804339893029,1,1.32513840716778,0,-1.32513840716778,0
23,25,0.0314641426367129,0.0850730078468096,0,119.693627386528,1,7.88388111608445,0,-7.88388111608445,0
26,27,0.0032663084007198,0.0027240947598118,0,966.263236857137,1,-213.421093527239,0,213.421093527239,0
19,28,0.0017012962287846,0.0005792853332731,0,7781.65762474128,1,-1246.73163918976,0,1246.73163918976,0
21,28,0.0007399657966183,0.0103593313370377,0,2003.17009242177,1,-27.6452568427874,0,27.6452568427874,0
23,28,6.53197700025605e-05,0.0045957478540165,0,1974.46482443209,1,485.898298724392,0,-485.898298724392,0
25,28,0.0005789046890635,0.0020907061269526,0,4345.68233914764,1,747.288470359179,0,-747.288470359179,0
27,28,0.0017864752258049,0.0094406727645409,0,2072.18903761192,1,41.190126948975,0,-41.190126948975,0
9,29,0.0052774829570662,0.0906419475487735,0,126.814430364846,1,12.9758082001514,0,-12.9758082001514,0
19,29,0.0011096201321687,0.0004906313338563,0,6583.35466784853,1,1346.5100932997,0,-1346.5100932997,0
21,29,0.0001737190545482,0.0069276502239551,0,2832.40472417078,1,158.274015756967,0,-158.274015756967,0
21,30,0.0015793288233652,0.0135479928502657,0,1129.37366525075,1,-130.235703143635,0,130.235703143635,0
23,30,0.0003326008187345,0.00358140072937,0,718.332921213791,1,210.816973910204,0,-210.816973910204,0
23,31,1.068152720514e-05,0.0021554506740099,0,2332.20773742453,1,493.390901781909,0,-493.390901781909,0
25,31,0.0002745415233829,0.0035341590741769,0,221.833662951787,1,111.136557099007,0,-111.136557099007,0
27,31,9.25802313570507e-05,0.0025944979620408,0,1012.73706154636,1,-300.915172647674,0,300.915172647674,0
22,32,0.0004574780863543,0.0018043941109339,0,3680.68410725305,1,855.612342558413,0,-855.612342558413,0
23,32,0.0014615925900322,0.0119865502061418,0,247.335878137009,1,198.545436568014,0,-198.545436568014,0
9,33,0.0044796825242185,0.0022404828647532,0,697.450074678219,1,526.485557437867,0,-526.485557437867,0
26,33,0.0029474139990324,0.006144223073819,0,747.701312016532,1,194.290791974417,0,-194.290791974417,0
33,35,0.0026987983192772,0.0159897558573928,0,578.043911633613,1,140.398436003586,0,-140.398436003586,0
26,36,0.0021827443911791,0.0423612268702963,0,2550.28337767876,1,19.1303015528247,0,-19.1303015528247,0
33,36,0.0104094031611957,0.0177696808137064,0,1020.44199793684,1,-21.5751158910903,0,21.5751158910903,0
27,37,4.8452206351916e-05,0.0036310611394859,0,210.159171768902,1,46.3039521714613,0,-46.3039521714613,0
33,37,0.0318853732524444,0.021046521159148,0,486.466847524466,1,-76.3552682224516,0,76.3552682224516,0
34,38,0.0038341594919155,0.0139725592911226,0,1706.0603796792,1,179.565379804573,0,-179.565379804573,0
30,39,0.0014868740725394,0.0407464169083109,0,345.06863910036,1,80.5812707665704,0,-80.5812707665704,0
31,39,0.0019199527651762,0.0152521168220209,0,862.234990505337,1,195.050851019602,0,-195.050851019602,0
32,39,0.0001659733725406,0.0015733349475761,0,6133.34921125348,1,1054.15777912643,0,-1054.15777912643,0
37,40,0.0015541712414111,0.0252650490764261,0,1460.27301578934,1,-32.4961303892562,0,32.4961303892562,0
36,41,0.0782527688304872,0.241471953329769,0,33.6679896474938,1,-2.44481433826602,0,2.44481433826602,0
37,41,0.0280709311722587,0.259028156719773,0,31.4774017129713,1,2.44481433826604,0,-2.44481433826604,0
34,42,0.0045935279883331,0.0684754423613708,0,217.606666570545,1,9.819726368384,0,-9.819726368384,0
40,42,0.229994801538784,0.844843655083027,0,12.4195436601566,1,3.79787172863537,0,-3.79787172863537,0
2,43,0.0294165006461052,0.0709163184334391,0,120.886673594366,1,2.17604391534341,0,-2.17604391534341,0
21,43,0.0002647066979498,0.0033841734196983,0,826.535278980024,1,152.157376078114,0,-152.157376078114,0
34,43,0.0003341804207985,0.0030177413512464,0,330.483523596259,1,-229.687691710879,0,229.687691710879,0
38,45,0.0002323600560046,0.0042345082686898,0,1760.44553596712,1,-307.912179463914,0,307.912179463914,0
39,45,0.0001899616235532,0.0006288765265262,0,4470.23238114904,1,1421.94933747591,0,-1421.94933747591,0
39,46,0.0538353052787837,0.595487136807046,0,72.1804339893029,1,0.0,0,0.0,0
40,47,0.0002918522664156,0.0074977214092373,0,736.260794356725,1,-276.615647561651,0,276.615647561651,0
29,48,0.0005665149299311,0.0371772572461537,0,28913.8961844225,1,45.4797767600284,0,-45.4797767600284,0
45,49,0.139239487431903,0.124392623511006,0,15.8042649857652,1,1.77632815676538,0,-1.77632815676538,0
48,50,0.0011081410635241,0.0242265674831043,0,13322.075370491,1,45.4797767600283,0,-45.4797767600283,0
1,51,0.0251873179363748,0.0689920803370413,0,779.714860526269,1,-26.3828419014334,0,26.3828419014334,0
49,52,0.0008754153562683,0.187497196359286,0,17.1337930774415,1,1.77632815676538,0,-1.77632815676538,0
50,52,0.670318820789969,0.518983134047295,0,17.9983352086349,1,-1.77632815676536,0,1.77632815676536,0
3,53,0.018811539331763,0.034668171043679,0,192.187291199259,1,-59.6594850643614,0,59.6594850643614,0
51,53,0.000105507620599,0.0231338268722724,0,239.919564940704,1,59.6594850643613,0,-59.6594850643613,0
38,54,6.64328340563738e-05,0.0031183076982485,0,1218.92025709935,1,558.293143317704,0,-558.293143317704,0
44,54,0.0021734565402144,0.0010546741297316,0,1689.31339579751,1,-605.549248234499,0,605.549248234499,0
50,54,0.0045989205589448,0.0331995930828625,0,1576.72274306764,1,47.2561049167936,0,-47.2561049167936,0
2,55,0.0292363780992081,0.0746765814340469,0,101.396406295192,1,-73.0959870521409,0,73.0959870521409,0
3,55,0.0033813907505759,0.0057219141465076,0,736.561978687907,1,279.539008217462,0,-279.539008217462,0
43,55,0.0126399486447436,0.074486493265772,0,7361.96036321828,1,-75.3542717174216,0,75.3542717174216,0
47,55,0.0042516144993854,0.0061306318867231,0,577.042763486943,1,-276.615647561652,0,276.615647561652,0
1,56,0.006199564169649,0.0751642879684246,0,721.650722589245,1,26.3828419014335,0,-26.3828419014335,0
3,56,0.0120056734386644,0.115170236512784,0,5.95115385976737,1,3.0808067559329,0,-3.0808067559329,0
6,56,0.0026107072152195,0.132009703229757,0,929.718935108515,1,-29.4636486573664,0,29.4636486573664,0
4,57,3.0022432218068e-05,0.0001514386089024,0,1240.06337434106,1,-321.212883218391,0,321.212883218391,0
5,57,0.028973780325857,0.321567164403734,0,5.45073331245741,1,5.45073331269682,0,-5.45073331269682,0
4,58,0.0361920947737219,0.120950592640222,0,3.13802167451355,1,-3.13802167043529,0,3.13802167043529,0
6,58,0.0434332306303029,0.0860206921329623,0,230.082435154048,1,-12.8692624460285,0,12.8692624460285,0
4,59,0.0302271173781417,0.0896476553584939,0,3557.72801714562,1,-41.5958085345611,0,41.5958085345611,0
51,59,0.0011316648159487,0.0156953233159069,0,882.850924563455,1,206.195064244227,0,-206.195064244227,0
58,59,0.011681947374402,0.209243560790071,0,205.374680041988,1,-16.0072841164638,0,16.0072841164638,0
7,60,0.0024314259070562,0.0102262158887854,0,879.342759274031,1,301.388989289764,0,-301.388989289764,0
8,60,0.0521151103139686,0.0022141291096608,0,3019.5641604492,1,14.3731606159093,0,-14.3731606159093,0
57,60,5.13543856058322e-05,0.0007544871660944,0,1250.63068112014,1,-315.762149905669,0,315.762149905669,0
61,65,0.0567786807823518,0.129367170232906,0,182.862193117897,1,-10.8679871641979,0,10.8679871641979,0
65,67,0.0134421591184524,0.0860229936511119,0,7.72163741438208,1,0.0374678102570858,0,-0.0374678102570858,0
63,69,0.0010217764076332,0.0169861398458169,0,575.78446056295,1,169.482497337865,0,-169.482497337865,0
65,69,0.0006175628607395,0.0383073279191084,0,107.684218306265,1,-9.24203418984453,0,9.24203418984453,0
66,70,0.0454252476662186,0.216834884123781,0,63.414068070621,1,-5.93013738497115,0,5.93013738497115,0
68,70,5.32076971144529e-05,0.0045514010133739,0,1982.44941213706,1,-367.591799931338,0,367.591799931338,0
66,72,0.0014442092130559,0.0011715585061905,0,1325.394087421,1,1184.65942596557,0,-1184.65942596557,0
68,72,0.0018356893871057,0.004334032590779,0,1050.33672957861,1,230.893692758723,0,-230.893692758723,0
66,73,0.0080204981444129,0.0750707312777905,0,969.916068876504,1,-29.6473975741393,0,29.6473975741393,0
65,74,0.0013552023777707,0.274324957719959,0,5.73517196636108,1,-1.66342078461046,0,1.66342078461046,0
68,75,0.0003224473776556,0.0069336034755259,0,1050.58598536775,1,309.466706759962,0,-309.466706759962,0
66,76,0.0018987095730363,0.0383080712837516,0,33.2205228381386,1,-8.81369095446267,0,8.81369095446267,0
69,76,0.001082810454835,0.0191098517519185,0,313.309408372038,1,-88.2899469973385,0,88.2899469973385,0
73,76,0.0005606585001025,0.0046280884725943,0,1741.57581487633,1,407.947325596211,0,-407.947325596211,0
74,76,0.0010474724029661,0.0061953859658849,0,430.715959404245,1,-255.823867144445,0,255.823867144445,0
72,78,8.74231137554053e-06,0.0008068666993729,0,3153.98204363493,1,1415.55311872428,0,-1415.55311872428,0
77,79,0.001073493313646,0.0161927222392532,0,546.88503289642,1,178.362272527345,0,-178.362272527345,0
71,80,0.0005706315610862,0.0139822856895987,0,375.654029682083,1,170.159913851969,0,-170.159913851969,0
71,81,0.0174607273231637,0.102981531335691,0,1060.62354434115,1,31.0067938564251,0,-31.0067938564251,0
80,82,0.21825216181278,1.52533992157491,0,72.1804339893029,1,0.0,0,0.0,0
71,84,0.0034334519423884,0.0033303070526422,0,1490.48831880379,1,-346.67031030702,0,346.67031030702,0
83,84,0.0001399574846378,0.0039979819515736,0,621.685330078196,1,482.011677958895,0,-482.011677958895,0
83,85,0.243186075561325,0.875700831802143,0,3.89404106375193,1,0.792362548004261,0,-0.792362548004261,0
80,86,0.0009347914381927,0.0143079762674302,0,414.791258503286,1,170.159913851969,0,-170.159913851969,0
81,86,0.0001530775416502,0.002245414054067,0,2540.1144511007,1,721.800694788269,0,-721.800694788269,0
77,87,0.0020342022524884,0.164792767686432,0,72.1804339893029,1,0.226211511709562,0,-0.226211511709562,0
85,87,0.0483375899014512,0.157125159943316,0,72.1804339893029,1,-0.22621151170954,0,0.22621151170954,0
81,88,0.0014398205906765,0.0113606766090579,0,4394.2549657786,1,-406.552257530324,0,406.552257530324,0
83,88,0.0010010159226443,0.0041833812618078,0,3329.92960670129,1,395.854658064128,0,-395.854658064128,0
85,90,0.0755552265091654,0.127724210627861,0,2.08874253882678,1,1.01857405971377,0,-1.01857405971377,0
81,91,9.27060835197424e-05,0.0077702012514346,0,2588.28310091757,1,-406.956096332798,0,406.956096332798,0
83,91,0.0008957648782551,0.0078681733905291,0,5180.6797968132,1,395.592313226317,0,-395.592313226317,0
84,91,0.0394968153661442,0.299973470361774,0,41.7249954726907,1,3.95206590125471,0,-3.95206590125471,0
88,92,0.0027269948456848,0.0352207201084875,0,15.3552852389365,1,-10.6975994661964,0,10.6975994661964,0
92,93,0.0138258546744668,0.0834945929970621,0,37.6557017845347,1,11.1905469456667,0,-11.1905469456667,0
89,95,0.0045504595630919,0.0099193208601125,0,519.098042049334,1,201.455296952233,0,-201.455296952233,0
91,95,0.0866927248935019,0.0167924670843815,0,346.360775961739,1,-7.41171720522402,0,7.41171720522402,0
94,95,0.0388035847775674,0.0721980978110048,0,136.788426507903,1,-15.8685169430387,0,15.8685169430387,0
92,96,0.0127471483264263,0.166767103666623,0,33.0234396718412,1,6.09761436043343,0,-6.09761436043343,0
94,96,0.0076549985334959,0.008339204604242,0,234.493073266019,1,-220.367460965435,0,220.367460965435,0
92,97,0.0001912905450259,0.0796939645929165,0,72.1804339893029,1,6.29531102326411,0,-6.29531102326411,0
90,99,0.0058272116504724,0.110173510847921,0,101.717205790448,1,6.76214439563312,0,-6.76214439563312,0
96,99,0.0290965703638723,0.107530532755502,0,84.5946627631821,1,-6.76214439563307,0,6.76214439563307,0
84,100,0.0030439927384082,0.0354651671797671,0,27.1620328709775,1,-3.17407993959646,0,3.17407993959646,0
92,100,0.0188509516088903,0.243776339025419,0,72.1804339893029,1,2.19574595735728,0,-2.19574595735728,0
97,100,0.0048097956040704,0.0343161105864654,0,15.0714251243057,1,0.978333982239121,0,-0.978333982239121,0
78,101,0.0004627361865654,0.0064334851867148,0,298.001912774492,1,-225.39016960004,0,225.39016960004,0
83,101,0.0019451653391973,0.0077286446145377,0,1344.33710793841,1,329.03709973944,0,-329.03709973944,0
94,101,0.0412716375884403,0.0598216795605005,0,787.604540462604,1,-26.592262811572,0,26.592262811572,0
98,101,0.165118518353149,0.291175837312304,0,43.4066436638197,1,-4.05611812344289,0,4.05611812344289,0
93,102,0.0043842948242371,0.0249433277513977,0,790.361504776936,1,116.249906252145,0,-116.249906252145,0
97,102,0.0282107430097469,0.0405648460119118,0,292.234694050561,1,82.1477636225103,0,-82.1477636225103,0
98,102,0.0027996955857861,0.342492263706093,0,41.9433287862825,1,4.05611812344286,0,-4.05611812344286,0
94,103,0.0011130337966837,0.0038417509862924,0,474.921713944252,1,422.693133742871,0,-422.693133742871,0
101,103,0.004379103297283,0.0144201980679398,0,325.81488763237,1,222.928670813846,0,-222.928670813846,0
83,105,0.0042975254117156,0.0012612958904494,0,1018.22140803035,1,-433.879214677543,0,433.879214677543,0
97,106,0.0024508390787505,0.0094978152494466,0,937.74192099982,1,-120.17711362831,0,120.17711362831,0
67,107,0.0033320917338191,0.0413619513012046,0,1634.83540298058,1,31.8163979139708,0,-31.8163979139708,0
97,107,0.0263921712049301,0.0201985551838412,0,1507.37160139981,1,133.914719691253,0,-133.914719691253,0
104,107,0.0081233949763909,0.0556568088647926,0,1343.0237409398,1,51.212291509158,0,-51.212291509158,0
104,108,0.973825181785942,1.31377236322595,0,72.1804339893029,1,0.0,0,0.0,0
64,109,1.03044626011066e-05,0.0002421712785339,0,2782.16172664284,1,1935.65148354177,0,-1935.65148354177,0
74,110,0.0027566463252315,0.0104337768757497,0,458.703886767084,1,254.160446359835,0,-254.160446359835,0
101,111,0.0006790368890661,0.0035612226172721,0,239.412130133794,1,-149.930121609459,0,149.930121609459,0
105,111,0.0164957429976727,0.040671798988086,0,134.560453573634,1,62.8525514686819,0,-62.8525514686819,0
106,111,0.0012451209289505,0.0109584009368132,0,1094.93900422739,1,124.978471133351,0,-124.978471133351,0
63,112,0.0120247292179502,0.119544224108985,0,263.661375782106,1,-16.5784052564461,0,16.5784052564461,0
83,112,8.10031460582211e-05,0.0017877876302834,0,6483.24693822134,1,-1145.62772266017,0,1145.62772266017,0
106,112,0.0004437159834112,0.0374592181272593,0,211.596139873567,1,-71.7487251335612,0,71.7487251335612,0
109,112,0.0024979762091841,0.0007944791612172,0,3102.30609817445,1,1492.19433493508,0,-1492.19433493508,0
62,113,0.0004514998443975,0.0033171094132619,0,850.337339040895,1,-518.2595591907,0,518.2595591907,0
104,113,0.0227321177924904,0.0027250264911161,0,1178.28984712977,1,127.173628283022,0,-127.173628283022,0
106,114,0.0018387668626259,0.178333111050242,0,72.1804339893029,1,-0.813316811614806,0,0.813316811614806,0
63,115,0.0028704252832361,0.0119771993922156,0,438.279845380655,1,-158.646081073935,0,158.646081073935,0
105,115,0.0008269390644762,0.002094776221016,0,2574.13027162935,1,-677.481508186635,0,677.481508186635,0
109,117,0.0002966974355169,0.0164256049977993,0,1754.1840740419,1,127.523143262833,0,-127.523143262833,0
114,117,0.0111612453520015,0.0128093012007922,0,1020.38611241244,1,-127.523143262833,0,127.523143262833,0
63,118,0.0151288074260547,0.0238533762825946,0,70.4658847473405,1,5.74198899251712,0,-5.74198899251712,0
67,118,8.80911969812026e-05,0.0172693057756213,0,640.958143290214,1,-179.459924155091,0,179.459924155091,0
90,118,0.0033493910322651,0.131153571759135,0,90.615401718275,1,-5.74357033591926,0,5.74357033591926,0
93,118,0.0020888138315334,0.0203970844024604,0,768.74981392139,1,-105.059359306478,0,105.059359306478,0
97,118,0.0128882632643641,0.0188835497710946,0,503.817625708952,1,-90.5683926444283,0,90.5683926444283,0
115,118,0.0012936023560505,0.0061327986841784,0,1306.30223072326,1,332.165080702961,0,-332.165080702961,0
68,119,0.071904643357873,0.0794166773966716,0,1122.76813481594,1,-32.3701635837636,0,32.3701635837636,0
77,119,0.0087132137463371,0.0070939579442013,0,723.377787283815,1,-189.117300434946,0,189.117300434946,0
109,119,0.0024879835423781,0.010204528455681,0,497.808595644534,1,246.274701619284,0,-246.274701619284,0
61,120,0.0307322509622257,0.134921472714353,0,84.4764663864118,1,-7.77574649282635,0,7.77574649282635,0
77,120,0.0005529963873502,0.0207120289220552,0,140.131087318143,1,140.13108731693,0,-140.13108731693,0
111,120,0.0940474459591746,0.141989507406191,0,194.370644727933,1,10.6653927714349,0,-10.6653927714349,0
114,120,0.008112735136903,0.0239048498697901,0,1359.7464225999,1,126.709826451218,0,-126.709826451218,0
116,120,0.0002372148638855,0.0135746418365586,0,1221.21500386173,1,-205.048429527157,0,205.048429527157,0
123,124,0.0022882708863292,0.015156152455701,0,844.877593440608,1,194.53977085409,0,-194.53977085409,0
121,126,0.0082838986085873,0.102130580636789,0,224.482424293053,1,14.2634366040925,0,-14.2634366040925,0
125,128,0.0016462841133162,0.0126492604006288,0,873.892975358249,1,-79.3826827793541,0,79.3826827793541,0
127,128,0.0018315701162815,0.0107717020518483,0,412.588478607163,1,57.2178049140035,0,-57.2178049140035,0
128,129,0.008469502520391,0.0359228525235778,0,310.408591262281,1,82.1462367209745,0,-82.1462367209745,0
127,130,0.0106210913906417,0.0512837801852535,0,3996.33924625324,1,-39.5454914738814,0,39.5454914738814,0
122,131,0.0012689083330018,0.0665264108007759,0,923.279539039922,1,21.0950400979757,0,-21.0950400979757,0
129,131,0.0215199437563319,0.0635348393843592,0,3926.1678765872,1,-21.0950400979757,0,21.0950400979757,0
127,132,0.41868945480181,1.73530633843789,0,72.1804339893029,1,0.0,0,0.0,0
129,133,0.0012844246095392,0.0128452467687084,0,1434.27919626872,1,205.685087187229,0,-205.685087187229,0
127,134,0.0394836123669816,0.35859798669453,0,81.9725400409278,1,-8.7956416582519,0,8.7956416582519,0
130,137,0.173542304679511,0.791110715943469,0,2.47845886879022,1,-1.48494013616743,0,1.48494013616743,0
134,137,0.0672085018687758,0.0014436871981025,0,1816.11315972072,1,-33.7295752496033,0,33.7295752496033,0
127,139,0.0010196624748576,0.0810057605231943,0,5160.14380868024,1,23.7305196216352,0,-23.7305196216352,0
135,139,0.006015284662492,0.964671623949417,0,72.1804339893029,1,0.0,0,0.0,0
138,141,0.0012469510963414,0.0708737397412574,0,76.1538198289039,1,-60.9883582533968,0,60.9883582533968,0
141,142,0.0238384993460753,0.0186221496501283,0,892.329200329772,1,-21.510437258541,0,21.510437258541,0
134,143,0.0336949070297373,0.0871550258244651,0,1386.6333914157,1,24.9339335913517,0,-24.9339335913517,0
136,143,0.0011439500624811,0.008842543186309,0,529.488328852505,1,-178.526699071979,0,178.526699071979,0
137,143,0.0171367656624314,0.0178672733797425,0,765.666072698535,1,124.350959143217,0,-124.350959143217,0
139,143,0.0174834075407653,0.138217970852224,0,409.448029688974,1,-21.0051597193618,0,21.0051597193618,0
129,144,0.0035926860908207,0.021751067297532,0,519.000424225776,1,-102.443810368278,0,102.443810368278,0
140,144,0.0097250597256301,0.0791181792146192,0,240.357143579556,1,74.2096071278474,0,-74.2096071278474,0
138,145,0.008040868701109,0.108340298928427,0,50.0307106083378,1,-1.21301132886522,0,1.21301132886522,0
143,145,0.0197185197752317,0.10692790757117,0,48.9484213263873,1,1.21301132886522,0,-1.21301132886522,0
140,146,0.004388481368138,0.389795814419251,0,6.90324760697117,1,2.35203040946956,0,-2.35203040946956,0
137,147,0.0072563032797428,0.0250904312870877,0,307.729743475211,1,-100.705376307651,0,100.705376307651,0
138,148,0.0129778085007533,0.0446518687497639,0,102.268191835792,1,62.2013695822623,0,-62.2013695822623,0
140,149,0.0138653919108098,0.0306221610823806,0,244.214074323735,1,-76.5616375373171,0,76.5616375373171,0
143,149,0.0056698659887134,0.0704009079027079,0,299.303597099064,1,-83.7465328899615,0,83.7465328899615,0
147,150,0.0003856252756478,0.0203560095344498,0,149.202408166066,1,-88.0484232393347,0,88.0484232393347,0
130,154,0.0091851441295984,0.195187217375201,0,5.26343827836154,1,-2.33457423059538,0,2.33457423059538,0
146,154,0.0480236573141259,0.481200397150363,0,7.9149667753594,1,2.35203040946957,0,-2.35203040946957,0
149,155,0.0246865709090274,0.104637651902359,0,22.4647596300122,1,1.38145257812212,0,-1.38145257812212,0
147,156,0.0259453314558625,0.215708988596018,0,504.214553904733,1,-19.5839757515606,0,19.5839757515606,0
149,156,0.001270746071488,0.0190312866233259,0,276.475657119696,1,-161.689623005401,0,161.689623005401,0
150,157,0.0003266388356333,0.0081016082661175,0,114.29544346619,1,-52.3125045126424,0,52.3125045126424,0
151,157,0.0150990616027887,0.0515386643982221,0,234.54622827599,1,-14.1773078625016,0,14.1773078625016,0
152,157,0.002262181053717,0.0047070160864999,0,639.306864235812,1,-504.520679243637,0,504.520679243637,0
153,157,0.0015208608881215,0.0027092619687809,0,1239.89696043466,1,571.01049161878,0,-571.01049161878,0
150,158,0.0156734029433737,0.157626805111099,0,74.8021069936469,1,-3.04714449163824,0,3.04714449163824,0
152,158,0.0864835306987855,0.41988229697847,0,87.0685417097653,1,-5.79039221852268,0,5.79039221852268,0
152,159,0.0040330812912185,0.0069661702660498,0,1573.08583656851,1,399.005879654045,0,-399.005879654045,0
150,160,0.0182785392244316,0.322515764819556,0,14.4478014883466,1,2.90867674163484,0,-2.90867674163484,0
151,160,0.0306170115526489,0.0445239686581104,0,195.630521774498,1,14.1773078625016,0,-14.1773078625016,0
152,160,0.0085402682783627,0.0592811859378778,0,311.908011353925,1,-17.0859846041363,0,17.0859846041363,0
158,161,0.0174204106651136,0.0624318094492394,0,26070.6146722555,1,-34.1971967129521,0,34.1971967129521,0
159,162,0.0089103977094228,0.016960359941693,0,251.007313661316,1,-161.170670085453,0,161.170670085453,0
161,162,0.0007632946171472,0.0222135511185094,0,1737.17935935793,1,207.634805778059,0,-207.634805778059,0
161,163,0.0066083069437188,0.0076370911836152,0,465.479729375281,1,-241.832002491011,0,241.832002491011,0
155,166,0.0006882633045845,0.0620719949962807,0,24.3904460849735,1,1.38145257812212,0,-1.38145257812212,0
158,166,0.0106802680526374,0.0534569320966424,0,945.54053375807,1,25.3596600027913,0,-25.3596600027913,0
143,167,0.0046383456670385,0.0726761807775394,0,472.030311589176,1,37.8454510363476,0,-37.8454510363476,0
144,168,0.0064334990472861,0.0349024166933029,0,6120.11261015789,1,-28.2342032404308,0,28.2342032404308,0
159,168,0.002756806540233,0.0377495092546303,0,241.131147273865,1,83.3094787321501,0,-83.3094787321501,0
164,168,0.0030263289943605,0.32711348622947,0,37.734312878014,1,4.29891358197128,0,-4.29891358197128,0
163,170,0.002715691351801,0.0029969324484865,0,1177.64312370597,1,324.288396481664,0,-324.288396481664,0
169,170,0.0042883968057979,0.0070059112738246,0,1361.62258995165,1,-324.288396481665,0,324.288396481665,0
121,171,0.0061827408475519,0.16958274580899,0,152.969538413092,1,12.4776759768211,0,-12.4776759768211,0
123,171,0.173380887714718,0.426354931513281,0,37.4152078670996,1,-2.6373230417003,0,2.6373230417003,0
143,171,0.0952199070122841,0.268929444873943,0,58.972215892043,1,-5.55889553202361,0,5.55889553202361,0
154,171,0.0307499480557121,0.446196509041087,0,13.5062540864645,1,0.0174561788741645,0,-0.0174561788741645,0
164,171,0.0408920776462647,0.331073414603685,0,36.4703895054125,1,-4.29891358197129,0,4.29891358197129,0
167,172,0.0017225675007842,0.0240500849732291,0,200.851216475209,1,-133.291876654756,0,133.291876654756,0
121,173,0.0065526156263582,0.0326674859582764,0,649.107031395956,1,-26.7411125809137,0,26.7411125809137,0
166,173,0.0015833758227085,0.0441648159300989,0,1291.34883027248,1,26.7411125809134,0,-26.7411125809134,0
123,174,0.0009199644325574,0.0207960199326762,0,782.626192051329,1,-293.114139470859,0,293.114139470859,0
141,174,0.0020724194256689,0.0230555876985284,0,1035.25928697392,1,-104.303228626274,0,104.303228626274,0
142,174,0.0060600839713889,0.0931734501291312,0,951.639112248551,1,-21.510437258541,0,21.510437258541,0
156,174,0.0046169174589697,0.0161143164463462,0,422.667603435357,1,155.567940175145,0,-155.567940175145,0
169,174,0.0071052851781264,0.00398761532882,0,1023.87856349447,1,324.288396481665,0,-324.288396481665,0
172,174,0.0173777251483932,0.0866353570383745,0,2895.45862655759,1,-69.3816540789068,0,69.3816540789068,0
125,175,0.0004626851772659,0.0035589263149143,0,1261.73319206978,1,-613.42410166393,0,613.42410166393,0
159,175,0.0016599074931806,0.0046735665240931,0,476.86707102581,1,476.867071007349,0,-476.867071007349,0
165,175,0.144174091779139,0.0631547973607526,0,1338.69926942339,1,32.419305005845,0,-32.419305005845,0
126,176,0.0705384092539584,0.076292158443195,0,266.001235199306,1,14.2634366040924,0,-14.2634366040924,0
175,176,0.0036285100087817,0.10406634920046,0,205.400484400513,1,-14.2634366040924,0,14.2634366040924,0
127,177,0.0205994759854746,0.0441640349146621,0,103.731513966663,1,-32.6071914035054,0,32.6071914035054,0
172,177,0.660895705752686,0.172512802703449,0,24.286856762423,1,-0.0224056221570068,0,0.0224056221570068,0
168,178,0.200662175305053,0.411929160299707,0,36.0592898366406,1,0.404047635499372,0,-0.404047635499372,0
177,178,0.0011877605430324,0.0163045537221359,0,1093.87672268031,1,120.215513400818,0,-120.215513400818,0
122,179,0.0040306606660926,0.0663125926961339,0,1171.97770351231,1,-21.0950400979757,0,21.0950400979757,0
128,179,0.002820684603127,0.0290217585886092,0,198.970851859311,1,-41.0583989609496,0,41.0583989609496,0
178,179,0.0069449620126211,0.121928567993967,0,32.2870082967034,1,-8.98270988472167,0,8.98270988472167,0
130,180,0.0165833606699486,0.0499193422726385,0,2642.26966930149,1,-35.7259771071184,0,35.7259771071184,0
172,180,0.0102076869155557,0.0371786015177484,0,473.104557762604,1,-63.8878169536924,0,63.8878169536924,0
177,180,0.002364410127965,0.0155150166404977,0,791.827643025368,1,-152.84511042648,0,152.84511042648,0
181,185,0.0116408276354241,0.0264680255153967,0,450.904162016089,1,-96.9864822509418,0,96.9864822509418,0
184,186,0.0154650021793726,0.141860951408213,0,72.1804339893029,1,-0.890935299259921,0,0.890935299259921,0
184,188,0.0237849272509839,0.0151493382987517,0,844.197668868043,1,-113.571101385247,0,113.571101385247,0
185,190,0.0008530341265154,0.0155158958169412,0,232.801887603565,1,217.668251959733,0,-217.668251959733,0
189,190,0.0022712711765161,0.0290918489126317,0,527.560171578213,1,-99.7688045693104,0,99.7688045693104,0
181,191,0.0011567956650513,0.0388061851728527,0,255.85455655456,1,75.1374751977937,0,-75.1374751977937,0
184,192,0.0518090865962882,0.0019762438750064,0,354.42645433424,1,82.6420784353857,0,-82.6420784353857,0
188,192,0.0006393281406391,0.0430540678874897,0,7858.70633183685,1,43.7553994223171,0,-43.7553994223171,0
190,192,0.0239385913712469,0.0157059638485637,0,933.021760975949,1,309.112102935519,0,-309.112102935519,0
191,192,0.0164848401414655,0.0348158874734641,0,321.601059148099,1,78.9691767358937,0,-78.9691767358937,0
184,193,0.0226066414189746,0.0598975244939558,0,1013.56912427091,1,31.8199582491226,0,-31.8199582491226,0
187,194,0.136813536175279,0.869955623334386,0,72.1804339893029,1,-0.418884606767223,0,0.418884606767223,0
187,195,0.0332696025518428,0.653005131435529,0,4.15352326529004,1,-0.587340324447971,0,0.587340324447971,0
188,195,0.0458433918021155,0.133025459632566,0,9.66860412847329,1,0.525843828418848,0,-0.525843828418848,0
189,195,1.24442269954814,1.5079889514688,0,72.1804339893029,1,0.091875477467708,0,-0.091875477467708,0
194,195,0.268826457439834,0.62955456939358,0,2.25860725471283,1,-0.0303789814385669,0,0.0303789814385669,0
187,196,0.0772369780763871,0.200068409584138,0,6.16834831812954,1,1.00622493121523,0,-1.00622493121523,0
194,198,0.0482771944686029,0.574838250965565,0,72.1804339893029,1,-0.388505625328656,0,0.388505625328656,0
197,198,0.101089073793013,0.500088703547856,0,72.1804339893029,1,0.38850562532865,0,-0.38850562532865,0
189,199,0.0441200041711307,0.236883360696173,0,124.416461292145,1,-9.33942157820322,0,9.33942157820322,0
191,199,0.0442107350231927,0.369396235681387,0,31.4842563808335,1,-3.83170153809992,0,3.83170153809992,0
181,200,0.0051397695613055,0.0560265009673542,0,833.804113294373,1,-38.8901973358211,0,38.8901973358211,0
197,201,0.001855293431731,0.363605035246768,0,72.1804339893029,1,-7.4540692909075,0,7.4540692909075,0
196,204,0.14783958683,0.658491938583667,0,6.1592237100908,1,1.00622493121522,0,-1.00622493121522,0
197,204,0.0286160314126985,0.385135290396848,0,14.254661127373,1,4.27364371988478,0,-4.27364371988478,0
201,204,0.013448219184305,0.22443653202529,0,36.2277555589188,1,19.4097997462904,0,-19.4097997462904,0
202,204,0.0177760669810514,0.0599837063138698,0,336.506612707925,1,-14.7874817168032,0,14.7874817168032,0
203,204,0.0121747904258494,0.152979563303826,0,3.06514917074772,1,-0.923935225531292,0,0.923935225531292,0
201,205,0.0524895905519495,0.46302396219052,0,13.6255694057688,1,5.98473329556303,0,-5.98473329556303,0
202,205,0.0165239055645351,0.413084603361177,0,14.0452106705394,1,-5.98473329556303,0,5.98473329556303,0
186,207,0.0864285995739791,0.421165142670747,0,72.1804339893029,1,-0.890935299259937,0,0.890935299259937,0
200,209,0.0023447269728627,0.0125393916663869,0,316.327169123712,1,217.098941237303,0,-217.098941237303,0
201,210,0.0277161345181054,0.114108669132829,0,119.376147094969,1,-44.7513241676059,0,44.7513241676059,0
208,210,0.0093349418183449,0.0379194435961855,0,252.340184695751,1,-252.340184683984,0,252.340184683984,0
201,211,0.18362235183722,0.335711334154911,0,13.5620324023436,1,11.902721834845,0,-11.902721834845,0
203,211,0.0954670004934935,0.338954881223236,0,5.29843250230439,1,-1.48023453925278,0,1.48023453925278,0
207,211,0.0367284115695483,0.293966396374793,0,72.1804339893029,1,-0.890935299259932,0,0.890935299259932,0
193,212,0.0574877946659319,0.0287175371446641,0,941.535183939384,1,31.8199582491226,0,-31.8199582491226,0
202,212,0.0006339425303498,0.112450932440524,0,450.672850868338,1,20.7722150123662,0,-20.7722150123662,0
203,213,0.0316813750213158,0.344928629650865,0,10.9952747856288,1,2.40416976478403,0,-2.40416976478403,0
211,213,0.0083831425827637,0.0480869655645566,0,443.164247812289,1,27.6790121652216,0,-27.6790121652216,0
206,214,0.0137042430550696,0.0962440975013497,0,664.728450989614,1,-23.4382054569276,0,23.4382054569276,0
208,214,0.0264503501967826,0.0086690200031003,0,365.079190772896,1,-140.855135002624,0,140.855135002624,0
209,214,0.0006329549507289,0.0180582183102506,0,1538.92523550384,1,190.498237265446,0,-190.498237265446,0
213,214,0.002855560507172,0.0795984419610648,0,380.273332694616,1,-26.2048968058942,0,26.2048968058942,0
208,216,0.002567510423236,0.0049602828565042,0,1866.44506580035,1,582.893608697006,0,-582.893608697006,0
213,216,0.0038514988992805,0.0100631246850431,0,758.848466096364,1,201.381207446943,0,-201.381207446943,0
209,218,0.0038346958944233,0.086137623368151,0,771.6087894418,1,26.6007039718567,0,-26.6007039718567,0
211,218,0.0059352700304709,0.134368034862092,0,224.631648683369,1,-14.1671089467472,0,14.1671089467472,0
212,219,0.0298205875153061,0.0338535870547527,0,297.015018199404,1,-74.7892654448022,0,74.7892654448022,0
215,219,0.0040971709067198,0.0499755516761418,0,58.6340917113797,1,55.8082097996649,0,-55.8082097996649,0
218,219,0.0075500033849619,0.131857896406155,0,1695.73257467449,1,22.4102930762913,0,-22.4102930762913,0
215,221,0.0019471987400503,0.13059011485269,0,230.976543323236,1,-12.8096632223926,0,12.8096632223926,0
220,221,0.0172779345013151,0.12965296180986,0,203.297654970184,1,12.8096632223926,0,-12.8096632223926,0
213,223,0.0212706192322478,0.0374160865628564,0,827.880334196751,1,-123.992526273795,0,123.992526273795,0
218,223,0.040909865923492,0.140798969288202,0,190.05801068265,1,-9.97669805118184,0,9.97669805118184,0
220,223,0.0029506443597775,0.0105956182346333,0,391.661361164539,1,166.388529330821,0,-166.388529330821,0
199,224,0.0992015988990914,0.132108333080654,0,239.426612420328,1,-13.1711231163031,0,13.1711231163031,0
215,224,0.0188526501914498,0.0753581028227381,0,15501.692231554,1,-42.9985465772722,0,42.9985465772722,0
217,227,0.006088985987683,0.0539799757692529,0,84.7783725564722,1,-59.1509808558566,0,59.1509808558566,0
222,227,0.0583843261439326,0.222691322375298,0,12.9549247244801,1,1.62565412033333,0,-1.62565412033333,0
224,227,0.0310485468145216,0.0268647384597536,0,75.4278444426956,1,57.5253267355233,0,-57.5253267355233,0
181,229,0.0085478759804352,0.0308531785751729,0,69.6351940411346,1,60.7392043889692,0,-60.7392043889692,0
226,229,0.0594322956714861,0.110712704861536,0,736.077249403531,1,-27.6368089540286,0,27.6368089540286,0
183,231,0.0024179397099241,0.007538749630982,0,1048.80852942325,1,309.475325275586,0,-309.475325275586,0
222,231,4.02364337876278e-05,0.0037401634433967,0,693.095094549791,1,-256.395522732517,0,256.395522732517,0
224,231,0.0140236490406847,0.365766536725257,0,72.1804339893029,1,0.613567967737977,0,-0.613567967737977,0
229,231,0.0025530403238485,0.0351851139000258,0,2052.47073935637,1,-53.6933705108082,0,53.6933705108082,0
222,232,0.0034736124189362,0.0183602881645826,0,440.706242140177,1,254.769868612184,0,-254.769868612184,0
226,232,0.0040711987928741,0.0068448157813992,0,533.593749801269,1,100.463789876548,0,-100.463789876548,0
228,232,0.0594513071685065,0.0496846803763511,0,218.928193605937,1,10.4427681349108,0,-10.4427681349108,0
230,232,0.0052256097953846,0.0087713443207364,0,392.48566966015,1,-234.655890778546,0,234.655890778546,0
228,233,0.0989929115134345,0.0453745003993628,0,76.1345110005174,1,-6.33472911660986,0,6.33472911660986,0
229,233,0.0099506327096715,0.0338855381888984,0,336.210765895976,1,86.7957659457487,0,-86.7957659457487,0
182,234,0.0038301191276523,0.0037226272776992,0,687.54563713784,1,184.848740090678,0,-184.848740090678,0
226,234,0.0249876721375922,0.0151725816230756,0,257.325190644449,1,-143.426815877297,0,143.426815877297,0
233,234,0.0124479092029706,0.0993160598816621,0,458.499964912035,1,-20.7169962424512,0,20.7169962424512,0
192,235,4.68367476803131e-05,0.0034579845551647,0,1314.84123938999,1,544.450913333555,0,-544.450913333555,0
225,235,6.8954010513546e-05,0.027689937693307,0,864.289790795532,1,-112.023367410775,0,112.023367410775,0
230,235,0.0028638753798009,0.0004536022618329,0,788.193458048104,1,-290.482558315284,0,290.482558315284,0
234,236,0.0243649073975191,0.115782838611435,0,547.061438310189,1,20.5924527879147,0,-20.5924527879147,0
188,237,0.012823824131688,0.0428615525357065,0,214.624031805177,1,8.19504074763744,0,-8.19504074763744,0
197,237,0.0125453987035071,0.243485310416179,0,11.1207794231301,1,2.79191994569405,0,-2.79191994569405,0
236,237,0.101885673388225,0.0918594330352302,0,123.04040344863,1,-10.9869606933314,0,10.9869606933314,0
182,238,0.0241176564325417,0.145028480513899,0,148.259164323345,1,-11.4231228522974,0,11.4231228522974,0
183,238,0.0038842643279963,0.0511753735547134,0,1931.82904935808,1,53.9527872418997,0,-53.9527872418997,0
182,239,0.0061975367623805,0.0191383052645104,0,509.601932164186,1,-173.42561723838,0,173.42561723838,0
238,239,0.0236937779564802,0.0303986247297221,0,3222.0735826108,1,-54.6864954642695,0,54.6864954642695,0
234,240,0.0580698702319122,0.0795070912188272,0,72.1804339893029,1,0.112475183014604,0,-0.112475183014604,0
236,240,0.0162726872820165,0.0244050485473336,0,432.705967462611,1,-97.3286350368863,0,97.3286350368863,0
238,240,0.0050858406776213,0.024211444787327,0,428.791494116705,1,97.2161598538716,0,-97.2161598538716,0
242,245,0.00252833648683,0.0121787072272582,0,182.410671445129,1,68.286273233684,0,-68.286273233684,0
243,246,0.0658319681486541,0.255035499403297,0,72.1804339893029,1,1.11022302462516e-14,0,-1.11022302462516e-14,0
243,247,0.0173233365967929,1.34649873210877,0,72.1804339893029,1,0.0,0,0.0,0
241,248,0.0443377562762541,0.0564583864928256,0,2007.05416480941,1,-140.945872306098,0,140.945872306098,0
242,250,0.0116248136000081,0.229617950713778,0,97.0564278330718,1,-10.6194426518114,0,10.6194426518114,0
244,251,0.012135720862556,0.0760261820132198,0,153.8062654109,1,-133.643065965349,0,133.643065965349,0
242,252,0.476556110646232,0.0848560752042882,0,10.5375045089294,1,-2.20171612115725,0,2.20171612115725,0
250,252,0.0244129713004009,1.02265030856591,0,10.4248943787634,1,2.20171612115727,0,-2.20171612115727,0
248,254,0.0081452347654196,0.0975853953223656,0,688.090877714488,1,23.092089820326,0,-23.092089820326,0
254,255,0.0291806413827337,0.135700342537625,0,281.997104001431,1,14.8471811400257,0,-14.8471811400257,0
248,256,0.0828059329946169,0.0358388229225185,0,298.841559157034,1,-164.037962126424,0,164.037962126424,0
251,256,0.0113954424790625,0.0365770034409043,0,139.829808451194,1,-133.643065965349,0,133.643065965349,0
253,256,0.472350118937305,1.75265757766746,0,72.1804339893029,1,0.0,0,0.0,0
250,258,0.0025472932204658,0.0153589845617512,0,482.602497712161,1,-294.825647351731,0,294.825647351731,0
257,258,0.0346826177425623,0.0034262163766179,0,1549.87804038829,1,178.685432211805,0,-178.685432211805,0
249,259,0.012218635085852,0.0083040185480534,0,1637.12486669367,1,210.480364562451,0,-210.480364562451,0
250,259,0.0012129222601829,0.0156150751406607,0,606.826203555396,1,-180.21584493968,0,180.21584493968,0
257,261,0.0173194393009716,0.0799597687088623,0,83.3653112971728,1,-5.44121843831478,0,5.44121843831478,0
258,261,0.0037459300921567,0.0054549318157129,0,793.176076698145,1,-191.990213133822,0,191.990213133822,0
258,262,0.0169097903588571,0.222079834648069,0,3484.40491258681,1,29.6866490436142,0,-29.6866490436142,0
254,263,0.0022318966975337,0.0069092475317101,0,1226.69869897403,1,337.217326796478,0,-337.217326796478,0
255,263,0.0216500025305006,0.0212262794820503,0,282.330507469696,1,14.8471811400257,0,-14.8471811400257,0
257,265,0.0096702670207478,0.0275695464444904,0,1936.76998347573,1,-0.792613601416736,0,0.792613601416736,0
258,265,0.0082865077667581,0.443200918541774,0,12.268706897595,1,-1.43065351418979,0,1.43065351418979,0
259,266,0.117062417743556,0.0865081178288446,0,6348.86293420362,1,30.2645196227708,0,-30.2645196227708,0
260,266,0.0226497854755877,0.37796931642866,0,9.95540486146329,1,-1.51065007993778,0,1.51065007993778,0
262,266,0.0185711119441473,0.0786169274407007,0,2974.50272267435,1,-28.7538695428331,0,28.7538695428331,0
264,267,0.000999903216873,0.0095453987395745,0,2170.67742508539,1,-351.15964602641,0,351.15964602641,0
265,267,0.0200690298637793,0.0139819166685924,0,1813.4872710465,1,-2.22326711560648,0,2.22326711560648,0
269,271,0.0004092945342431,0.001856364406889,0,2230.08534317743,1,908.451632981807,0,-908.451632981807,0
271,272,8.88575610068843e-05,0.0013501986746778,0,868.867538390057,1,-704.246917129132,0,704.246917129132,0
264,273,0.0117347362417013,0.0146642641283865,0,1850.14606499824,1,349.631849332281,0,-349.631849332281,0
271,273,6.53260330194941e-05,0.0002303447657341,0,7148.84323575228,1,-2059.68802064858,0,2059.68802064858,0
264,274,0.0021382895961594,0.68379176571499,0,5.64546017934825,1,1.52779669413007,0,-1.52779669413007,0
271,275,0.0053147055609201,0.0088098528940285,0,734.895001378867,1,-676.898589188454,0,676.898589188454,0
268,277,0.166581798801348,1.84480067196602,0,72.1804339893029,1,0.0,0,0.0,0
272,277,0.0016685774798141,0.0106710095053989,0,316.452327288649,1,28.5117343803417,0,-28.5117343803417,0
273,277,0.0020885954557199,0.000133654504677,0,2203.93578459845,1,-1288.29111581319,0,1288.29111581319,0
260,278,0.298625208154481,0.237542805850277,0,10.5971879401367,1,1.51065007993778,0,-1.51065007993778,0
262,278,0.0025133484642908,0.0033280909610765,0,2743.08402702156,1,-399.844071069049,0,399.844071069049,0
270,278,0.0717141155935511,0.866169877488717,0,72.1804339893029,1,0.0,0,0.0,0
278,279,0.0071731887114697,0.09805279891248,0,33.0374162524112,1,3.71841093806808,0,-3.71841093806808,0
272,280,0.0217146746559403,0.0505902721537018,0,9297.58250061284,1,51.5161646344764,0,-51.5161646344764,0
276,281,0.0274771636751861,0.685789918183356,0,5.14255694862868,1,1.52779669413006,0,-1.52779669413006,0
274,282,0.0398606753122217,0.729573448441233,0,5.44255073306826,1,1.52779669413007,0,-1.52779669413007,0
276,282,0.0110530618999315,0.733012559879215,0,5.08643150225515,1,-1.52779669413006,0,1.52779669413006,0
273,283,0.0007827544974981,0.002929082329692,0,942.974754950926,1,-340.658051264202,0,340.658051264202,0
277,283,0.0001559432590339,0.0006553763140037,0,2851.84651747389,1,-1259.77938143287,0,1259.77938143287,0
278,285,0.0105517778391148,1.08106991235725,0,72.1804339893029,1,0.0,0,0.0,0
262,286,0.0021882529824544,0.0030533758889332,0,541.493891260948,1,458.284589655493,0,-458.284589655493,0
281,286,0.0035742366842511,0.640359046544789,0,5.69778523698586,1,1.52779669413005,0,-1.52779669413005,0
286,287,0.0084200912787128,0.144042020323022,0,21.5575536622951,1,-2.38680719900424,0,2.38680719900424,0
246,288,0.0061281175488411,0.0008170840772629,0,432.139354768997,1,-291.541540878217,0,291.541540878217,0
258,288,0.0603008924972183,0.086680807312628,0,1574.67602372452,1,47.5940024644704,0,-47.5940024644704,0
284,288,0.0009089291595329,0.0355350249663594,0,215.285711380289,1,72.0936652502443,0,-72.0936652502443,0
287,289,0.0303975301251852,0.141334766949369,0,24.3261462120204,1,-2.38680719900428,0,2.38680719900428,0
288,289,0.0003969261138024,0.0102856842440129,0,904.691520682567,1,309.701836500483,0,-309.701836500483,0
289,290,0.0236488838023297,0.0538476903232247,0,366.523665119058,1,-6.7738060684067,0,6.7738060684067,0
286,291,0.0314841641064088,0.0307975667308236,0,4908.49624874243,1,48.1151160970004,0,-48.1151160970004,0
289,291,0.000854373766248,0.0061199950624869,0,1969.45749471375,1,353.426407532132,0,-353.426407532132,0
284,292,0.0348072633956464,0.0830795359149537,0,229.548109900769,1,-72.0936652502444,0,72.0936652502444,0
241,293,0.0014573107989019,0.0286555556458659,0,350.67284241121,1,-151.944527940421,0,151.944527940421,0
241,294,0.0023910267348074,0.0180547433493143,0,292.890400252846,1,292.890400246518,0,-292.890400246518,0
244,294,0.0123099382007668,0.0304986274101007,0,176.15389541513,1,133.643065965349,0,-133.643065965349,0
246,294,7.29125912096885e-05,0.0039424321284113,0,1414.69258028366,1,392.719573949811,0,-392.719573949811,0
250,294,0.0045305339855771,0.003700647103946,0,2024.04581683426,1,373.920605941721,0,-373.920605941721,0
269,294,0.001135511329466,0.0005517930729096,0,3921.42872538754,1,-1250.37895506163,0,1250.37895506163,0
242,295,0.0009945186942952,0.003906098311025,0,449.790039293714,1,-7.19272333778633,0,7.19272333778633,0
250,295,0.0007358901448721,0.0272970171154352,0,144.61813098212,1,88.2997275767211,0,-88.2997275767211,0
273,295,0.0022192622584167,0.0107926363315811,0,286.077808798521,1,-81.1070042389346,0,81.1070042389346,0
242,296,0.0008340166456727,0.0225747936984187,0,181.401365219813,1,-33.528779469515,0,33.528779469515,0
290,297,0.0292578925884498,0.0501562911677977,0,355.342382005186,1,-6.7738060684067,0,6.7738060684067,0
296,297,0.0119680032379858,0.0585707807242352,0,338.279927233534,1,6.77380606840665,0,-6.77380606840665,0
242,298,0.0838784599877473,0.138862803657286,0,105.61083791501,1,-14.7436116534137,0,14.7436116534137,0
288,298,0.0001260161063101,0.0286025441468479,0,2186.97864994216,1,27.7531751844422,0,-27.7531751844422,0
289,298,0.007794773027302,0.147496892110405,0,365.58912149537,1,-16.2151476372562,0,16.2151476372562,0
294,298,0.0038516001190328,0.0173528089675129,0,4091.0775352183,1,-57.2053089582354,0,57.2053089582354,0
278,299,0.0028037961689562,0.0029623555393654,0,2612.18401008038,1,-402.051831927182,0,402.051831927182,0
299,300,0.005933990571991,0.0065722490637743,0,2376.62841539954,1,-402.05183192718,0,402.05183192718,0
35,68,0.0028509280660884,0.0084611012545547,0,444.860882039134,1,140.398436003586,0,-140.398436003586,0
20,115,0.0003509028313196,0.0010621806707984,0,2334.63356011446,1,1200.09090359353,0,-1200.09090359353,0
38,112,0.004164515310832,0.0435303220888485,0,249.232392526544,1,-70.8155840492154,0,70.8155840492154,0
45,66,0.0003897189834407,0.0015575170306244,0,7071.86706303181,1,1112.26082985522,0,-1112.26082985522,0
89,167,0.0097743739212588,0.0048707842660427,0,576.335204581538,1,-201.455296952233,0,201.455296952233,0
109,179,0.0066953404849985,0.0185148996432681,0,436.430476886161,1,48.4747092614919,0,-48.4747092614919,0
66,167,0.0014339245945882,0.0519296078433775,0,124.709419138878,1,-28.0073701967792,0,28.0073701967792,0
77,178,0.0012840724036536,0.0143666776284084,0,852.426349226933,1,-129.60227092104,0,129.60227092104,0
179,204,0.0738411549660593,0.123766912219668,0,43.5375292860181,1,-22.6614396821551,0,22.6614396821551,0
162,188,0.0014691083555404,0.0178087130448823,0,49632.8667944546,1,46.4641356926055,0,-46.4641356926055,0
165,223,0.0754810367103149,0.136912085999472,0,1272.64064520095,1,-32.419305005845,0,32.419305005845,0
141,208,0.0003928090890751,0.0272757521540231,0,461.014868534082,1,64.8253076314179,0,-64.8253076314179,0
188,292,0.0015675787880229,0.0401558494983367,0,2121.40035847051,1,-135.027796121205,0,135.027796121205,0
233,246,0.0025282277745237,0.023064597281451,0,519.487819104228,1,101.17803307159,0,-101.17803307159,0
216,272,5.24753385983276e-05,0.0025841135669946,0,1224.16002834878,1,784.274816143949,0,-784.274816143949,0
228,249,0.0106269320704466,0.0197322437214794,0,787.942579735181,1,-119.155194349904,0,119.155194349904,0
283,33,0.0009624908115466,0.0013919791727359,0,3357.58388337528,1,-678.308297522244,0,678.308297522244,0
283,29,9.23762969004621e-05,0.0006436413427567,0,3296.37181018242,1,-1472.28014049678,0,1472.28014049678,0
288,40,0.0027420758870312,0.0028362905575044,0,1011.82850538889,1,-240.321645443763,0,240.321645443763,0
296,34,0.0016575799501855,0.0056986338228167,0,347.369017951483,1,-40.3025855379219,0,40.3025855379219,0
