from_bus,to_bus,resistance,reactance,susceptance,line_rating,line_status,P_from,Q_from,P_to,Q_to
1,6,0.0016524630650723,0.121453659421929,0,86.8317860292349,1,-6.61910447186107,0,6.61910447186107,0
5,6,0.0002839854997947,0.0534283452622085,0,73.2728287180188,1,6.61910447186109,0,-6.61910447186109,0
3,7,0.305795417367274,1.18124956644052,0,3.15473295844072,1,-0.193480984932203,0,0.193480984932203,0
8,9,0.0009792111615875,0.0472179024393114,0,3405.38025910051,1,26.4831711662836,0,-26.4831711662836,0
2,10,0.0002417203574623,0.0100151857079292,0,741.667267153344,1,-95.2112856798208,0,95.2112856798208,0
3,11,0.128604039367883,0.362422229911222,0,27.1843469607965,1,-8.81332246957537,0,8.81332246957537,0
8,11,0.0014543608350997,0.0632885620351886,0,1605.01810255517,1,-65.5067649510218,0,65.5067649510218,0
10,14,0.158075088135292,0.239176637623669,0,277.369849126465,1,2.3792398967767,0,-2.3792398967767,0
13,14,0.0279273238521368,0.39922390783894,0,11.3500675371737,1,-0.535175637501141,0,0.535175637501141,0
10,15,0.0130022666857663,0.0604612188179017,0,309.87152369569,1,44.4542907672968,0,-44.4542907672968,0
13,15,0.0025995631350464,0.0707512569047838,0,149.126976685846,1,26.9259823333657,0,-26.9259823333657,0
5,16,0.0005061418757738,0.0012421256863232,0,2542.70854335967,1,-614.223383893039,0,614.223383893039,0
7,16,0.0763784432351733,0.0919975459318788,0,2.93053922698684,1,-0.193480984932204,0,0.193480984932204,0
8,16,0.0498500067037297,0.247685395157258,0,71.5483098132004,1,-4.83691854168602,0,4.83691854168602,0
9,16,0.0675576407737497,0.17143929761128,0,777.2465924443,1,-14.2821039684021,0,14.2821039684021,0
14,16,0.0001317552935347,0.0050827416433698,0,459.949157793877,1,237.492880710675,0,-237.492880710675,0
12,17,0.0035322983878088,0.0062410900392273,0,1519.33368762942,1,261.285205673574,0,-261.285205673574,0
8,18,0.0007385448283007,0.0423065333133393,0,225.711683339859,1,98.8183634930156,0,-98.8183634930156,0
13,18,0.0003414049457713,0.0371741589283373,0,186.842068121598,1,171.413602796514,0,-171.413602796514,0
13,19,0.103696838725032,0.0236590006825789,0,154.624835853555,1,9.81452923778021,0,-9.81452923778021,0
17,19,0.0225397707458452,0.110881544020835,0,171.071447419016,1,-9.81452923778019,0,9.81452923778019,0
11,20,0.000349541373596,0.0010471379377152,0,2383.80375823803,1,-618.12642794056,0,618.12642794056,0
12,21,0.0012560792110296,0.0082225872419211,0,1424.32532261047,1,-261.300419907163,0,261.300419907163,0
13,22,0.0004995727458055,0.0132125948412127,0,255.950083880782,1,-206.693382166301,0,206.693382166301,0
20,22,0.0083495884318286,0.0218724019406375,0,441.533495893473,1,-5.91418586288398,0,5.91418586288398,0
21,22,0.0693646454755065,0.14496527027116,0,82.271032732807,1,-1.87726364051655,0,1.87726364051655,0
14,24,0.0028535031117657,0.013685870129355,0,343.655906960209,1,-235.648816451399,0,235.648816451399,0
21,24,0.0666613768822521,0.132605159326578,0,152.263250760937,1,-7.38957766458113,0,7.38957766458113,0
18,26,0.0021579629129852,0.0162523983534958,0,460.961541937495,1,-211.985965607065,0,211.985965607065,0
23,26,0.0045678013368876,0.0384333640963436,0,43.422029453525,1,-5.97426853567378,0,5.97426853567378,0
25,26,0.0031391186760649,0.0059087913060549,0,493.930592456189,1,217.960234142739,0,-217.960234142739,0
17,27,0.0012782345096382,0.018046313363591,0,3.74909667978729,1,3.39656695492598,0,-3.39656695492598,0
25,28,0.00084024813144,0.0019363362580122,0,946.06834372507,1,290.202075274328,0,-290.202075274328,0
25,29,0.0079148178543328,0.0438414762553609,0,3.39656695492599,1,-3.39656695492601,0,3.39656695492601,0
27,29,0.0309912012830248,0.0318958785496377,0,3.43160483382722,1,3.39656695492601,0,-3.39656695492601,0
21,30,0.0003313506562481,0.0085923482653842,0,1182.036519853,1,-255.362135490386,0,255.362135490386,0
24,30,0.0013535681696292,0.0049961829396316,0,423.312191401189,1,-243.038394115981,0,243.038394115981,0
31,32,8.89806594853294e-05,0.0006051190402586,0,1381.76406338948,1,983.977429600923,0,-983.977429600923,0
23,33,0.0053429352977858,0.025202449614692,0,58.6237802787414,1,5.97426853567371,0,-5.97426853567371,0
28,33,0.0007930964523223,0.210841045919859,0,33.1369340282946,1,5.2462753200366,0,-5.2462753200366,0
33,37,0.0059137413837506,0.0319166011872205,0,146.703506020454,1,11.2205438557103,0,-11.2205438557103,0
36,37,0.077253739486094,0.500721437240298,0,32.6122527811119,1,3.80019293390552,0,-3.80019293390552,0
31,38,0.0025085114581768,0.0252722562174136,0,725.115242544269,1,58.063406394112,0,-58.063406394112,0
35,39,0.0010911403395139,0.0008208781963382,0,985.406365851507,1,-505.668406896184,0,505.668406896184,0
38,39,0.0007591940456352,0.0043973052373718,0,457.090526627211,1,90.0976089793055,0,-90.0976089793055,0
10,40,3.92881948858893e-05,0.00089997392958,0,5967.92159993971,1,-816.083060652875,0,816.083060652875,0
18,40,0.0052312190124529,0.0154226976180828,0,702.190387960561,1,-511.539789935352,0,511.539789935352,0
31,40,0.000451547398784,0.0003291775623256,0,2138.42792904261,1,-1042.04083599514,0,1042.04083599514,0
34,40,4.36194060742095e-05,0.000538313821801,0,7444.44264377426,1,3300.28733661651,0,-3300.28733661651,0
36,41,0.103203493050457,0.48453438547031,0,33.6058269259052,1,-3.80019293390552,0,3.80019293390552,0
39,41,0.0009692032634917,0.0016345304731548,0,1563.19382813,1,-470.114480679327,0,470.114480679327,0
13,42,0.329287952432134,0.83408973121214,0,27.9448977715632,1,-0.925556563858148,0,0.925556563858148,0
18,42,0.0209763645104949,0.0490798601910726,0,252.10530236883,1,-145.56181925934,0,145.56181925934,0
38,42,0.0008212918755337,0.0047502046009868,0,521.044984694426,1,-224.251389904192,0,224.251389904192,0
17,43,0.000483149291495,0.0063092348550478,0,2125.55519923839,1,267.703167956428,0,-267.703167956428,0
38,44,0.100618088960522,0.203578401843328,0,82.271032732807,1,0.0,0,0.0,0
12,45,0.0377952140750359,0.481216891864458,0,14.7852519630413,1,0.0152142335896249,0,-0.0152142335896249,0
16,45,8.03429919364653e-05,0.0032733593630472,0,3227.88117453168,1,-396.043006677384,0,396.043006677384,0
38,45,0.0002480071817522,0.0088801065375359,0,78.1273817754971,1,-67.1358834129619,0,67.1358834129619,0
37,46,0.0088155325652871,0.0301766772251538,0,310.462527450183,1,15.0207367896158,0,-15.0207367896158,0
46,48,0.0658760663823854,1.44395380108429,0,2.54208992254022,1,-0.873863645505796,0,0.873863645505796,0
43,50,0.0009328014833412,0.0023950258831633,0,2132.00475723091,1,270.327342954079,0,-270.327342954079,0
48,50,0.0035442241171818,0.014732773575489,0,1081.11590798615,1,54.3185460855867,0,-54.3185460855867,0
46,51,0.0053874980851011,1.24853713197389,0,7.35434689384282,1,-1.25460097491046,0,1.25460097491046,0
50,51,0.0017201305878329,0.042134730854748,0,80.2485468835161,1,-26.2220735351653,0,26.2220735351653,0
1,53,0.004754499134538,0.0127476117293946,0,480.821419448027,1,-65.063176463794,0,65.063176463794,0
43,53,0.02414151546291,0.352449601520565,0,70.190501098928,1,-2.62417499765054,0,2.62417499765054,0
46,53,0.0020606250693382,0.0102016620569065,0,487.783298594787,1,-199.368132009017,0,199.368132009017,0
48,53,0.0014911796086051,0.0155225456381086,0,527.011175725566,1,-49.7384638522032,0,49.7384638522032,0
52,53,0.0026774875824769,0.0051525740330439,0,759.25995998024,1,263.700838925785,0,-263.700838925785,0
4,54,0.0382968074325791,0.0577633878344331,0,120.273347381738,1,5.59915280009998,0,-5.59915280009998,0
10,54,0.0008294897298244,0.007529346384651,0,453.069877327607,1,224.525721771706,0,-224.525721771706,0
46,54,0.0085535787833173,0.0517821094931195,0,152.917782656017,1,-62.0027409293688,0,62.0027409293688,0
47,54,0.0025112702020774,0.0246155165761165,0,744.632551664253,1,-168.122133642437,0,168.122133642437,0
47,55,0.0052993694249138,0.0143279449321367,0,783.23205763122,1,-234.217727425682,0,234.217727425682,0
48,55,0.0474828047999788,0.213837750908527,0,94.1707587471327,1,-5.45394587888936,0,5.45394587888936,0
52,55,4.93326322556679e-05,0.0038782770630131,0,1625.01017040683,1,248.70480738378,0,-248.70480738378,0
1,56,0.0477446484786721,0.933950245995245,0,7.03127231917613,1,0.36476387162057,0,-0.36476387162057,0
3,56,0.0243561010053347,0.211635264748587,0,141.412786126007,1,9.52028059305976,0,-9.52028059305976,0
47,56,0.0170625558118201,0.0446776038367533,0,4663.74579419467,1,-40.1005242572235,0,40.1005242572235,0
51,56,0.425702573977515,0.320935485218564,0,32.4667451684848,1,2.18922819926536,0,-2.18922819926536,0
55,56,0.0451971976248006,0.173169505794841,0,290.89587632784,1,9.03313407920829,0,-9.03313407920829,0
49,57,0.0016699744790513,0.0026206579881937,0,931.399821437478,1,324.242161070923,0,-324.242161070923,0
4,58,0.0552177156341569,0.23653061640891,0,110.49810611652,1,-5.59915280009998,0,5.59915280009998,0
8,58,0.0013954782949365,0.0533403824557635,0,192.371256638729,1,-54.9578511665914,0,54.9578511665914,0
18,58,0.0068121051524019,0.20012443942987,0,116.856805259929,1,-35.5385639431217,0,35.5385639431217,0
40,58,0.0008338498024006,0.0007480302536093,0,3603.39383002023,1,1038.97978561775,0,-1038.97978561775,0
42,58,0.0062166709613244,0.0133247959172628,0,447.646460720071,1,2.40292994696125,0,-2.40292994696125,0
2,59,0.0015284381616814,0.0014703790543023,0,891.984828426094,1,95.2112856798212,0,-95.2112856798212,0
5,59,0.0019401069244346,0.0469401175720677,0,289.91889655274,1,-30.7958497480703,0,30.7958497480703,0
49,59,4.86159321126796e-05,0.0027150673072187,0,1057.77694784462,1,-324.242161070923,0,324.242161070923,0
1,60,0.0747296347931624,0.394446763615507,0,66.5055934003487,1,-4.60464302239383,0,4.60464302239383,0
3,60,0.0320569301714365,0.276800525191632,0,62.4491401615718,1,-0.513477138552185,0,0.513477138552185,0
51,60,0.0063572283353004,0.0490245264161418,0,124.962013702739,1,-29.6659027093412,0,29.6659027093412,0
58,60,0.0065321850390375,0.0528304931957839,0,173.053198386819,1,34.7840228702871,0,-34.7840228702871,0
61,63,0.0004648787368561,0.041165150338277,0,72.466928406752,1,-36.4948318497308,0,36.4948318497308,0
67,68,0.0015613314053307,0.0057591901468042,0,1007.41464594746,1,214.921893032047,0,-214.921893032047,0
68,69,0.0189874870806935,0.343253991089398,0,65.1959499488184,1,4.26922483496187,0,-4.26922483496187,0
62,70,0.0006795661690084,0.0318295427057992,0,2189.40803080456,1,17.1994355023953,0,-17.1994355023953,0
65,70,0.0392906820603887,0.0234108108541768,0,256.526643782227,1,69.2200788527116,0,-69.2200788527116,0
62,71,0.0033006347075916,0.0315919219123057,0,3493.98502221666,1,-17.1994355023953,0,17.1994355023953,0
64,71,0.0105291157913986,0.0042361190887066,0,416.312397699168,1,84.3539109410689,0,-84.3539109410689,0
67,71,0.0034690672455103,0.0721738942968921,0,3895.70202074858,1,17.9010275825444,0,-17.9010275825444,0
69,71,0.0018094792210667,0.0165917264546771,0,166.202046333022,1,-85.0555030212179,0,85.0555030212179,0
65,72,0.309213243608468,0.274892043005288,0,8.81969829520676,1,-3.22058567039599,0,3.22058567039599,0
65,73,0.372238092444574,1.45595183962345,0,2.31829597840432,1,0.40211052297714,0,-0.40211052297714,0
67,75,0.0017600385826405,0.0062697863005675,0,755.738067185408,1,205.288627840141,0,-205.288627840141,0
68,76,0.0009463646212076,0.006286923398092,0,693.751922499184,1,210.652668197085,0,-210.652668197085,0
72,77,0.0104901368895909,0.1034030393231,0,10.4556652826181,1,-3.22058567039599,0,3.22058567039599,0
74,77,0.0322755029196895,0.0955111364021494,0,9.73621555804305,1,3.22058567039599,0,-3.22058567039599,0
74,79,0.0006778588018949,0.0075827957567555,0,523.581666028675,1,221.669475437607,0,-221.669475437607,0
78,79,7.89023756922469e-05,0.0077217452885974,0,510.961158542218,1,-220.734300547375,0,220.734300547375,0
74,80,0.0020929476879565,0.0206522564360531,0,372.916949854641,1,4.04601060941641,0,-4.04601060941641,0
73,81,0.0395281919448534,0.366178167262049,0,2.35581701491957,1,1.10382525837309,0,-1.10382525837309,0
73,82,0.0725085529357704,0.350006645538878,0,82.271032732807,1,-0.701714735395954,0,0.701714735395954,0
79,82,0.524948968154724,0.197725471212372,0,82.271032732807,1,0.935174890231159,0,-0.935174890231159,0
78,83,0.0026446754521668,0.0216336245272602,0,117.92400967558,1,-49.1335233071415,0,49.1335233071415,0
74,84,0.0159522290313881,0.0216336296786363,0,282.721926971875,1,71.1542480654507,0,-71.1542480654507,0
83,84,0.0002271247070238,0.011005211588715,0,331.528892583949,1,-71.1542480654507,0,71.1542480654507,0
78,85,2.49991485398312e-05,0.0025057975015904,0,693.561588491994,1,-315.238966449181,0,315.238966449181,0
85,87,0.0011691906711254,0.0050578931275283,0,961.722345904767,1,-244.379811414971,0,244.379811414971,0
86,88,0.716921568480387,1.84779551309882,0,82.271032732807,1,0.0,0,0.0,0
80,90,0.0004299551008943,0.0051302491276124,0,714.691142766966,1,198.919099478678,0,-198.919099478678,0
81,90,0.0237242582901906,0.0580428998680523,0,889.84796664017,1,-24.3185644123811,0,24.3185644123811,0
85,90,0.0015340221659938,0.0287299059095721,0,481.948837129313,1,-51.9089623189573,0,51.9089623189573,0
88,90,0.0156326089192535,0.0029091391481811,0,140.233309780415,1,-140.233309780415,0,140.233309780415,0
89,90,0.0072925118646543,0.0132603807595929,0,257.554532081924,1,17.5417370330744,0,-17.5417370330744,0
74,91,0.0035830657949717,0.0037807588400838,0,477.710187423946,1,-376.155088634236,0,376.155088634236,0
87,91,0.0033354860084686,0.0226468055409421,0,284.064564836743,1,-122.821211645376,0,122.821211645376,0
87,92,0.0020159029731156,0.0058027859555406,0,3566.89365774518,1,245.704650424473,0,-245.704650424473,0
85,93,0.0226360975807993,0.0493849051662295,0,6626.84692678509,1,-18.1699017420727,0,18.1699017420727,0
88,93,0.0290222328852134,0.0013268068606903,0,160.189107588949,1,140.233309780415,0,-140.233309780415,0
93,94,0.0011939740986179,0.0331406784934503,0,482.581627110578,1,131.888382846323,0,-131.888382846323,0
65,97,0.0064285170022958,0.0049186635681656,0,330.662266794087,1,-166.833422559232,0,166.833422559232,0
95,97,0.0035620048902605,0.0209830359471193,0,298.945024492621,1,-53.8292384150044,0,53.8292384150044,0
95,98,0.0536283717239826,0.398156991116686,0,3.77289924964317,1,-2.57466106787235,0,2.57466106787235,0
96,98,0.0142294834270025,0.0460304379607964,0,360.568882766122,1,-56.0823085524829,0,56.0823085524829,0
95,100,0.0025378705783884,0.0114658238571327,0,281.626703288423,1,56.4038994828768,0,-56.4038994828768,0
99,100,0.0224379638140065,0.0180899172454342,0,230.656817552061,1,-75.5849895758574,0,75.5849895758574,0
96,101,0.0100223383478039,0.0308753817840058,0,983.839361281717,1,-51.7951545125881,0,51.7951545125881,0
98,101,0.0166561566366951,0.427475342956076,0,82.271032732807,1,2.29790576362321,0,-2.29790576362321,0
100,101,0.0071302225635007,0.028901644997552,0,114.298649402839,1,-23.8581030916489,0,23.8581030916489,0
82,102,0.0189652407206232,0.263572320823271,0,82.271032732807,1,0.233460154835203,0,-0.233460154835203,0
98,102,0.071630176914539,0.286004972145824,0,20.5217458114388,1,3.90761845222376,0,-3.90761845222376,0
100,102,0.0013118389070086,0.201706086709654,0,8.67853908287983,1,-2.74775135798675,0,2.74775135798675,0
93,103,0.0199669147632114,0.0842800598831409,0,77.5775650483642,1,-9.82497480798034,0,9.82497480798034,0
99,103,0.0017621316937303,0.0266676310701127,0,111.702655993606,1,-111.702655993606,0,111.702655993606,0
61,104,0.0004135907619742,0.0277840832425334,0,228.068519685336,1,40.5501669371587,0,-40.5501669371587,0
78,104,0.0002681049052313,0.0110956782823875,0,252.988180987872,1,-42.1570595828293,0,42.1570595828293,0
102,104,0.0867262053781093,1.07886649177115,0,4.03670606458651,1,0.917862730659807,0,-0.917862730659807,0
78,105,0.0026147126057275,0.0512638217468355,0,58.3112403175073,1,-20.6193041816219,0,20.6193041816219,0
100,105,0.107704106469324,0.669884239743598,0,3.86689915803926,1,-0.228770859309659,0,0.228770859309659,0
101,105,0.0102570704129958,0.0027605720179089,0,854.036207413265,1,194.267140732633,0,-194.267140732633,0
104,105,0.13361863144719,0.855206937769518,0,8.50336776200901,1,-0.68902991501074,0,0.68902991501074,0
96,106,0.0318887690895158,0.199293064442402,0,29.9602961328582,1,-9.27802435239361,0,9.27802435239361,0
98,107,0.0791771068970464,0.476824831775145,0,11.6557248845953,1,-2.62358641707784,0,2.62358641707784,0
103,107,0.0692151117857819,0.204074377867057,0,125.871720254352,1,-6.42564065497449,0,6.42564065497449,0
106,107,0.0501427022891173,0.15529096628621,0,80.3584451971823,1,-12.7724008599357,0,12.7724008599357,0
66,108,0.0088384231849956,0.225511390946331,0,13.6460480361684,1,2.7089774089236,0,-2.7089774089236,0
85,108,0.269533895426418,1.75044277312345,0,8.13994496982782,1,-0.780290973179707,0,0.780290973179707,0
99,109,0.0149596561964758,0.0913004961531811,0,188.983146533401,1,-7.6535352159647,0,7.6535352159647,0
100,109,0.023978141499664,0.087352396639698,0,188.468974755298,1,7.65353521596471,0,-7.65353521596471,0
101,111,0.0103564258715564,0.0007968803080768,0,512.551653492694,1,-267.622492573247,0,267.622492573247,0
110,111,0.019440630246446,0.143244750728989,0,3.77700927203008,1,0.320746083248905,0,-0.320746083248905,0
65,113,0.0145431497197743,0.0825195733886984,0,834.144588830396,1,-41.0832532355057,0,41.0832532355057,0
107,113,0.0028569055736104,0.0652089498603115,0,598.389362775726,1,-21.821627931988,0,21.821627931988,0
105,114,0.0063127803251971,0.0141410161546292,0,640.33360584261,1,-39.9984258480372,0,39.9984258480372,0
108,114,0.0338471701057415,0.276424917705863,0,3.56071478543266,1,1.92868643574389,0,-1.92868643574389,0
78,115,0.0178380591614753,0.0286885312423951,0,268.57426890611,1,-34.5225553452308,0,34.5225553452308,0
102,115,0.133621447484643,0.983482655213358,0,82.271032732807,1,0.47546451841241,0,-0.47546451841241,0
105,115,0.0716053719725568,0.0021805894502616,0,192.502782537608,1,30.5527143192764,0,-30.5527143192764,0
106,115,0.0237468885683253,0.244038412119768,0,19.6146977327499,1,3.49437650754211,0,-3.49437650754211,0
61,116,0.0021261686776538,0.0565255833412355,0,566.41514656668,1,-4.05533508742796,0,4.05533508742796,0
110,116,0.0064221212106922,0.0342105779100901,0,4388.80147323211,1,0.844197615140749,0,-0.844197615140749,0
112,116,0.0012411596859886,0.0089303586354498,0,257.451300781896,1,4.40227144395418,0,-4.40227144395418,0
113,116,0.031108708695045,0.0928974078147084,0,254.057950086735,1,36.8786054406263,0,-36.8786054406263,0
114,116,0.0146143192554887,0.0052797273771731,0,678.427247976877,1,-38.0697394122933,0,38.0697394122933,0
63,117,0.0021969935822096,0.0427010536024707,0,85.7850852139613,1,-35.1515481430984,0,35.1515481430984,0
66,118,0.337342141247161,0.175054953291136,0,7.23761545755022,1,-0.528511094538323,0,0.528511094538323,0
110,118,0.0058300494948128,0.0111870847734898,0,215.342763094497,1,-89.986124576624,0,89.986124576624,0
111,118,0.0014259414253571,0.105614766929045,0,238.081823387835,1,-9.96667064110436,0,9.96667064110436,0
113,118,0.146733411672332,0.682617264004557,0,3.50176311520781,1,3.50176311520717,0,-3.50176311520717,0
117,118,0.0035763286026222,0.11669025209053,0,721.939927040893,1,14.8986764203918,0,-14.8986764203918,0
64,119,0.0006006550087026,0.00089402901886,0,2997.0655757411,1,610.934721251409,0,-610.934721251409,0
96,119,0.0006236502691151,0.0032143036308234,0,1610.48632675004,1,-356.759186195767,0,356.759186195767,0
112,119,0.0006051425888924,0.0025695985495685,0,745.085975011615,1,281.018404347043,0,-281.018404347043,0
117,119,0.001620770295089,0.0226316822132398,0,540.196632534675,1,152.745332340181,0,-152.745332340181,0
63,120,0.0826327680224834,0.334140425839519,0,82.271032732807,1,-1.34328370663238,0,1.34328370663238,0
65,120,0.0098128737966671,0.0322274754200182,0,190.213744644416,1,-52.3210740879669,0,52.3210740879669,0
66,120,0.0630698449253731,0.357210765160454,0,4.69215294364225,1,-2.18046631438528,0,2.18046631438528,0
111,120,0.185700184285512,0.210014530388336,0,68.9872569410364,1,-8.28035636012011,0,8.28035636012011,0
117,120,0.0061909159772256,0.0360791059269525,0,126.911214237068,1,29.1626614540034,0,-29.1626614540034,0
121,122,0.0003945095069578,0.0112842064367838,0,386.797229652594,1,-100.952880966949,0,100.952880966949,0
122,126,0.0005091189882785,0.00279359840981,0,499.867040079453,1,277.624268145728,0,-277.624268145728,0
125,126,0.002092340130658,0.0125185373420158,0,257.225410120639,1,-150.58650846554,0,150.58650846554,0
123,127,0.0569358809945136,0.149507700267145,0,76.8756812967125,1,6.02443527527006,0,-6.02443527527006,0
121,129,6.60007237254987e-05,0.0011019992254909,0,1140.32256296719,1,348.57984103879,0,-348.57984103879,0
126,129,0.0031442080545674,0.0060406327985819,0,747.346901013029,1,123.784572739559,0,-123.784572739559,0
123,130,0.0002431961314522,0.0057760038519417,0,207.558592302106,1,154.720755611347,0,-154.720755611347,0
128,130,0.0141897736403321,0.0604120304974053,0,741.022770332946,1,-19.5447780023033,0,19.5447780023033,0
125,131,0.0065614135610367,0.0044153629547851,0,1446.58972018979,1,214.962158447096,0,-214.962158447096,0
128,131,0.0103599788324811,0.077478312381822,0,10.0226355210184,1,-0.0942599269252387,0,0.0942599269252387,0
130,131,0.0012483321567559,0.007474771046388,0,277.190226170638,1,156.986296622929,0,-156.986296622929,0
124,133,0.012844129922083,0.0452130942651572,0,712.055176720095,1,16.8706201431021,0,-16.8706201431021,0
129,133,0.0186803321046891,0.217865998599637,0,39.2403414755947,1,3.69633275372935,0,-3.69633275372935,0
126,135,0.0026193460593863,0.182801415068859,0,34.9322505694212,1,3.25318694062906,0,-3.25318694062906,0
129,135,0.0003938216971127,0.182276613993154,0,3.34006943080242,1,-0.83965776226378,0,0.83965776226378,0
127,136,0.0011124240853725,0.0513011671308826,0,290.698393630652,1,8.80200340043378,0,-8.80200340043378,0
128,136,0.0002922379064888,0.0412840601895335,0,2423.9620536705,1,-17.4923418594275,0,17.4923418594275,0
129,136,0.009774273053048,0.153856711533415,0,232.424792482288,1,8.91524212808604,0,-8.91524212808604,0
134,136,0.205154697565924,0.220976693326218,0,46.8014470776926,1,-2.58462159043198,0,2.58462159043198,0
127,137,0.001065783728893,0.016153042945073,0,258.229602243363,1,141.673988600918,0,-141.673988600918,0
132,137,0.118460758703805,0.0892816336190577,0,1783.22302090107,1,28.5477298656575,0,-28.5477298656575,0
134,137,0.0161729290338149,0.0410340946389468,0,5145.6126369022,1,30.846832448048,0,-30.846832448048,0
128,138,0.0360811551915431,0.0682632545450564,0,2414.71505563252,1,-20.1441855733792,0,20.1441855733792,0
130,138,0.0433412217809357,0.718045784762896,0,82.271032732807,1,-0.270690179906091,0,0.270690179906091,0
132,138,0.0412130427895722,0.207396250084295,0,26.9969388916275,1,0.284104513661286,0,-0.284104513661286,0
134,138,0.0172666156940791,0.104553855609984,0,300.273952250829,1,-11.7077835019052,0,11.7077835019052,0
130,139,0.17241221862864,0.0431202656281897,0,119.312954078307,1,-2.10664054563352,0,2.10664054563352,0
137,140,7.37087353452299e-05,0.0001616317085252,0,851.629270758738,1,201.06855091463,0,-201.06855091463,0
123,141,0.0004242242179077,0.0395517612144203,0,45.2990967523417,1,34.4253158870406,0,-34.4253158870406,0
138,141,0.0057962529156925,0.0735257068241074,0,67.1331448805045,1,9.00749091132667,0,-9.00749091132667,0
132,142,0.0019929968406131,0.0462432791680725,0,676.998288589234,1,18.1867577446848,0,-18.1867577446848,0
133,142,0.0114589577294416,0.0212095931616225,0,59.1231308518225,1,32.7919982278777,0,-32.7919982278777,0
141,144,0.0496804453026892,0.130401245217876,0,82.271032732807,1,0.451664626944234,0,-0.451664626944234,0
142,144,0.0038844205243369,0.134864090320486,0,82.271032732807,1,-0.451664626944237,0,0.451664626944237,0
143,145,0.0001231712728933,0.0018163443922963,0,2016.77217244761,1,-366.301141230477,0,366.301141230477,0
143,146,0.146826229167185,0.048727592839297,0,847.765592152693,1,25.3219010059937,0,-25.3219010059937,0
134,147,0.0366356656036378,0.0429118376613437,0,171.652153011579,1,-41.0998846377775,0,41.0998846377775,0
139,148,0.0025852270701505,0.174261642502376,0,127.529147317873,1,-2.10664054563352,0,2.10664054563352,0
146,148,0.0137824038226064,0.0279523810081094,0,999.798818202608,1,25.3219010059937,0,-25.3219010059937,0
142,149,0.0007129977612213,0.0149684521011398,0,180.557211203518,1,48.3238185340899,0,-48.3238185340899,0
147,150,0.0241948492048004,0.124065647164206,0,130.377607115227,1,-1.74327271032079,0,1.74327271032079,0
148,150,0.0004531085779343,0.0033921238376748,0,286.819730921394,1,-145.124515894871,0,145.124515894871,0
141,151,0.0278617380034784,0.0369838782107765,0,102.018395972141,1,42.981142171423,0,-42.981142171423,0
142,151,0.0055231372031002,0.47312089790091,0,29.1465311125934,1,3.10660206541678,0,-3.10660206541678,0
150,152,0.0342370304377557,0.0042944783594273,0,913.577704574967,1,-67.9574443823944,0,67.9574443823944,0
147,154,0.0160107129181926,0.413602988543671,0,29.1980982376023,1,-1.77834726762205,0,1.77834726762205,0
148,154,1.51669158824951e-05,0.0062350287925205,0,2342.87855503193,1,-162.233383521618,0,162.233383521618,0
150,154,0.77575458809713,0.731814056154011,0,2.90049816578921,1,-0.709537461327509,0,0.709537461327509,0
152,154,0.0101984896922853,0.148873456274609,0,21.3756971770865,1,-1.52752356931685,0,1.52752356931685,0
145,155,0.0126263684265932,0.0099057550457195,0,312.341470941198,1,74.8579223595615,0,-74.8579223595615,0
152,155,0.0106770540957639,0.0144267769804709,0,272.470595138157,1,-74.9554377911467,0,74.9554377911467,0
143,156,0.0037787169627784,0.042547010866189,0,767.794743705061,1,73.6759133478093,0,-73.6759133478093,0
147,156,5.66574526249123e-06,0.0056851507653358,0,390.849150867303,1,258.393719414583,0,-258.393719414583,0
149,156,0.0030965699712995,0.0015914731596151,0,1487.15107691036,1,-361.92648578031,0,361.92648578031,0
153,156,0.0037391878598529,0.0588506296067358,0,37.4911261298706,1,29.856853017918,0,-29.856853017918,0
149,157,0.0026912754579935,0.023722665165862,0,137.134538507597,1,-40.9250703741132,0,40.9250703741132,0
153,157,0.000121560135477,0.0064161308097115,0,1212.78889090555,1,212.314740001423,0,-212.314740001423,0
150,158,0.0103193343280173,0.0690800246469882,0,2784.4302411254,1,-19.8915011661382,0,19.8915011661382,0
153,158,3.53550481214439e-05,0.0053775848978934,0,296.594849868726,1,-242.171593019341,0,242.171593019341,0
147,159,0.0006553395594808,0.0055560850341018,0,628.432688573899,1,-295.971984074417,0,295.971984074417,0
151,160,0.0003993407295237,0.0071095631279466,0,337.894461490594,1,-251.186466726248,0,251.186466726248,0
159,161,0.0218957449136718,1.67789891599413,0,82.271032732807,1,0.0,0,0.0,0
159,162,0.003311618822836,0.0001677484478098,0,1016.44977473585,1,-225.13348057419,0,225.13348057419,0
160,162,0.0003472474907733,0.0107006338008606,0,370.879677308163,1,-251.186466726248,0,251.186466726248,0
155,164,0.0753644341253783,0.284329678176627,0,82.271032732807,1,-0.0975154315851468,0,0.0975154315851468,0
159,164,0.0777146088908514,0.279253896214535,0,82.271032732807,1,0.0975154315851467,0,-0.0975154315851467,0
159,165,0.0438346100094789,0.0098031040040574,0,1123.42304098379,1,-71.5092656247272,0,71.5092656247272,0
159,166,0.0317524153119901,0.43064401476822,0,2.27361748713802,1,0.573246692914331,0,-0.573246692914331,0
163,166,0.0982677678598896,0.423624528232802,0,82.271032732807,1,-0.573246692914331,0,0.573246692914331,0
157,167,0.0013138557351085,0.0297600237390239,0,880.982195417247,1,-24.0120658424558,0,24.0120658424558,0
135,168,0.0059209646046393,0.272523548480726,0,21.9940662074853,1,2.41352917836529,0,-2.41352917836529,0
136,168,0.0204897816361032,0.367406742254988,0,26.8000768796708,1,-2.35971792133965,0,2.35971792133965,0
133,169,0.0092154247593067,0.0485489469375535,0,794.460183565563,1,-12.2250453310464,0,12.2250453310464,0
152,169,0.0344497362282558,0.083227186060596,0,252.760520524964,1,6.49757386836688,0,-6.49757386836688,0
127,170,0.0022901058329572,0.0504146023254547,0,79.6886116011874,1,-32.5265598765766,0,32.5265598765766,0
163,170,0.0099616020215341,0.446409396607852,0,2.1886609655245,1,0.573246692914331,0,-0.573246692914331,0
165,170,0.0005196178970536,0.0096194991127227,0,226.831422980136,1,150.384347318779,0,-150.384347318779,0
167,170,0.0014396154509937,0.0106254947589016,0,581.850547240791,1,-118.431034135117,0,118.431034135117,0
165,171,0.0024227907365446,0.0158105463966412,0,974.753987553732,1,29.5358540932863,0,-29.5358540932863,0
167,172,0.627862239607706,0.0051483615601745,0,82.271032732807,1,-0.0538112570255933,0,0.0538112570255933,0
168,172,0.0088236047600715,0.626652116041377,0,82.271032732807,1,0.0538112570256384,0,-0.0538112570256384,0
121,173,0.0074091635838204,0.0452630522501287,0,39.8480078706845,1,1.67820102509098,0,-1.67820102509098,0
152,173,0.0310421478152424,0.010260852763696,0,703.535884130445,1,2.02794310970227,0,-2.02794310970227,0
167,173,0.00813689729906,0.0174577603074006,0,229.136682584,1,-48.5094158340061,0,48.5094158340061,0
171,173,0.0032230996300272,0.0310505601386779,0,86.6481766767936,1,44.8032716992129,0,-44.8032716992129,0
124,174,0.0008633873608358,0.0210966048290083,0,1333.69610803898,1,-16.8706201431021,0,16.8706201431021,0
127,174,6.30013516986237e-05,0.0319361399766195,0,130.583465560985,1,-38.6238696472256,0,38.6238696472256,0
123,175,0.0034714954539745,0.0288732422204502,0,32.3809842645533,1,4.15944009565166,0,-4.15944009565166,0
125,175,0.0121679849799442,0.149305159605118,0,74.6509440729325,1,-6.68343837032321,0,6.68343837032321,0
138,175,0.00161432425812,0.0398648754610429,0,892.286274876618,1,-14.5291615650728,0,14.5291615650728,0
125,176,0.0017612897290125,0.0254116473563216,0,308.784213234376,1,-57.6922116112327,0,57.6922116112327,0
158,176,0.0174454659159876,0.0718044086468938,0,3088.93097487952,1,15.0767594844633,0,-15.0767594844633,0
171,176,0.0054543059006026,0.0321637427452332,0,133.974191275276,1,42.6154521267695,0,-42.6154521267695,0
123,177,0.0258719867715455,0.27959566641575,0,117.556989679799,1,-5.49380069189744,0,5.49380069189744,0
122,178,0.837548531473172,1.18328267848628,0,5.92440391903114,1,-1.01608184920428,0,1.01608184920428,0
171,178,0.0187391293352368,0.0177302719168073,0,228.767242391302,1,-57.882869732696,0,57.882869732696,0
174,178,0.0086135706002188,0.0434680885722914,0,255.618723829315,1,-55.4944897903277,0,55.4944897903277,0
177,178,0.0025717206556709,0.0152326688335849,0,213.978262818471,1,-79.3685196704826,0,79.3685196704826,0
127,179,0.0063469557657721,0.0154185195563388,0,97.6634834248514,1,-73.3011272022791,0,73.3011272022791,0
150,179,0.051284911466556,1.06383002668093,0,82.271032732807,1,-0.162560939766963,0,0.162560939766963,0
169,179,0.0005161697735365,0.0736573244688083,0,60.2433940612396,1,-5.7274714626795,0,5.7274714626795,0
175,179,0.0124749267602007,0.0363022999960574,0,529.607433407804,1,-9.63002127350874,0,9.63002127350874,0
130,180,0.007222910924484,0.0968100323743992,0,1445.34731880937,1,-19.4329882883459,0,19.4329882883459,0
132,180,0.0066993411810293,0.0346249855293162,0,211.846371674972,1,-47.0185921240035,0,47.0185921240035,0
175,180,0.0261898689141453,0.149227588362878,0,145.407616648977,1,-7.42313856623563,0,7.42313856623563,0
177,180,0.0049955125508246,0.0074234099059751,0,955.972500960695,1,73.8747189785851,0,-73.8747189785851,0
182,184,0.0093680241866023,0.0502324707996405,0,135.290121074894,1,-48.9869989948617,0,48.9869989948617,0
181,185,0.0002603680624755,0.0043021583757005,0,430.986091581846,1,261.291450328052,0,-261.291450328052,0
182,187,0.0063823766462869,0.0085939864711632,0,1232.24851864869,1,128.03339591745,0,-128.03339591745,0
183,187,0.0063935593114264,0.040172906698627,0,598.114710209621,1,75.7087362864851,0,-75.7087362864851,0
181,188,0.0310943542420702,0.160551055155614,0,64.8582913808805,1,8.51505743292062,0,-8.51505743292062,0
184,188,0.0001780723362503,0.0249182481668248,0,283.307219327531,1,54.1765913187049,0,-54.1765913187049,0
182,189,0.0747896518703037,0.168796613607411,0,50.2348914701316,1,0.512984307528691,0,-0.512984307528691,0
189,191,0.0392130548999265,0.123637263663151,0,63.7373831235802,1,-2.15051325825841,0,2.15051325825841,0
190,191,0.001952930680461,0.0406368620039922,0,165.008182563183,1,-6.75642749196415,0,6.75642749196415,0
187,193,0.0048462859236231,0.0837342943555841,0,9.0025109979599,1,9.00251099795922,0,-9.00251099795922,0
186,195,0.0440374836429242,0.216188745490015,0,126.842473558547,1,7.85912399204995,0,-7.85912399204995,0
189,195,0.0014443505941268,0.0064009962250556,0,1214.22749428195,1,-217.778200188957,0,217.778200188957,0
192,195,0.0015534520013444,0.0181294219731063,0,384.693420914135,1,-71.3496165510348,0,71.3496165510348,0
186,196,0.019476046314107,0.218038320819426,0,223.469856247582,1,10.0705451870079,0,-10.0705451870079,0
191,198,0.0009120297362791,0.012471376801203,0,181.494003626364,1,116.050450421721,0,-116.050450421721,0
192,198,0.0037165399578014,0.0179663958075401,0,462.340260041756,1,71.3496165510348,0,-71.3496165510348,0
193,198,0.0066665227189925,0.0029731364232157,0,774.843688261455,1,-197.138899936319,0,197.138899936319,0
197,198,0.0097737415404188,0.153693952098488,0,12.7163178446483,1,9.73883296356184,0,-9.73883296356184,0
190,199,0.0177593779967052,0.0791684441445965,0,192.26706926035,1,6.75642749196415,0,-6.75642749196415,0
193,199,0.0093953272185513,0.133947311954979,0,168.605043359359,1,-9.13772629687297,0,9.13772629687297,0
197,200,0.0163343715178153,0.0238619949464072,0,306.960847386898,1,-75.0628181920714,0,75.0628181920714,0
194,201,0.128276736442806,1.94387771068377,0,82.271032732807,1,0.0,0,0.0,0
199,201,0.583436884802624,1.71631905755071,0,82.271032732807,1,0.0,0,0.0,0
202,203,0.0047037133039804,0.0444717000421612,0,830.19276142513,1,18.2804378893279,0,-18.2804378893279,0
203,204,0.0004471673196947,0.0195405116469762,0,497.85961469063,1,-85.1103596239021,0,85.1103596239021,0
200,205,0.0014729226682068,0.0285725783644991,0,45.4754550288057,1,-38.4139521900362,0,38.4139521900362,0
203,206,0.0001627510690032,0.0010244667570879,0,491.15587210433,1,-162.819558452925,0,162.819558452925,0
197,207,0.0003355939921619,0.0069925253258005,0,740.166603562914,1,-201.057324105678,0,201.057324105678,0
205,208,0.0130246108833212,0.0340937453241287,0,1110.77929099506,1,-23.5672790990766,0,23.5672790990766,0
200,209,0.0075640752292142,0.0028032924636051,0,654.666953643642,1,-200.09494267215,0,200.09494267215,0
202,209,0.0023610013888987,0.0785421325559416,0,544.338296016247,1,-18.2804378893279,0,18.2804378893279,0
196,210,0.0249246574218255,0.0591554921862527,0,362.373498027183,1,-12.5438615213441,0,12.5438615213441,0
183,212,0.0117918356289541,0.0338779500714003,0,226.485954509597,1,-69.0920510078412,0,69.0920510078412,0
205,212,0.0232594266928072,0.0784216863777549,0,369.341782428899,1,-14.8466730909596,0,14.8466730909596,0
208,212,0.0256862836912167,0.412267187458591,0,4.34532142554686,1,-0.875171103307722,0,0.875171103307722,0
186,213,0.0003458089540722,0.0123726847412057,0,144.578531168066,1,120.137817248566,0,-120.137817248566,0
212,213,0.0059089985226362,0.0285550336782926,0,287.255332410755,1,96.7179927252909,0,-96.7179927252909,0
204,214,0.302282905453491,0.485203601852065,0,82.271032732807,1,0.332646718961266,0,-0.332646718961266,0
207,214,0.076149938348067,0.598613039151243,0,82.271032732807,1,-0.33264671896127,0,0.33264671896127,0
209,215,0.0176928243785718,0.0201400665245173,0,212.667558317137,1,-16.8717753518855,0,16.8717753518855,0
210,215,0.203430947115073,0.088669793808001,0,1350.31670892825,1,-15.4271384340457,0,15.4271384340457,0
206,216,0.0005124381633636,0.0101863998961241,0,495.576870998203,1,-162.819558452925,0,162.819558452925,0
210,216,0.0215704543282154,0.302928819370302,0,7.86627969227664,1,-1.99625819455041,0,1.99625819455041,0
208,218,0.0150049677467925,0.0354228365870334,0,733.644811794508,1,-22.6921079957689,0,22.6921079957689,0
209,218,0.0009190251521812,0.010445438486794,0,296.182075772499,1,-205.254826026519,0,205.254826026519,0
212,218,0.0106729698820004,0.0024404225015326,0,1949.22814415631,1,-181.5318879274,0,181.5318879274,0
209,219,0.0435790190877254,0.190272389938321,0,41.5212229977415,1,3.75122081692588,0,-3.75122081692588,0
211,220,0.19216170731362,1.91372897210626,0,82.271032732807,1,0.0,0,0.0,0
216,220,0.0033659798088404,0.0090453649935738,0,538.700606860246,1,-164.815816647475,0,164.815816647475,0
217,220,0.0003555425765342,0.0112650250580378,0,598.539699335621,1,164.815816647475,0,-164.815816647475,0
191,221,0.0145585679257839,0.171063520335057,0,11.4038984929609,1,-4.87953510725201,0,4.87953510725201,0
210,221,0.132229949455062,0.110406236268806,0,13.1534541812981,1,4.879535107252,0,-4.879535107252,0
217,222,0.0002115142865581,0.0013723220787267,0,870.138183793877,1,-480.795763325572,0,480.795763325572,0
199,223,0.0036164754542996,0.0230735396876051,0,219.317265428004,1,-86.8673853178404,0,86.8673853178404,0
207,223,0.0901929716078624,0.775417317337059,0,5.93327274097303,1,0.335957242914496,0,-0.335957242914496,0
215,223,0.0015986764591412,0.0103004377565697,0,282.050321748878,1,150.137361243898,0,-150.137361243898,0
182,224,0.0031168422124945,0.0862731673259702,0,43.3364781542856,1,-34.9129976745649,0,34.9129976745649,0
186,224,0.101724118350151,0.825455871532367,0,3.72117739155423,1,-0.006776025909741,0,0.006776025909741,0
207,224,0.0006846136337503,0.0251536383493118,0,251.933191857937,1,-54.7583632927573,0,54.7583632927573,0
215,225,0.0102015484548161,0.0197425120670297,0,645.470387670406,1,-63.2476816230049,0,63.2476816230049,0
217,226,0.0003551012964075,0.0098319418675303,0,660.446602863475,1,315.979946678096,0,-315.979946678096,0
223,226,0.0016977632764725,0.003365004351204,0,304.326665682273,1,-304.326665682273,0,304.326665682273,0
225,227,0.0617343582983524,1.01497580183768,0,82.271032732807,1,0.233202094719014,0,-0.233202094719014,0
219,228,0.0004899606106924,0.0108626367376959,0,977.024919656732,1,-124.094341328128,0,124.094341328128,0
225,229,0.0272694007876146,0.205984809581411,0,55.486936534866,1,-5.92986599702976,0,5.92986599702976,0
213,230,0.0009766350884245,0.0119078843938061,0,171.255262240942,1,-66.8474740839844,0,66.8474740839844,0
226,230,0.0071336723259765,0.0042210181834512,0,385.792476722852,1,19.4716239080492,0,-19.4716239080492,0
229,231,0.114514053576721,0.0342057570600559,0,118.271251860315,1,20.1069955551521,0,-20.1069955551521,0
182,232,0.008477156001471,0.0280693234234607,0,133.043389295059,1,-44.646383555552,0,44.646383555552,0
228,232,0.0860228624810359,0.754990609872686,0,12.4659146968178,1,2.59857781201686,0,-2.59857781201686,0
181,233,0.0079376255585996,0.0109217510253764,0,123.858763355091,1,-112.613797419002,0,112.613797419002,0
223,233,0.0383787228742333,0.25413008505529,0,82.271032732807,1,-9.18276874785664,0,9.18276874785664,0
225,233,0.003034360778624,0.0210863808052527,0,266.763269052025,1,21.8876280101785,0,-21.8876280101785,0
230,233,0.162022622282745,0.300910840594244,0,13.1423393747201,1,-4.62511528184349,0,4.62511528184349,0
224,234,0.003593027638752,0.0113958056265695,0,178.174668391448,1,-89.6781369932321,0,89.6781369932321,0
226,234,0.0705435526790204,0.20922249294907,0,54.3440263326657,1,-7.81834291222519,0,7.81834291222519,0
184,235,0.015821424278692,0.0222117079715435,0,116.30940585229,1,-86.3523255215741,0,86.3523255215741,0
228,235,0.0134122610402475,0.0091850042986865,0,1156.58800663535,1,-126.692919140144,0,126.692919140144,0
230,235,0.0125874363884902,0.0482500336866094,0,728.302695725236,1,-42.7507348940917,0,42.7507348940917,0
183,236,0.006872639715266,0.0102848542282206,0,392.857784647298,1,-92.5809655611995,0,92.5809655611995,0
207,236,0.0045059656117369,0.00860288515672,0,201.455860319864,1,-146.302271336874,0,146.302271336874,0
231,236,0.0147356091390363,0.0394079863214902,0,88.1112188182472,1,45.9223482741236,0,-45.9223482741236,0
234,236,0.0077863346084078,0.0072511531675383,0,276.841171068641,1,157.313605182447,0,-157.313605182447,0
229,237,0.0005569164418681,0.0051025576731359,0,417.039846149442,1,-89.5829523473133,0,89.5829523473133,0
231,237,0.0039870599169553,0.0348738004442443,0,32.8291488585977,1,-32.8291488585972,0,32.8291488585972,0
235,237,0.0077056701442554,0.0239359155246173,0,179.009459883152,1,-61.3771503870985,0,61.3771503870985,0
227,238,0.0137281324781675,0.470270920863763,0,82.271032732807,1,0.233202094719013,0,-0.233202094719013,0
231,238,1.37419814101807,1.43798166739098,0,82.271032732807,1,0.61200360195103,0,-0.61200360195103,0
232,238,0.0048139576877754,0.0611153887663233,0,134.188242631374,1,-42.0478057435352,0,42.0478057435352,0
236,238,0.0110534500197673,0.0260793312393664,0,155.915188592954,1,-35.6472834415033,0,35.6472834415033,0
181,239,0.0026376296039777,0.0081489545353166,0,587.441865820629,1,-157.192710341971,0,157.192710341971,0
204,239,0.0045902312484535,0.0206406487461392,0,429.331792957557,1,-85.4430063428635,0,85.4430063428635,0
229,239,0.0072567821881024,0.0084003430295786,0,344.621261489637,1,194.275017009902,0,-194.275017009902,0
235,239,0.002694517851438,0.0128195142585246,0,127.50626147054,1,48.3606996749326,0,-48.3606996749326,0
184,240,0.0912341349752615,0.0746121683425793,0,815.886956452724,1,-16.8112647919926,0,16.8112647919926,0
186,240,0.0160656514726778,0.129776168637942,0,24.9129824840058,1,-5.46018073167228,0,5.46018073167228,0
231,240,0.187319455121931,0.154323779376036,0,13.3159909774064,1,6.40179253767463,0,-6.40179253767463,0
235,240,0.21542103770197,0.744086947380787,0,82.271032732807,1,0.891976026153014,0,-0.891976026153014,0
238,240,0.017191517365568,0.0072039782605643,0,1672.23086081636,1,14.9776769598373,0,-14.9776769598373,0
241,246,0.0011658916688117,0.0045440263307155,0,520.907201977768,1,209.692759312522,0,-209.692759312522,0
244,247,0.0002469429468034,0.0175930614675674,0,298.705371508428,1,-86.0724101236469,0,86.0724101236469,0
246,247,0.0013210648894565,0.0271698223395103,0,264.882481451473,1,86.072410123647,0,-86.072410123647,0
242,249,0.0190835030557989,0.0468989481024352,0,818.315461365212,1,-8.59195282587555,0,8.59195282587555,0
243,249,0.0002978184994399,0.0118721724783081,0,179.381583103795,1,63.1753234988662,0,-63.1753234988662,0
248,249,0.0410797184019898,0.0239417207799815,0,2.01939800751843,1,2.01939800751818,0,-2.01939800751818,0
244,250,0.0025629571322733,0.0151882385559546,0,1232.31394543869,1,-85.8174029041177,0,85.8174029041177,0
245,250,0.0018162685829508,0.0320197276262668,0,60.9305426144104,1,23.1259761359302,0,-23.1259761359302,0
249,252,0.000488274150454,0.0174692208879281,0,119.61294010914,1,56.6027686805086,0,-56.6027686805086,0
251,252,0.0027159713211581,0.0048609420711266,0,1657.85783132374,1,-233.450610197797,0,233.450610197797,0
252,253,0.0034028261312582,0.0261297343723168,0,590.549382650492,1,-85.8602613745701,0,85.8602613745701,0
245,254,0.0176603380375641,0.0856908202100961,0,259.756514701289,1,5.64124764324453,0,-5.64124764324453,0
248,254,0.0752675635467326,0.390611347978477,0,2.11966486952457,1,-2.01939800751814,0,2.01939800751814,0
246,255,0.0055840803157025,0.0068830068195171,0,403.320771354032,1,123.620349188875,0,-123.620349188875,0
250,256,0.0002558309932389,0.0091725238702121,0,212.590965270665,1,-162.067101328494,0,162.067101328494,0
255,257,0.0017073343248235,0.0102680707187926,0,466.26292012873,1,94.0941874545792,0,-94.0941874545792,0
253,261,0.0012818253726113,2.54360847286754e-05,0,2655.3577504576,1,-706.189900355321,0,706.189900355321,0
255,262,0.0258283554120241,0.30205758242608,0,152.541874438896,1,4.33783031386252,0,-4.33783031386252,0
256,262,0.0014088529510759,0.0122091984233577,0,369.602921528359,1,89.9554954966429,0,-89.9554954966429,0
258,262,0.0127286710967233,0.0557240340112597,0,28.1468484854537,1,6.07717138902002,0,-6.07717138902002,0
260,262,0.0049564821666181,0.0404769421948246,0,777.464753442848,1,-14.8372410548017,0,14.8372410548017,0
253,263,0.0004137860398774,0.0009175566103351,0,1018.51934987428,1,620.329638980827,0,-620.329638980827,0
257,263,0.0008074148373232,0.0013479608775909,0,905.498921434916,1,465.102487242007,0,-465.102487242007,0
259,264,0.005548568139485,0.0695157160554783,0,220.734862925789,1,-14.0008889652418,0,14.0008889652418,0
256,265,0.0020615498156651,0.0530454747537462,0,56.8570417240245,1,37.9785976978901,0,-37.9785976978901,0
258,265,0.292189461350539,0.343926772470366,0,17.9376932444878,1,3.64889522189867,0,-3.64889522189867,0
258,266,0.0186290088934906,0.0520708958524177,0,119.709681381781,1,-9.72606661091869,0,9.72606661091869,0
264,266,0.0291558662509128,0.0315004706537962,0,1898.70252354761,1,-31.5650098874668,0,31.5650098874668,0
260,267,6.06316969950965e-05,0.0028373467756094,0,1069.96991378836,1,-386.649657826909,0,386.649657826909,0
260,268,0.0023037127991508,0.0004881799186181,0,1337.87981514692,1,401.486898881711,0,-401.486898881711,0
264,270,0.406614270373613,0.530600312270821,0,3.26118234985843,1,0.558342964155936,0,-0.558342964155936,0
261,271,0.0003812814851757,0.0010653886835815,0,2220.61694693992,1,-706.189900355345,0,706.189900355345,0
264,272,0.0015210806802866,0.065032135585564,0,828.539531840063,1,17.005777958069,0,-17.005777958069,0
267,272,0.0620991677272989,0.0615925021506668,0,1448.97746867623,1,28.4391471215798,0,-28.4391471215798,0
250,273,0.0068970106507357,0.225619872431398,0,27.2455043492169,1,-5.07109541014669,0,5.07109541014669,0
268,273,9.79882642146307e-05,0.0059204243956791,0,643.018350824996,1,-262.214990713204,0,262.214990713204,0
269,273,0.0009763848055322,0.0014886117517004,0,610.546944070607,1,275.914381492489,0,-275.914381492489,0
266,274,0.0019207906559132,0.0175242935171471,0,63.3146051006024,1,-41.2910764983855,0,41.2910764983855,0
267,274,0.0001573555272619,0.0035316945600514,0,987.177480065281,1,-303.591780452864,0,303.591780452864,0
271,274,0.024510861933079,0.118655927395542,0,780.849633562419,1,-4.31500269048058,0,4.31500269048058,0
270,275,0.0417688337439036,0.146039351733357,0,918.407405206871,1,-12.9991403834931,0,12.9991403834931,0
267,276,0.0363102768825851,0.194480358447679,0,26.4242454697715,1,9.02596986390446,0,-9.02596986390446,0
273,276,0.0105429395800768,0.233503930342897,0,79.1903142563388,1,8.62829536913874,0,-8.62829536913874,0
265,277,0.045185357510407,0.0526425362968596,0,1608.59649298582,1,15.0418664996227,0,-15.0418664996227,0
269,277,0.0123434060799132,0.0249946268115572,0,281.868894880307,1,115.014307074258,0,-115.014307074258,0
270,277,0.0201121384716875,0.0931345523589782,0,1245.88432920606,1,13.557483347649,0,-13.557483347649,0
269,278,0.0087327699935165,0.0302414579174905,0,214.349152347686,1,51.049353837942,0,-51.049353837942,0
272,278,0.0146299909186818,0.0975888375271559,0,247.25037427769,1,-8.99619038228245,0,8.99619038228245,0
276,278,0.0787446980736882,0.771672382843172,0,82.271032732807,1,-1.14253588103355,0,1.14253588103355,0
271,280,0.0248253831984783,0.0559978076410894,0,89.000053991774,1,29.7583698787942,0,-29.7583698787942,0
279,281,0.0036538214097605,0.0199594247748275,0,142.380402975075,1,-80.4211896618972,0,80.4211896618972,0
275,282,0.0025511803437326,0.0098221108911613,0,1456.0470074627,1,525.210186812646,0,-525.210186812646,0
277,282,0.0005126247512994,0.0157572670879409,0,498.877306270008,1,126.774300866952,0,-126.774300866952,0
271,283,0.0037929990104901,0.0797008708905761,0,52.7664364174163,1,23.1890275724926,0,-23.1890275724926,0
276,283,0.0245522462950679,0.0800534122338029,0,3096.56266932944,1,-5.8383639415683,0,5.8383639415683,0
280,283,0.288024615129352,0.274411064563947,0,11.9812817761254,1,0.662444937258613,0,-0.662444937258613,0
275,284,0.0004760921576557,0.0013384656947887,0,758.5367249768,1,-483.665644433689,0,483.665644433689,0
283,285,0.494544629935545,1.92743796872246,0,82.271032732807,1,0.0,0,0.0,0
252,288,0.0037891022111229,0.009601512011917,0,243.019524047409,1,-90.9875801427183,0,90.9875801427183,0
271,288,0.0102044806707174,0.0632578204516681,0,153.71535577671,1,33.8332382990178,0,-33.8332382990178,0
281,289,0.097796560435143,0.269736215537084,0,29.7468370589,1,-3.8240637171186,0,3.8240637171186,0
287,289,0.0013979613716795,0.0188626827957808,0,244.727717598302,1,-79.9187785862608,0,79.9187785862608,0
288,289,0.0956448758272295,0.160346608425474,0,188.119930920664,1,7.46900350177905,0,-7.46900350177905,0
280,290,0.0051905681065305,0.0518899557449144,0,70.0674779521717,1,29.0959249415357,0,-29.0959249415357,0
281,290,0.0150948251329656,0.0155768904381047,0,1473.34388872841,1,-76.5971259447785,0,76.5971259447785,0
283,290,0.0083329743120734,0.0478154146304881,0,753.891485816472,1,27.77355477074,0,-27.77355477074,0
286,290,0.0055891297677616,0.0470749256577454,0,21.5942269830211,1,-0.911286553091273,0,0.911286553091273,0
288,290,0.0039607146637754,0.05019507679506,0,1041.72318465429,1,20.6389327855942,0,-20.6389327855942,0
265,291,0.0360585188575533,0.0600685613410308,0,2717.27254498525,1,26.5856264201661,0,-26.5856264201661,0
286,291,0.0632900260737029,0.385022592800564,0,21.8652104853597,1,0.911286553091248,0,-0.911286553091248,0
287,291,0.0150926297416312,0.037911389684892,0,36.8316678809164,1,-33.640931814727,0,33.640931814727,0
288,291,0.0558503085696503,0.232703953426373,0,160.931197291148,1,6.14401884146974,0,-6.14401884146974,0
283,292,0.0067143054109634,0.0261109587481444,0,433.881529408642,1,64.7097817623951,0,-64.7097817623951,0
288,293,0.000288673681614,0.0160431196788688,0,359.781727287097,1,190.586348946908,0,-190.586348946908,0
289,293,0.00635992982277,0.0692608764468748,0,86482.368379999,1,26.854558026165,0,-26.854558026165,0
259,294,0.0046022495069941,0.0592865100910485,0,253.392446117294,1,14.0008889652418,0,-14.0008889652418,0
287,294,0.0068936384775566,0.0470137729256442,0,44209.730853733,1,-39.0539647520934,0,39.0539647520934,0
241,295,0.0465801384627425,0.0733428883816944,0,1016.46729030296,1,30.8005037778156,0,-30.8005037778156,0
243,295,0.0013391133709902,0.0558218951034143,0,700.642074451266,1,-19.2275915662717,0,19.2275915662717,0
245,295,0.0140162582644424,0.0169315557911248,0,175.432715099056,1,-29.6959218655771,0,29.6959218655771,0
283,295,0.0066894747847311,0.0221095823893282,0,637.126016004135,1,-74.4702279649521,0,74.4702279649521,0
284,295,0.028996348614288,0.0572533135807434,0,772.036252993112,1,21.7501829064756,0,-21.7501829064756,0
288,295,0.0038481276498566,0.0068744234637998,0,390.227536366606,1,-281.992645919451,0,281.992645919451,0
292,296,0.0006699039794416,0.0065824841612726,0,480.948550534564,1,67.6286841248563,0,-67.6286841248563,0
276,297,0.0108789544841408,0.0341638006651312,0,649.237887497462,1,24.635165055645,0,-24.635165055645,0
243,298,7.47092709767558e-05,0.0071700866697036,0,273.728738939962,1,235.917825378354,0,-235.917825378354,0
297,298,0.0010195678512404,0.0501552356200069,0,65.6923801392383,1,-3.80111084497814,0,3.80111084497814,0
242,299,0.0002638937719343,0.0151281474746669,0,130.411536043752,1,88.814194195968,0,-88.814194195968,0
244,299,0.0153536430883431,0.0620145913390236,0,48331.7049764749,1,16.499276852781,0,-16.499276852781,0
297,299,0.0008049179203535,0.0216054750446118,0,12605.0272338333,1,28.4362759006232,0,-28.4362759006232,0
298,299,0.0004932815715416,0.0016070916691182,0,1646.79216676907,1,500.920311423154,0,-500.920311423154,0
242,300,0.000570626201551,0.0202450458649762,0,460.502658042383,1,-80.2222413700924,0,80.2222413700924,0
245,300,0.0519249152549965,0.107033032397995,0,63.9900327514733,1,0.928698086402335,0,-0.928698086402335,0
292,300,0.14730727728355,0.936633094651178,0,11.2910466200917,1,-2.91890236246126,0,2.91890236246126,0
294,300,0.0015331837422413,0.0281069556354295,0,1061.91393906406,1,-78.4636756521614,0,78.4636756521614,0
20,89,0.0001133800081152,0.0014100362518269,0,1325.54193776822,1,-612.212242077676,0,612.212242077676,0
41,96,0.0001137209376268,0.0018275352851199,0,2199.73770253346,1,-473.914673613232,0,473.914673613232,0
28,94,0.0330535041955653,0.0035504416229922,0,411.51897894942,1,-131.888382846323,0,131.888382846323,0
22,97,0.0083485511680642,0.0041961085530788,0,1043.32711498146,1,-214.484831669702,0,214.484831669702,0
99,134,0.0032099074184093,0.0113283634262794,0,1866.55211390068,1,46.2112424046108,0,-46.2112424046108,0
110,179,0.0026350158132695,0.0077310571370547,0,393.849947396627,1,88.8211808782343,0,-88.8211808782343,0
119,148,2.78051528560624e-05,0.000930646177132,0,1397.65308484254,1,687.939271742865,0,-687.939271742865,0
65,123,0.0005144758815964,0.0047620161304646,0,431.854923682565,1,193.836146177412,0,-193.836146177412,0
143,237,0.0013665394412432,0.0025393202878556,0,873.669398196878,1,267.303326876674,0,-267.303326876674,0
138,225,0.0027392067118649,0.0389832782818272,0,56.1138164161227,1,3.90097911135846,0,-3.90097911135846,0
129,235,0.0003459498512109,0.0016076609022892,0,2273.15685835323,1,411.370211308492,0,-411.370211308492,0
148,238,0.0007456139625003,0.008298306046198,0,525.574231270958,1,91.8275604482058,0,-91.8275604482058,0
223,257,0.0018131259288707,0.0016649200122321,0,377.115367599101,1,377.115367599101,0,-377.115367599101,0
235,256,0.0029119114175083,0.0171634363242121,0,270.749161235396,1,167.698706438695,0,-167.698706438695,0
183,254,0.0112239439475076,0.0194280484085404,0,135.539060289612,1,85.9642802825559,0,-85.9642802825559,0
186,241,0.0114776518589271,0.003844193952195,0,268.83865332697,1,-132.600529670041,0,132.600529670041,0
293,18,1.10684987988025e-05,0.0004257212192084,0,5387.42962330931,1,-1174.85810503441,0,1174.85810503441,0
271,58,0.000262733598626,0.0030615149338326,0,1862.27968147932,1,-788.655533415167,0,788.655533415167,0
275,39,0.0032493693265569,0.0107959790192602,0,817.367521856214,1,-54.5436827624501,0,54.5436827624501,0
293,47,0.0003037248478106,0.0041273062028231,0,442.440385325343,1,-442.440385325342,0,442.440385325342,0
