from_bus,to_bus,resistance,reactance,susceptance,line_rating,line_status,P_from,Q_from,P_to,Q_to
1,2,0.0005353869497503,0.0036888499507722,0,3379.59938730939,1,369.118284454836,0,-369.118284454836,0
1,4,1.78565330011964e-05,0.0001583070031163,0,6737.35342123012,1,-2736.10224397094,0,2736.10224397094,0
1,5,9.68205032328362e-05,0.0068134552238877,0,1798.7008523714,1,547.961239363911,0,-547.961239363911,0
3,10,0.124422440022193,1.26738455349607,0,73.6562191725855,1,0.0,0,0.0,0
3,11,0.0001529639737223,0.0017316390712112,0,4870.59150614327,1,-2133.27968388562,0,2133.27968388562,0
6,11,0.0001277497091256,0.0047238501583307,0,10924.5495630557,1,4975.66596679522,0,-4975.66596679522,0
4,13,0.0007362090337264,0.0005504841163938,0,17661.866415272,1,-2736.10224397098,0,2736.10224397098,0
11,13,6.88995090600062e-05,0.0005037350718485,0,7810.56945414742,1,2842.3862829096,0,-2842.3862829096,0
12,13,0.0009380438016884,0.0047037224329528,0,1775.15440084464,1,-395.721293317666,0,395.721293317666,0
5,14,0.0050718087128135,0.0350483899391223,0,792.812333899616,1,-17.9292083180851,0,17.9292083180851,0
8,14,0.0009226784470534,0.0511782179341511,0,1464.98066830203,1,-36.7653878432238,0,36.7653878432238,0
7,15,0.0004774925482631,0.0022086383366952,0,1170.79985518999,1,648.932904390833,0,-648.932904390833,0
9,16,0.0357458696986905,1.48744783656003,0,73.6562191725855,1,5.55111512312578e-15,0,-5.55111512312578e-15,0
8,17,0.0033208689325555,0.0114705827045609,0,547.816158788297,1,390.484857688518,0,-390.484857688518,0
9,18,1.82548810796273,0.558343577891178,0,73.6562191725855,1,0.0,0,0.0,0
15,20,0.290021940117857,0.335260624169295,0,126.29208782249,1,-11.8594345475965,0,11.8594345475965,0
17,20,0.0006165655564659,0.195269190975038,0,1920.61500655654,1,-45.950794283325,0,45.950794283325,0
20,25,0.0047760535314983,0.0142395563270213,0,547.799232962236,1,182.611307014718,0,-182.611307014718,0
24,25,0.0001326851504289,0.0038206947387965,0,3081.65904037286,1,393.754416190767,0,-393.754416190767,0
25,26,0.035679328944565,0.267958796115128,0,234.456200062118,1,16.6421007310018,0,-16.6421007310018,0
19,27,1.2770716285956,1.52590996472825,0,73.6562191725855,1,0.0,0,0.0,0
24,27,0.016762236235897,0.0327399639185591,0,12058.7467230512,1,52.2079250014711,0,-52.2079250014711,0
21,28,0.0044957821363489,0.0067054644472213,0,1256.53143026047,1,332.430722687176,0,-332.430722687176,0
15,29,0.0140073403099686,0.271174640876377,0,49.912757288939,1,5.86801498819458,0,-5.86801498819458,0
21,29,0.0020471523665322,0.0282417622981895,0,810.058116444622,1,92.9126359970246,0,-92.9126359970246,0
23,29,0.000114334349855,0.0253861398057951,0,737.907329830781,1,-101.023408562234,0,101.023408562234,0
27,29,0.0800567683290332,1.23155715420607,0,10.1474442022091,1,2.24275757701514,0,-2.24275757701514,0
23,30,0.0005436961336023,0.0073296015404136,0,370.21138128974,1,255.493662463506,0,-255.493662463506,0
23,31,0.0017732108947781,0.014742581535354,0,269.082778551925,1,-149.916798192206,0,149.916798192206,0
26,31,0.0050328183550311,0.0152621514167794,0,297.383043885146,1,-74.5641423323757,0,74.5641423323757,0
31,32,0.0001675964679096,0.001386804604082,0,732.995239536577,1,-293.210455836166,0,293.210455836166,0
23,33,0.0079157107591496,0.212566905434521,0,42.5946037565106,1,-4.55345570906764,0,4.55345570906764,0
28,33,0.0224726956331495,0.16049602693433,0,234.257105291549,1,12.4089961012386,0,-12.4089961012386,0
31,33,0.0015168342287207,0.0218646117064164,0,127.343141733959,1,56.8153987108582,0,-56.8153987108582,0
27,34,0.0260982256552131,0.0538877382681113,0,1212.9354988471,1,49.9651674244562,0,-49.9651674244562,0
28,35,0.0002994952614934,0.0021436069147293,0,886.127162689278,1,320.021726585935,0,-320.021726585935,0
30,35,0.0015814185760177,0.0126931300615656,0,1029.04124644397,1,-326.647130965887,0,326.647130965887,0
34,35,0.0037887269502489,0.054436054244935,0,73.6562191725855,1,6.62540437994714,0,-6.62540437994714,0
31,36,0.0050661950535631,0.176951734604345,0,239.790661278621,1,11.9141166007214,0,-11.9141166007214,0
34,36,0.0919651626905466,0.155808854943987,0,324.224910851877,1,16.2521676105562,0,-16.2521676105562,0
32,37,0.0029699842049671,0.0055965813855205,0,293.914955852627,1,-254.973410502597,0,254.973410502597,0
15,38,0.000638388926688,0.0018753113817416,0,2940.87969690175,1,-569.935239523983,0,569.935239523983,0
32,38,0.0125099169440829,0.0682027342410529,0,1423.11877246584,1,-38.237045333566,0,38.237045333566,0
37,38,0.0062769759313151,0.0579101526887162,0,5646.29562076116,1,-20.3917887140515,0,20.3917887140515,0
33,39,0.0041214774997883,0.0413871394757248,0,238.523586708621,1,64.6709391030292,0,-64.6709391030292,0
34,39,0.0158474257826723,0.160324302170444,0,733.823281195104,1,27.0875954339527,0,-27.0875954339527,0
30,40,0.00047364720821,0.0020003052008204,0,1688.03179711541,1,582.140793429394,0,-582.140793429394,0
12,41,0.0002625786336816,0.0011157847960013,0,3416.64197632643,1,857.442710769945,0,-857.442710769945,0
38,42,0.0002937040410919,0.0125450917844573,0,422.007628010651,1,98.2354578171741,0,-98.2354578171741,0
37,43,0.0010852008644455,0.0026726951051098,0,142.027719181271,1,-142.027719181272,0,142.027719181272,0
41,43,0.0001449958594354,0.0077780129437556,0,4073.08632135385,1,427.197984087101,0,-427.197984087101,0
37,44,0.0515938712049638,0.0782882279784365,0,1287.91974185408,1,-41.8080264728655,0,41.8080264728655,0
41,44,2.69430001482237e-05,0.0009977389731071,0,2324.55576547196,1,430.244726682838,0,-430.244726682838,0
42,45,0.0325072776110847,0.0377306175997353,0,263.403562789112,1,-4.49655574135424,0,4.49655574135424,0
43,45,0.0027324465718585,0.0257557833727951,0,369.166362612114,1,10.1499611814083,0,-10.1499611814083,0
5,46,0.0089030129394742,0.0857774269500435,0,3.07084644041515,1,-1.08981850835916,0,1.08981850835916,0
37,46,0.0424077772691685,0.0185449629026496,0,190.047252291777,1,-50.7458761344111,0,50.7458761344111,0
44,46,0.0226518954425443,0.269977701256545,0,75.169152442962,1,8.63773528927536,0,-8.63773528927536,0
14,47,0.0110732547232149,0.0375495428175099,0,245.469695434168,1,-54.6945961613092,0,54.6945961613092,0
43,48,0.0029453434766977,0.0088883638385783,0,681.842547365766,1,193.789561556048,0,-193.789561556048,0
45,48,0.0614482700201917,0.258437493169468,0,47.3888811527716,1,5.65340544005362,0,-5.65340544005362,0
47,48,0.0091285548871217,0.0513049796966785,0,1108.61991060917,1,94.9736438441959,0,-94.9736438441959,0
20,49,0.0007278923157585,0.0020749242596272,0,630.060206557166,1,-451.236806978206,0,451.236806978206,0
5,51,0.0005442749670613,0.0011898178114854,0,1794.2910320125,1,540.591477324796,0,-540.591477324796,0
42,51,0.0612260933077944,0.205674316506265,0,55.2864026970408,1,-1.2440757579828,0,1.2440757579828,0
47,53,0.0016270541519568,0.0138218586178839,0,660.703898672894,1,-149.668240005505,0,149.668240005505,0
52,53,4.2343895814604e-05,0.0043802269687759,0,1527.79472507222,1,-357.349666797035,0,357.349666797035,0
3,54,1.62730069029114e-05,0.0009643329257551,0,3403.55144065414,1,2133.27968388562,0,-2133.27968388562,0
16,54,0.0012663856516235,0.0029114644934949,0,453.702342737652,1,432.658772507413,0,-432.658772507413,0
38,54,1.1556655424389e-05,0.0014131557228517,0,1962.31307116691,1,-721.851568644394,0,721.851568644394,0
46,54,0.0034511153959115,0.0291657268488324,0,137.965890391361,1,-43.1979593534956,0,43.1979593534956,0
50,55,0.0001349567895357,0.0034985282323939,0,2113.77854977132,1,-394.34146593733,0,394.34146593733,0
54,55,0.000283353947771,0.0021125554422391,0,1631.86421348701,1,544.860621449084,0,-544.860621449084,0
5,57,0.0018955035157706,0.0150778450724553,0,5903.46220774981,1,26.3887888655624,0,-26.3887888655624,0
22,57,0.40743233762195,1.94404568405767,0,73.6562191725855,1,0.0,0,0.0,0
49,57,0.0093785599128618,0.139543861289974,0,1762.12664895474,1,32.7829303836064,0,-32.7829303836064,0
51,57,0.0091398447044599,0.0087433076509557,0,1853.27247933744,1,-28.0579510737873,0,28.0579510737873,0
2,58,0.0017760427050017,0.0032708386834858,0,2577.39990907766,1,369.118284454836,0,-369.118284454836,0
8,58,0.000638371213517,0.0068352420292681,0,2220.02191931539,1,-353.719469845295,0,353.719469845295,0
21,58,0.0005473179929899,0.002039092195177,0,675.141465968199,1,-425.343358684194,0,425.343358684194,0
38,58,0.64588601981596,1.87003705447759,0,73.6562191725855,1,-0.444519536489016,0,0.444519536489016,0
51,58,0.0100943047354874,0.0047949876290687,0,3967.7360954086,1,-377.011693901754,0,377.011693901754,0
1,59,0.0004712856322202,0.0012256199775649,0,6235.80634867291,1,1740.76743209322,0,-1740.76743209322,0
7,59,0.0020381847638927,0.0013903516642051,0,927.897375450605,1,-648.93290439083,0,648.93290439083,0
54,59,0.0013756932084776,0.0103377836152973,0,6866.39298603209,1,-23.8550473216112,0,23.8550473216112,0
57,59,0.0029983526940775,0.0071205545363812,0,771.856734677399,1,-280.578722867858,0,280.578722867858,0
58,59,0.002412732511746,0.0005529953886818,0,1761.40239832046,1,-787.40075751291,0,787.40075751291,0
51,60,0.0013027861934207,0.0007193998962439,0,2315.16218033559,1,-797.986971646401,0,797.986971646401,0
54,60,0.0002217363217063,0.0012425696435401,0,4637.21806965828,1,1144.81738843992,0,-1144.81738843992,0
56,60,0.0004322204919069,0.0047521749923611,0,1341.93599730661,1,-346.830416793529,0,346.830416793529,0
61,63,0.000343516875276,0.0627725171906649,0,3.62559484337346,1,-3.21327645756382,0,3.21327645756382,0
61,65,0.030051987425064,0.0353608691937503,0,16357.3664146429,1,42.024515450389,0,-42.024515450389,0
64,67,0.0025950391052628,0.0084501702826119,0,339.424536271239,1,-256.172813621891,0,256.172813621891,0
62,70,0.0026275166471725,0.0222893090471013,0,474.143428378996,1,76.5032542840558,0,-76.5032542840558,0
66,71,0.0008748621584491,0.0054135359503966,0,1602.26143201922,1,284.40699477578,0,-284.40699477578,0
68,71,0.0040459545932158,0.0156274702441326,0,1010.15244710187,1,-200.886073385818,0,200.886073385818,0
69,71,0.0299963824588629,0.122398705439125,0,238.482946381574,1,16.9667664965691,0,-16.9667664965691,0
70,72,0.0006012089214145,0.0258897331061354,0,702.376025623127,1,88.4951228691996,0,-88.4951228691996,0
69,73,0.0124034924927354,0.082880046256603,0,22.927201259825,1,-22.927201259825,0,22.927201259825,0
61,74,0.0056586013814323,0.0087954724323102,0,503.866691621575,1,87.5654419520892,0,-87.5654419520892,0
67,74,0.0029167147548201,0.0232315199124992,0,658.483612009694,1,-96.3176682822892,0,96.3176682822892,0
72,75,0.0009840805413907,0.0169706520455686,0,221.918240651061,1,-131.294097084449,0,131.294097084449,0
76,77,0.0034870271582783,0.0143896965833509,0,1040.35060639102,1,12.121763096205,0,-12.121763096205,0
68,78,0.0003119917146353,0.0402405290802358,0,123.376938751878,1,-69.3887636869862,0,69.3887636869862,0
70,78,0.141569768158609,0.126232349786796,0,261.490255967873,1,-11.991868585144,0,11.991868585144,0
69,79,0.0966508462437351,0.513675609926784,0,18.9271908263408,1,2.99753221092196,0,-2.99753221092196,0
74,79,0.0001455923503975,0.102987393443828,0,125.337446146012,1,-8.75222633019956,0,8.75222633019956,0
76,79,0.0349279252595093,0.005844941256537,0,472.543676245703,1,-95.3477726071092,0,95.3477726071092,0
75,80,0.0180163385177508,0.0350128184618679,0,273.048934252901,1,-131.294097084449,0,131.294097084449,0
78,80,0.013238135196808,0.0335531003461452,0,357.310505857705,1,-90.0139161602549,0,90.0139161602549,0
65,81,0.108284739304884,0.282963352256534,0,3.66371631841431,1,-0.0044965743922986,0,0.0044965743922986,0
76,81,0.405958597272473,0.281026657476349,0,14.3184988226359,1,3.76703923232675,0,-3.76703923232675,0
77,81,0.0007081175132448,0.0457681235798142,0,659.216142870571,1,19.3193402279524,0,-19.3193402279524,0
72,82,0.0030955591018283,0.0353942494259691,0,485.112851977116,1,-109.111913795758,0,109.111913795758,0
73,83,0.0029330168989555,0.0049835786562675,0,1299.21224288052,1,373.291565155986,0,-373.291565155986,0
82,83,0.0351076430129512,0.0335932750221874,0,184.143032123135,1,-71.6403214198206,0,71.6403214198206,0
77,84,0.0008290879155972,0.243870294240372,0,54.559199232593,1,-10.8765971949937,0,10.8765971949937,0
83,84,0.0100057083319939,0.074700648231028,0,2131.55996832402,1,-4.56635293698016,0,4.56635293698016,0
71,85,0.0017673967704807,0.0130422491345847,0,339.893295902528,1,93.499894501026,0,-93.499894501026,0
76,85,0.0010663931337081,0.015090780210882,0,1372.57674934474,1,79.4589702785785,0,-79.4589702785785,0
82,86,0.0066144840148954,0.0407873340646241,0,1015.24674062541,1,-37.471592375937,0,37.471592375937,0
83,86,0.0205596103775438,0.879149779620211,0,2.0402531104645,1,0.998995488962734,0,-0.998995488962734,0
78,87,0.0952958281428623,0.195523842915588,0,56.3844245320761,1,0.889112073520049,0,-0.889112073520049,0
83,87,0.0082059828997797,0.0246919744207574,0,530.688672748001,1,106.817422321256,0,-106.817422321256,0
79,88,0.014286011558259,0.0336538601149664,0,418.861954953851,1,-89.1420861332536,0,89.1420861332536,0
84,88,0.0119212746303074,0.0698847663448098,0,888.77894176817,1,-15.4429501319737,0,15.4429501319737,0
79,91,0.196819844755206,0.847485910913385,0,5.78788850864932,1,1.90075657793019,0,-1.90075657793019,0
88,92,0.0124517596212321,0.113429654562816,0,1308.42012167477,1,28.6538651665635,0,-28.6538651665635,0
91,92,0.0196691733725045,0.0086588330748863,0,471.545675176091,1,-157.139152291794,0,157.139152291794,0
83,93,0.0037129617356583,0.0296592629723899,0,305.849422322327,1,-64.5988451336317,0,64.5988451336317,0
86,93,0.0282402608810453,0.0766115121485128,0,7937.98476300047,1,-36.4725968869744,0,36.4725968869744,0
90,93,0.0066082228515771,0.0208914536656588,0,1180.65531913793,1,101.071442020606,0,-101.071442020606,0
90,94,0.0347108393034063,0.0886069315171809,0,1163.01201269966,1,48.4200522287123,0,-48.4200522287123,0
90,96,0.148818710097604,0.441949514678593,0,15.4805783739159,1,-1.94602927838328,0,1.94602927838328,0
87,97,0.0008923621939628,0.0100698029711723,0,1419.49217374246,1,238.345454459482,0,-238.345454459482,0
89,97,0.0125998436914867,0.0522566754908625,0,248.720829816208,1,-1.37339441611362,0,1.37339441611362,0
95,98,0.0710378116033666,0.121500060175391,0,7.97633299835423,1,1.91195972642135,0,-1.91195972642135,0
65,99,0.0116556426992766,0.0477101554254073,0,1665.23173715823,1,42.029012024781,0,-42.029012024781,0
89,99,0.0025004130785443,0.0674741313700965,0,216.95779965186,1,1.37339441611353,0,-1.37339441611353,0
91,99,0.0005460693789087,0.0126481411498516,0,560.407752427481,1,159.039908869726,0,-159.039908869726,0
92,100,0.0098609380772621,0.0790272793600859,0,1238.90712567951,1,19.8963016801836,0,-19.8963016801836,0
95,100,0.0614670539354447,0.134364023647872,0,11.0448936712791,1,-1.91195972642135,0,1.91195972642135,0
98,101,0.0861201747855245,0.0294432727698514,0,91.7774538669673,1,-82.6695532065544,0,82.6695532065544,0
66,102,0.0119360699974889,0.0055993717059323,0,1242.55431468237,1,-129.719116176325,0,129.719116176325,0
92,102,0.0028057865587274,0.0133390181237063,0,542.9233779343,1,-148.381588805413,0,148.381588805413,0
94,102,0.0084138569093436,0.0209339543757237,0,695.078920511102,1,-19.6939346346637,0,19.6939346346637,0
94,104,0.0221981442567366,0.011187468636242,0,246.038214529044,1,-147.635020075805,0,147.635020075805,0
101,105,0.0082424274396032,0.0311697138263827,0,736.280279489025,1,-104.494424724664,0,104.494424724664,0
96,106,0.0141418034931604,0.0330453469569061,0,57.4085509882429,1,57.408550988243,0,-57.408550988243,0
101,106,0.0086846687076907,0.0774762011570004,0,63.6898351176432,1,-57.4085509882429,0,57.4085509882429,0
103,108,0.0964509737199235,0.252515878466577,0,5.43343986997989,1,-5.43343986997988,0,5.43343986997988,0
104,108,0.0266996806045808,0.017147950085444,0,323.989579181923,1,-60.3359259907718,0,60.3359259907718,0
101,109,0.0019435658006001,0.0145098109237568,0,483.749046119512,1,152.674590605262,0,-152.674590605262,0
78,110,0.0562201209896392,0.272127905953403,0,45.9692183286743,1,7.74417181460472,0,-7.74417181460472,0
81,110,0.0193006219255005,0.0312884304680404,0,88.7184974572399,1,43.9624584569916,0,-43.9624584569916,0
109,110,0.0555201948212791,0.166923311961468,0,5.38249873406634,1,5.38249873406635,0,-5.38249873406635,0
104,111,0.0163541341483424,0.0915815063132176,0,695.581113716828,1,24.2330656042629,0,-24.2330656042629,0
107,111,0.003863981566812,0.0137538322685561,0,657.713201160615,1,-177.42695669914,0,177.42695669914,0
62,112,0.0022624106182687,0.0317514246340798,0,189.662020714476,1,-60.6128712013639,0,60.6128712013639,0
103,112,4.27155237979813e-05,0.0034489121418434,0,3207.36623035123,1,405.665162383849,0,-405.665162383849,0
62,113,0.0336046228961445,0.0986594067765538,0,1064.57325222425,1,-21.6157452767174,0,21.6157452767174,0
105,113,0.010960769481354,0.0196350681018343,0,466.756113915397,1,98.7702446271275,0,-98.7702446271275,0
110,114,0.0013868027754058,0.0423529829046318,0,132.084702712517,1,-51.9115602102681,0,51.9115602102681,0
114,115,0.0004684715792826,0.00730412732504,0,752.34545803921,1,289.797824027706,0,-289.797824027706,0
81,116,0.0277532801254936,0.0533181498762883,0,3425.60630923912,1,-20.8805755711045,0,20.8805755711045,0
102,116,0.0034910383001636,0.0272140387649102,0,621.16405763313,1,82.0043253043067,0,-82.0043253043067,0
113,116,0.0812592765617706,0.0867012054260253,0,246.041416256496,1,22.4058570040685,0,-22.4058570040685,0
114,116,0.172286094192374,0.311918643091887,0,11.9104013102421,1,-0.930436723576222,0,0.930436723576222,0
113,117,0.0125785835144567,0.282321894178763,0,23.8593702244766,1,3.97670766339588,0,-3.97670766339588,0
114,117,0.0226932170449245,0.27915648445819,0,25.9565986679603,1,-3.97670766339584,0,3.97670766339584,0
109,118,0.0197954850371935,0.0221030547829518,0,344.903003263419,1,-68.5790012791259,0,68.5790012791259,0
112,118,0.0119432678110165,0.0963645282648711,0,1584.16002541178,1,18.773746876466,0,-18.773746876466,0
113,118,0.000311246235637,0.0397301160245339,0,143.645216506673,1,50.7719346829458,0,-50.7719346829458,0
114,118,0.293286742500519,0.223093943066115,0,15.718125264252,1,-0.966680280285526,0,0.966680280285526,0
69,119,0.0172512833968367,0.0367421314649333,0,2477.33019642686,1,-31.4235941639851,0,31.4235941639851,0
114,119,0.0007410253115658,0.0272914987407987,0,1484.40527842403,1,-127.775191977714,0,127.775191977714,0
62,120,0.0027229920411101,0.0530988098809092,0,14.2084903888598,1,5.72536219402524,0,-5.72536219402524,0
63,120,0.0010820981680399,0.0021141086332019,0,988.295020729786,1,504.768070540197,0,-504.768070540197,0
67,120,0.0187031203490837,0.0134018593568816,0,375.883196711314,1,-159.855145339602,0,159.855145339602,0
68,120,0.0100064377526382,0.0406875323104905,0,174.068769813486,1,-65.8598204459328,0,65.8598204459328,0
69,120,0.0021329612435358,0.0463279059477485,0,102.122896654521,1,54.7483803707681,0,-54.7483803707681,0
112,120,0.0012742712391279,0.0068302221195244,0,807.005702593175,1,326.278544306017,0,-326.278544306017,0
114,120,0.0015520392450229,0.0739667108452597,0,124.097247042962,1,2.75490353956078,0,-2.75490353956078,0
121,125,0.290450625925328,0.712516874604486,0,73.6562191725855,1,0.0,0,0.0,0
127,128,0.009286056459748,0.0708365674749629,0,38.2067167378983,1,10.2798709859906,0,-10.2798709859906,0
126,129,0.0135698239349336,0.0043381975474813,0,665.709210328242,1,-178.067820459653,0,178.067820459653,0
127,129,0.0005625284662135,0.0056005966983954,0,1999.33407303468,1,440.551929338605,0,-440.551929338605,0
128,130,0.0341313443421022,0.226873894005001,0,4.09213431641237,1,-4.09213431641238,0,4.09213431641238,0
122,131,0.0039319389376188,0.0010619072428334,0,1881.0024069111,1,374.407746405177,0,-374.407746405177,0
123,131,0.0332460681619093,0.109717441559028,0,36.5720887089621,1,17.9343338334018,0,-17.9343338334018,0
127,132,0.0300519689008039,0.41438455134598,0,23.390365840102,1,2.7483170469988,0,-2.7483170469988,0
128,132,0.0903775456202182,0.176280730443758,0,77.6074667182435,1,2.32963268707977,0,-2.32963268707977,0
128,133,0.0016100628329435,0.025446234726101,0,489.059103439523,1,91.720336887713,0,-91.720336887713,0
133,134,0.0548138900835197,0.115967147949583,0,300.296860418747,1,-8.03493636159138,0,8.03493636159138,0
133,135,0.0123394581850015,0.0254512083397541,0,1005.86752155175,1,-105.823600706757,0,105.823600706757,0
130,137,0.0046730136312712,0.0309916458520823,0,475.520179568013,1,108.845786929755,0,-108.845786929755,0
133,138,0.0612912369101353,0.153579790826958,0,488.094474094818,1,-20.4264014969762,0,20.4264014969762,0
136,138,0.0324845529899381,0.022945553038626,0,3045.50945623808,1,-34.4562653143774,0,34.4562653143774,0
132,139,0.0336332139459937,0.194468785890764,0,120.317921910197,1,5.07794973407862,0,-5.07794973407862,0
137,139,0.0073625803183081,0.206134289887268,0,147.71886597394,1,-5.0779497340786,0,5.0779497340786,0
130,140,0.0164030568984294,0.0252234790199616,0,297.790987194485,1,-54.2075741537275,0,54.2075741537275,0
138,140,0.0065846004139134,0.0066142590793229,0,1145.13046161909,1,-225.65744567826,0,225.65744567826,0
129,141,0.0011223286688083,0.0009425779045718,0,318.02139077835,1,-18.9490817203819,0,18.9490817203819,0
135,141,0.0056783218031282,0.0145930019768964,0,495.640059434213,1,142.582260387131,0,-142.582260387131,0
127,142,0.0912399716126416,0.364845109479787,0,7.57315015048857,1,4.77309641593904,0,-4.77309641593904,0
134,142,0.0065957589721723,0.162600240842537,0,10.9814638639663,1,-2.39174589212592,0,2.39174589212592,0
141,142,0.0100134066617079,0.113073949088573,0,239.383339992652,1,-6.26184737033024,0,6.26184737033024,0
133,143,0.002001002531864,0.0022428886898751,0,1529.87066062527,1,226.005275453039,0,-226.005275453039,0
137,144,0.0031601499615023,0.0140755148508721,0,551.419505299997,1,113.923736663834,0,-113.923736663834,0
143,145,0.0820214427937678,0.00913281250862,0,470.014483091676,1,-20.6311881084503,0,20.6311881084503,0
138,146,0.0066063237779091,0.068130417901565,0,2124.0508662506,1,25.5035745512604,0,-25.5035745512604,0
141,146,0.0045759698994701,0.161497447950208,0,52.344868622898,1,-4.87238644281085,0,4.87238644281085,0
145,146,0.0019477865840628,0.0832718489794369,0,479.714892517182,1,-20.6311881084498,0,20.6311881084498,0
141,147,0.0006508673122419,0.0180338999956004,0,257.042339764749,1,148.973776406359,0,-148.973776406359,0
143,147,0.0719407584808362,0.103890039095182,0,383.160842686829,1,15.0836232425223,0,-15.0836232425223,0
144,148,8.84542241223441e-05,0.0253281407836758,0,866.374097440168,1,-170.250207049686,0,170.250207049686,0
143,149,0.000647374146833,0.0047756789051026,0,1762.80782562094,1,231.55284031897,0,-231.55284031897,0
147,150,0.0042233815423236,0.0295241493968918,0,418.176853134445,1,164.357811186264,0,-164.357811186264,0
148,151,0.0005077217265061,0.0065808882623635,0,191.305314283473,1,-191.305314283473,0,191.305314283473,0
144,154,0.118210689746708,0.875218462315906,0,14.9480602394675,1,0.300411537383199,0,-0.300411537383199,0
147,154,0.0073286212410017,0.321250981302272,0,19.9724103529195,1,-0.300411537383183,0,0.300411537383183,0
127,156,0.0008134431634072,0.001989118228038,0,1854.46853512479,1,-458.353213787532,0,458.353213787532,0
141,158,0.0020839717988459,0.0288100597011948,0,1941.37912904484,1,-14.2063639264778,0,14.2063639264778,0
142,158,0.0975877219994598,0.115284351774879,0,47.3302299750347,1,2.59155395589006,0,-2.59155395589006,0
152,159,0.0001854867596933,0.0083102734518623,0,1619.21616670071,1,218.676377722387,0,-218.676377722387,0
158,159,0.0011027720498361,0.0304382596275688,0,109.698768188838,1,-41.6739453764635,0,41.6739453764635,0
155,160,0.0018760360678297,0.006126267765289,0,903.169057671851,1,263.891238645366,0,-263.891238645366,0
152,161,0.0312091029238909,0.109439053356336,0,156.435336503738,1,-27.369298075491,0,27.369298075491,0
153,161,0.000394069265067,0.0050216664385856,0,1330.92455461293,1,541.345265082328,0,-541.345265082328,0
140,162,0.001935219281009,0.0059030301035022,0,1068.14217499106,1,-499.559118391288,0,499.559118391288,0
157,162,0.0032467945601941,0.0032918118708862,0,1429.0049518284,1,363.329453716135,0,-363.329453716135,0
161,162,0.0225169988996953,1.51410782904309,0,2.92453448893819,1,-0.314123836848768,0,0.314123836848768,0
156,164,0.003128716449639,0.0565494093601393,0,216.646833452456,1,-50.097652752169,0,50.097652752169,0
161,165,0.0026399942479559,0.0767537060962603,0,77.6516446556042,1,11.5312177716935,0,-11.5312177716935,0
163,165,0.0124015963741153,0.0939096411944994,0,81.4816253075643,1,-11.5312177716935,0,11.5312177716935,0
158,166,0.0218156307032633,0.102080957611691,0,93.2727051096875,1,-42.0279223639243,0,42.0279223639243,0
159,166,0.479339079961241,0.690873974174056,0,47.0757377616276,1,-4.3738341654537,0,4.3738341654537,0
164,166,0.0034744720147052,0.0692715361591696,0,21.576933755891,1,21.576933755891,0,-21.576933755891,0
161,167,0.0042787257525245,0.0095227020026525,0,1160.1744124141,1,216.054393187873,0,-216.054393187873,0
164,167,0.0072613007280397,0.156036986576606,0,391.458905796316,1,11.2878786737072,0,-11.2878786737072,0
163,168,0.318443121427898,0.660363978340322,0,10.5016703786214,1,-0.50209727273437,0,0.50209727273437,0
161,169,0.002692633006021,0.0039839719482816,0,2244.70584045555,1,502.982670427848,0,-502.982670427848,0
168,169,0.0051349890762701,0.0364000983711826,0,4519.48770675036,1,10.0955655391319,0,-10.0955655391319,0
160,170,1.66316702865025e-05,0.0119059032095314,0,488.144654271537,1,215.781137187091,0,-215.781137187091,0
163,170,0.0533475208038582,0.0518367341962551,0,143.028312246891,1,12.4180549571572,0,-12.4180549571572,0
168,170,0.0066877067601035,0.0381208603908792,0,2429.75209926832,1,25.583849802579,0,-25.583849802579,0
169,171,0.0004993043994914,0.0034057611840937,0,641.552719700316,1,510.033661634245,0,-510.033661634245,0
170,171,0.0014105925856408,0.0042625936734751,0,1401.09591303286,1,264.921816628667,0,-264.921816628667,0
163,172,0.073046273894804,0.431191451457147,0,7.14986500983332,1,-0.384739912729271,0,0.384739912729271,0
168,172,0.414347794305944,0.527028689496957,0,5.8632253583778,1,0.314347955690208,0,-0.314347955690208,0
130,173,0.0073421024804831,0.0199628217137602,0,544.17322749926,1,-58.7303470924393,0,58.7303470924393,0
168,173,0.0042435360815369,0.0185287191507635,0,517.314961493336,1,55.6857727597034,0,-55.6857727597034,0
169,173,0.106366192882581,0.218193544587774,0,3.04457433273613,1,3.04457433273615,0,-3.04457433273615,0
152,174,0.0236334376575608,0.15046509237528,0,6.18955086971845,1,-6.18955086971846,0,6.18955086971846,0
167,174,0.0223988564727555,0.156137586651379,0,81.3719387112126,1,0.0418677301449399,0,-0.0418677301449399,0
160,176,0.0013163789469445,0.0360191128126167,0,206.803335989011,1,48.1101014582761,0,-48.1101014582761,0
170,176,0.0064398451621832,0.075069851561275,0,254.257898224916,1,-11.1387746818377,0,11.1387746818377,0
172,176,0.0688443622117879,0.377574194640161,0,73.6562191725855,1,-0.070391957039051,0,0.070391957039051,0
125,177,0.106287381193447,1.36753320850832,0,73.6562191725855,1,-1.66533453693773e-14,0,1.66533453693773e-14,0
175,177,0.0380183967706335,0.0296190736224298,0,264.117484069774,1,12.2320672286966,0,-12.2320672286966,0
176,177,0.123340931467318,0.0559381905544244,0,75.4726213093339,1,5.85232252323546,0,-5.85232252323546,0
128,178,0.0095702916694847,0.0199419362369578,0,417.876996898383,1,-79.6779642723898,0,79.6779642723898,0
164,178,0.043721514731988,0.709047118035044,0,36.9940121521918,1,4.0673873770248,0,-4.0673873770248,0
174,178,0.0321810886817794,0.13126422636457,0,121.284720049043,1,8.50274007695524,0,-8.50274007695524,0
176,178,0.0121886712779227,0.0358327050759791,0,2878.19057619005,1,39.1983482372657,0,-39.1983482372657,0
177,178,0.0087857538771422,0.0595659866955531,0,3056.72811225909,1,18.084389751932,0,-18.084389751932,0
123,179,0.0359375825913625,0.0318642825999661,0,30.1740131684831,1,-17.934333833402,0,17.934333833402,0
124,179,0.0001735629590532,0.0010193232089126,0,957.787832520062,1,434.339630809882,0,-434.339630809882,0
156,179,0.0017521122480181,0.0074679237037261,0,949.843255252617,1,-408.255561035366,0,408.255561035366,0
176,179,0.0015481148751716,0.208008598803806,0,8.14973594110172,1,-8.14973594110171,0,8.14973594110171,0
174,180,0.0441209006791451,0.119798037661127,0,372.247408143217,1,-14.6504232165286,0,14.6504232165286,0
175,180,0.0125896656452378,0.117043219637063,0,247.968983003778,1,-12.2320672286965,0,12.2320672286965,0
181,183,0.0004587427032353,0.0009608183610209,0,4697.05043921628,1,-1752.32441613685,0,1752.32441613685,0
183,186,0.0285696572212506,0.0304383198718981,0,299.730115042604,1,-9.13261706076565,0,9.13261706076565,0
184,187,0.0090098823634662,0.109506088314565,0,2304.7009125465,1,19.2294072367325,0,-19.2294072367325,0
182,189,0.0578216481411045,0.893455836359517,0,73.6562191725855,1,-0.271672900573777,0,0.271672900573777,0
183,189,0.78574970277859,0.690644346709222,0,73.6562191725855,1,0.271672900573772,0,-0.271672900573772,0
183,190,0.0055218706885172,0.0050970630426491,0,527.721320218108,1,-443.880835864253,0,443.880835864253,0
184,191,0.0126075089560266,0.247584926301624,0,2254.43005678646,1,-18.1492754230892,0,18.1492754230892,0
188,194,0.0058732888086432,0.0114473958438251,0,655.320051153487,1,-265.480456958199,0,265.480456958199,0
191,194,0.0009030721341511,0.0033923404677469,0,1097.57720847269,1,-467.453774617698,0,467.453774617698,0
191,196,0.0042668265903353,0.0390936821140684,0,844.998461663168,1,-25.5338536853371,0,25.5338536853371,0
193,196,0.0426130828517931,0.237486062621196,0,41.503044729982,1,14.1869101303973,0,-14.1869101303973,0
194,196,0.0246128874093855,0.0517804635644992,0,393.695957350739,1,11.34694355494,0,-11.34694355494,0
191,197,0.0009642263933918,0.0680762532435827,0,288.689054864418,1,13.5515519399954,0,-13.5515519399954,0
200,201,0.0219353061108833,0.012003505005535,0,674.333462747156,1,107.308517852837,0,-107.308517852837,0
191,203,0.0041175268415422,0.0379892218761793,0,452.694676394935,1,77.2812831915697,0,-77.2812831915697,0
197,203,0.0144695021183703,0.148567259399101,0,309.092900920808,1,13.5515519399955,0,-13.5515519399955,0
195,204,0.0060731025080565,0.0076783412658698,0,376.432644399722,1,308.65882076843,0,-308.65882076843,0
199,205,0.017385113427075,0.0037307351510568,0,355.07261492295,1,-154.934565442697,0,154.934565442697,0
202,206,0.0039558713624491,0.0013520912085514,0,1849.16285562178,1,566.24862128692,0,-566.24862128692,0
198,207,0.0003070220409495,0.0019919576948206,0,2234.35558227083,1,594.800689690356,0,-594.800689690356,0
185,208,0.0504283686817618,0.105953381974598,0,338.4532159217,1,-21.2194767074664,0,21.2194767074664,0
193,208,0.0055279757332374,0.0252633979799251,0,199.326635748793,1,88.9428267139992,0,-88.9428267139992,0
200,209,0.0025522349536063,0.0249726017554812,0,1042.58222409733,1,-107.308517852837,0,107.308517852837,0
205,209,0.0272618206902819,0.880535817266517,0,4.14477252039691,1,-1.0472514923231,0,1.0472514923231,0
207,210,0.0016229103343745,0.0112794319833816,0,2239.23633066237,1,189.131795700159,0,-189.131795700159,0
209,211,0.0045343550008165,0.0749216125696432,0,1097.79142052781,1,-31.2729034751578,0,31.2729034751578,0
210,211,0.0062604334452891,0.036062166665522,0,220.828252543273,1,69.0672002726336,0,-69.0672002726336,0
204,212,0.0005385127556422,0.0231064254408695,0,1253.58484036235,1,-57.2259029781849,0,57.2259029781849,0
210,212,0.0022123465800911,0.016650081943136,0,372.151868773796,1,104.054898259543,0,-104.054898259543,0
211,212,0.0211546671345237,0.415396456221471,0,3.79263916262245,1,-1.82522092663786,0,1.82522092663786,0
205,213,0.0011734905447834,0.0178258897403663,0,354.955606054504,1,-153.887313950373,0,153.887313950373,0
206,215,0.0344494685525481,0.0257507832571328,0,133.032862592129,1,53.3243648773976,0,-53.3243648773976,0
207,215,0.0055731879715677,0.0173186895264566,0,1996.52894180037,1,142.212794028206,0,-142.212794028206,0
213,215,0.0038192787155476,0.0174351824939757,0,389.523142698536,1,-153.887313950373,0,153.887313950373,0
214,215,0.0023199943032966,0.0282500784683169,0,447.742653054836,1,-41.64984495523,0,41.64984495523,0
185,216,0.0289313172952038,0.174324548430689,0,73.6562191725855,1,-3.24644663833948,0,3.24644663833948,0
207,216,0.0013419818820847,0.0099288028450277,0,2475.88413272407,1,263.456099961994,0,-263.456099961994,0
185,217,0.0003692774219561,0.0340116909433257,0,237.766438063506,1,74.8182171601727,0,-74.8182171601727,0
190,217,0.059780211157346,1.04615498894213,0,3.92592927982692,1,-1.19918600594945,0,1.19918600594945,0
195,218,0.237137308190837,0.506816031598476,0,98.9983290836112,1,0.672620979123795,0,-0.672620979123795,0
208,218,0.0459036975235163,0.0328623953921107,0,67.7233500065325,1,67.7233500065325,0,-67.7233500065325,0
214,218,0.103573414632698,0.0077460833798053,0,1252.19461986778,1,-62.0359203096847,0,62.0359203096847,0
214,220,0.0037720763370735,0.0229329752238452,0,615.555066265453,1,-60.6129685476619,0,60.6129685476619,0
217,220,0.0042724151416041,0.0384821100647082,0,1109.32901420245,1,-90.3515473427962,0,90.3515473427962,0
219,220,0.0326241544444454,0.0516225358155891,0,7841.42974435174,1,-28.5928286600845,0,28.5928286600845,0
216,221,0.0003405714452732,0.005110232912034,0,732.309889591863,1,-353.612555537393,0,353.612555537393,0
214,222,0.0038640648958507,0.016071672795043,0,1085.46918545771,1,205.195278975507,0,-205.195278975507,0
217,222,0.0185886852925205,0.103066495438398,0,127.7207867392,1,11.74920030235,0,-11.74920030235,0
192,223,0.210292403535606,0.194234067362652,0,44.9931355403557,1,-0.596957725619585,0,0.596957725619585,0
217,223,0.0001475275082341,0.0689920442950662,0,43.7730286201704,1,-3.80237228988021,0,3.80237228988021,0
219,223,3.50507603649721e-05,0.0608037228847253,0,4596.39258053541,1,28.5928286600845,0,-28.5928286600845,0
216,224,0.0092500871779165,0.0009897995032608,0,656.831337047275,1,353.861099490763,0,-353.861099490763,0
217,224,0.082514866434486,0.167562587944308,0,233.903949541862,1,-16.4737123995328,0,16.4737123995328,0
216,225,0.0265761049932157,0.129707507591327,0,7.30708364697006,1,7.30708364697006,0,-7.30708364697006,0
220,225,0.0145290037903187,0.0533587047363486,0,14498.1066455098,1,24.6271415366941,0,-24.6271415366941,0
192,226,0.0082337886973276,0.0064767650028502,0,1190.16358652549,1,304.105335909216,0,-304.105335909216,0
217,226,0.0157189469238175,0.0105696330598379,0,810.884195670519,1,172.49746288408,0,-172.49746288408,0
218,227,0.0083115690868858,0.236394975011858,0,40.1817764244702,1,6.36005067597092,0,-6.36005067597092,0
220,227,0.0171241324249912,0.0654735281043491,0,64.7490780311785,1,36.8543499207808,0,-36.8543499207808,0
222,227,0.0221537518615796,0.0605485627350405,0,2557.75480076675,1,-37.5712101272865,0,37.5712101272865,0
223,230,0.0157250900982473,0.101652882873438,0,118.506553162354,1,9.20286247759408,0,-9.20286247759408,0
229,230,0.0050075987352393,0.0358950544994681,0,53.7644843584872,1,53.7644843584872,0,-53.7644843584872,0
181,231,2.76486210016546e-05,0.0014201946486483,0,4871.8275666771,1,-745.60654318837,0,745.60654318837,0
222,231,0.0013589062460423,0.0115153340250134,0,266.54767301705,1,254.515689405144,0,-254.515689405144,0
226,231,0.0076360914556172,0.0065539547522597,0,671.933799511482,1,353.763075681383,0,-353.763075681383,0
228,231,0.0025643706639956,0.0101402073719225,0,581.812258177406,1,84.840166515793,0,-84.840166515793,0
223,232,0.383607388350323,0.487832848183322,0,3.2340973503278,1,0.862740291977149,0,-0.862740291977149,0
229,232,0.0061763279671989,0.138675368657048,0,110.554326159146,1,10.2055228857995,0,-10.2055228857995,0
225,234,0.0005431350218113,0.057939933429867,0,967.410449731374,1,31.9342251836642,0,-31.9342251836642,0
230,234,0.0602558632225222,0.0898590636192969,0,241.531304623869,1,-10.9698783707707,0,10.9698783707707,0
232,234,0.213564698177049,0.477940898664153,0,7.96797937362477,1,-0.985725540698246,0,0.985725540698246,0
233,234,0.0004209589063719,0.0607858287435773,0,205099.554490687,1,-19.9786212721953,0,19.9786212721953,0
226,235,0.0072009768515167,0.0208765140337082,0,2069.26868005865,1,122.839723111916,0,-122.839723111916,0
182,236,0.0406787574263684,0.0204926431951438,0,204.324432401622,1,-69.372964711846,0,69.372964711846,0
228,236,0.0120794671920536,0.0588528873614487,0,118.958902913986,1,-12.8411794984957,0,12.8411794984957,0
229,236,0.0039901737455895,0.0460074087415301,0,268.696238938096,1,82.2141442103416,0,-82.2141442103416,0
203,237,0.0005384123421227,0.0320526639388318,0,638.242531548634,1,90.8328351315653,0,-90.8328351315653,0
230,237,0.0029051103833022,0.0337032718844774,0,267.881961262107,1,74.2231928033069,0,-74.2231928033069,0
231,237,0.0036978303965344,0.0184244155331605,0,120.967635971841,1,-52.4876115860465,0,52.4876115860465,0
233,237,0.049586331860524,0.119939971342432,0,476.444346789522,1,18.9502329288143,0,-18.9502329288143,0
182,238,0.000786732767003,0.0315885608429469,0,178.249963156226,1,-53.2573996796076,0,53.2573996796076,0
183,238,2.91439450161632e-05,0.0012905964971829,0,4370.41127575358,1,-970.068895518779,0,970.068895518779,0
186,238,0.0003483887188436,0.0016561878931313,0,2281.91922603282,1,-588.089070846931,0,588.089070846931,0
188,238,0.0004622371852117,0.0131245804932245,0,610.343148278737,1,265.480456958198,0,-265.480456958198,0
228,238,0.0003042026174442,0.0141172776119223,0,433.024180129684,1,-71.9989870172977,0,71.9989870172977,0
232,238,0.0853131158322893,0.290869669577655,0,55.7087002790005,1,7.24212976439071,0,-7.24212976439071,0
183,239,0.0014725420425773,0.0088389015576744,0,546.370125126062,1,-329.513740593637,0,329.513740593637,0
184,239,0.18830689804619,1.12619760775907,0,73.6562191725855,1,-1.0801318136434,0,1.0801318136434,0
209,239,0.0336214098310782,0.0530053970054823,0,1166.57923827393,1,-12.0008885360894,0,12.0008885360894,0
223,239,0.0320710646145751,0.0613549927552968,0,392.142743443267,1,14.1278958750135,0,-14.1278958750135,0
224,239,0.0004533056650013,0.0099732874525489,0,555.386566777918,1,337.38738709123,0,-337.38738709123,0
230,239,0.0135878769309915,0.240169002808679,0,73.6562191725855,1,-0.285967596454961,0,0.285967596454961,0
182,240,0.0140493885852915,0.186013184338321,0,95.9335736245026,1,-9.66294276979971,0,9.66294276979971,0
233,240,0.121820134011028,1.213653630596,0,6.12686617478726,1,1.02838834338099,0,-1.02838834338099,0
239,240,0.0060006816935386,0.178985709688041,0,82.9716580445759,1,8.63455442641858,0,-8.63455442641858,0
243,244,0.0016033256408224,0.0114514147721052,0,1242.56285976883,1,-95.7963266889749,0,95.7963266889749,0
243,246,0.0076580995541243,0.0864046912036244,0,49.7086656042239,1,0.635121954686113,0,-0.635121954686113,0
242,247,0.0001804794172731,0.0062645807426054,0,626.141203426744,1,304.601914112163,0,-304.601914112163,0
245,247,0.0174284938417682,0.0473467362286088,0,432.441063285452,1,18.641957233455,0,-18.641957233455,0
243,248,0.0010125335112614,0.0150059564952964,0,502.680934862867,1,80.6505766905005,0,-80.6505766905005,0
247,248,0.0054609287401592,0.0397090003948584,0,1839.59679404811,1,-28.6782952680847,0,28.6782952680847,0
243,249,0.0162833473588661,0.229700528458522,0,14.7294507390284,1,-1.8256986115754,0,1.8256986115754,0
241,250,0.0001246878516593,0.0083696753079471,0,420.327767223718,1,-273.659398195499,0,273.659398195499,0
242,251,0.0007786561359622,0.0060627921274816,0,862.6133217898,1,-326.784934307567,0,326.784934307567,0
249,252,0.160535414334646,0.385022955682779,0,12.2332641647945,1,-1.82569861157538,0,1.82569861157538,0
251,252,0.0167023195193079,0.229012124451653,0,11.1482923747172,1,1.82569861157538,0,-1.82569861157538,0
243,253,0.0182337626357217,0.0821957629382237,0,488.035532641388,1,16.3363266553636,0,-16.3363266553636,0
245,254,0.0180375275441287,0.0775870660013028,0,829.649271146063,1,-18.3693101861778,0,18.3693101861778,0
245,255,0.0821122610241345,0.373080877808868,0,73.6562191725855,1,-0.272647047277297,0,0.272647047277297,0
248,255,0.110107637228297,0.7829039561571,0,73.6562191725855,1,0.197254344242503,0,-0.197254344242503,0
253,255,0.0167083029169406,0.290391744663714,0,73.6562191725855,1,0.0753927030348267,0,-0.0753927030348267,0
253,256,0.13728757727969,0.0513206642196207,0,563.896685850243,1,16.2609339523286,0,-16.2609339523286,0
248,257,0.0004560632866213,0.025173277173729,0,257.911384527699,1,51.7750270781734,0,-51.7750270781734,0
250,259,0.0204668095926428,0.0201055320778004,0,497.082082541122,1,95.9334618259486,0,-95.9334618259486,0
251,259,0.0008533385439673,0.0097966291653393,0,293.408752451812,1,-254.469587460451,0,254.469587460451,0
258,260,0.0029613348460597,0.0062483529974091,0,1129.61113812619,1,-332.413086946754,0,332.413086946754,0
246,262,0.0638672386227418,0.0914814705435356,0,59.8184993768909,1,6.10038750043653,0,-6.10038750043653,0
256,262,0.0037088264394086,0.0782235544865095,0,1584.37562823311,1,-19.9984370281166,0,19.9984370281166,0
260,262,0.0453290290423901,0.123522826106986,0,187.005812440988,1,11.2056207281135,0,-11.2056207281135,0
257,263,0.0020340844350529,0.0189263452645269,0,324.991771177659,1,80.6106173573628,0,-80.6106173573628,0
256,264,0.0083780863539553,0.0267942674724818,0,1234.52539458186,1,36.2593709804452,0,-36.2593709804452,0
257,264,0.0060261695097211,0.115803866039868,0,27.0351357414791,1,5.48561907312686,0,-5.48561907312686,0
261,264,0.0035560458651941,0.0494645047589574,0,1686.8040833937,1,-41.7449900535717,0,41.7449900535717,0
257,265,0.310293651932769,0.634196155430197,0,2.32284383358639,1,-0.541006756261386,0,0.541006756261386,0
246,266,0.0038861957625892,0.0141576373228877,0,202.708276685391,1,124.826134285108,0,-124.826134285108,0
257,266,0.0295746849386312,0.194192904284328,0,40.0801656486549,1,-3.56071454312286,0,3.56071454312286,0
263,266,0.0004448010070283,0.0063277311912137,0,1605.08421758789,1,-350.383068994322,0,350.383068994322,0
265,266,0.207634219078896,0.643912649041719,0,2.31849799570757,1,-0.541006756261375,0,0.541006756261375,0
258,267,0.0015281831650892,0.0123745337478786,0,933.263367306705,1,332.413086946755,0,-332.413086946755,0
261,270,0.0716171829593404,0.500280227904404,0,73.6562191725855,1,-0.698679079460596,0,0.698679079460596,0
269,270,0.0153663264423165,0.190830041799941,0,2.39292661885231,1,0.698679079460662,0,-0.698679079460662,0
267,272,0.001017262037378,0.0006603625158198,0,1077.88057057122,1,332.413086946769,0,-332.413086946769,0
268,272,2.76977546490892e-05,0.0037060496430132,0,601.743802587627,1,-435.380567495065,0,435.380567495065,0
271,272,0.0394102280173051,0.106460207233238,0,12.6099798893934,1,2.00175485605518,0,-2.00175485605518,0
268,274,0.0075704490863822,0.0262564079117366,0,17836.5338359241,1,-44.5622575495598,0,44.5622575495598,0
269,274,0.002809453865255,0.0366506423652801,0,2524.52546324785,1,36.8732574763104,0,-36.8732574763104,0
271,274,0.029860649144813,0.0853952940046235,0,95.6228832983838,1,7.68900007324884,0,-7.68900007324884,0
271,275,0.181405840979491,0.466003171561509,0,123.346232905317,1,-9.69075492930401,0,9.69075492930401,0
261,276,0.145146734395023,0.40170131346802,0,46.8235673239175,1,-4.59265067850658,0,4.59265067850658,0
266,276,0.0015770630725267,0.0366834575058003,0,45478.808060058,1,42.1645872342777,0,-42.1645872342777,0
269,276,0.0081767264788318,0.0362507139016199,0,3455.74979560387,1,-37.5719365557714,0,37.5719365557714,0
246,277,0.0071088496574527,0.0515958115561328,0,235.487710786523,1,-12.3852573734678,0,12.3852573734678,0
275,277,0.0007691334314098,0.0040498071362259,0,2122.63747948861,1,-368.887820735898,0,368.887820735898,0
273,279,0.0457262072478856,0.5618266378891,0,6.95669866133206,1,-1.49606678863657,0,1.49606678863657,0
279,281,0.0333946086279517,0.266979164349223,0,73.6562191725855,1,-0.0268627962493939,0,0.0268627962493939,0
262,282,0.289457819779769,0.805403281948443,0,20.1041098992976,1,-2.69242879956683,0,2.69242879956683,0
273,282,0.0282983627924167,0.591285225375344,0,7.36438104385737,1,1.49606678863655,0,-1.49606678863655,0
280,283,0.0014406704522082,0.008083075367649,0,499.420645995581,1,289.201151144331,0,-289.201151144331,0
281,283,0.431199360287354,0.276782445382344,0,26.4033225312088,1,-3.98973213098264,0,3.98973213098264,0
277,284,0.00196513986935,0.0178224849550645,0,462.188077684816,1,-90.6331573764675,0,90.6331573764675,0
283,284,0.0046699205074831,0.0241928575709233,0,434.049191283254,1,90.6331573764676,0,-90.6331573764676,0
266,285,0.001288734667077,0.0121801427187888,0,538.15871319845,1,-271.823243242878,0,271.823243242878,0
277,285,9.89219869575676e-06,0.0178247275879001,0,50.7483409987188,1,-50.7483409987188,0,50.7483409987188,0
279,285,0.0162628292898893,0.0187690473631975,0,730.868963332686,1,95.4735816016459,0,-95.4735816016459,0
283,285,0.011330565169415,0.0149215424843415,0,815.942718163896,1,194.57826163688,0,-194.57826163688,0
254,286,0.0537253758935469,0.0144437406582733,0,679.558054419289,1,-18.3693101861774,0,18.3693101861774,0
246,287,0.0065021883838525,0.0172753024558773,0,1632.58845124313,1,-117.90614245739,0,117.90614245739,0
277,287,0.0006451944503103,0.0020478928944753,0,3408.66828922157,1,-682.573229592484,0,682.573229592484,0
278,287,0.0012297699328594,0.0087474048457721,0,536.509499265509,1,256.184090154744,0,-256.184090154744,0
281,287,0.0003499638984322,0.0820287134958141,0,342.349908105085,1,15.9195288242,0,-15.9195288242,0
282,287,0.120742050513596,0.35645205740632,0,6.31917123801666,1,-1.19636201093027,0,1.19636201093027,0
279,289,0.0027485578583382,0.018709488529723,0,122.892675881805,1,-52.3256183183435,0,52.3256183183435,0
281,289,0.0193734026865645,0.0812780316859476,0,213.674212362148,1,-11.9566594894668,0,11.9566594894668,0
287,289,0.0033261873340771,0.0047182832638184,0,838.762851809465,1,-482.733250718046,0,482.733250718046,0
285,291,0.0349982445525088,0.129684864473002,0,1321.04591892364,1,-32.5197410030699,0,32.5197410030699,0
278,292,0.0071317051629283,0.0280300648166687,0,303.512986613757,1,90.6958399794767,0,-90.6958399794767,0
286,292,0.0079452709635299,0.0792936499387682,0,520.329339416562,1,-18.3693101861774,0,18.3693101861774,0
290,292,0.0207928208563043,0.0438512326762935,0,41.8054966794431,1,-5.58408136802626,0,5.58408136802626,0
242,293,0.0099486895568662,0.123157485954587,0,84.9938261241794,1,-7.88313970041754,0,7.88313970041754,0
287,293,0.167961625831597,1.08285786957801,0,5.92781985033012,1,1.34084197732626,0,-1.34084197732626,0
242,294,0.0161946399167861,0.103752833176399,0,97.4037182781717,1,-8.62429939269935,0,8.62429939269935,0
241,295,0.0003722843467568,0.0085668885249364,0,387.47259480651,1,273.659398195497,0,-273.659398195497,0
244,295,0.0637401587214273,0.0482894825685458,0,33.9914554872425,1,-4.7689694859506,0,4.7689694859506,0
292,295,0.28253688187082,1.0975311131018,0,73.6562191725855,1,0.322020843644344,0,-0.322020843644344,0
293,295,0.021395628695938,0.121860713802397,0,63.2997781087588,1,-6.54229772309134,0,6.54229772309134,0
294,295,0.0294674903515987,0.101262862228687,0,87.3890240536468,1,-8.6242993926994,0,8.6242993926994,0
290,296,0.000490079860407,0.0020748504487379,0,1121.0630881243,1,-519.10934239489,0,519.10934239489,0
244,297,0.0002155321725538,0.000503949082118,0,826.830561280883,1,478.513140896735,0,-478.513140896735,0
288,297,0.0010421920894723,0.023317060261876,0,197.068773459435,1,-64.6324553317999,0,64.6324553317999,0
292,297,0.022735413479961,0.0124188484175486,0,192.663941423448,1,66.4204275816292,0,-66.4204275816292,0
247,299,2.74662332870309e-05,0.0025262292775842,0,1197.66346359849,1,-513.155866946667,0,513.155866946667,0
290,299,0.0002661282565084,0.0050551163100594,0,1027.10389276939,1,492.279413294841,0,-492.279413294841,0
298,299,0.0029418182016845,0.0090633134235429,0,604.232037469873,1,159.888760040128,0,-159.888760040128,0
290,300,0.0241079070485849,0.0055887979020925,0,1671.06754763719,1,32.4140104680765,0,-32.4140104680765,0
297,300,0.0007911383388551,0.0126002211848925,0,1107.10118182412,1,-31.6534933043989,0,31.6534933043989,0
298,300,0.262782614979506,1.1285115358296,0,2.91634474793809,1,-0.760517163676666,0,0.760517163676666,0
20,114,0.0036907825246424,0.0195490163966567,0,2095.8995905376,1,210.815271132564,0,-210.815271132564,0
42,77,0.0002189873001803,0.0215964800736477,0,8886.93039266144,1,-3.67902006324634,0,3.67902006324634,0
44,102,0.0002892454893294,0.0020651216540302,0,1782.43796763199,1,379.798964920707,0,-379.798964920707,0
42,98,0.00111462809941,0.013938870600637,0,259.589771517926,1,107.655109379758,0,-107.655109379758,0
85,168,0.0022661071529164,0.0039289972798661,0,547.339723399109,1,172.958864779606,0,-172.958864779606,0
109,152,0.0001585212310067,0.0078836090974425,0,326.931641479927,1,215.871093150322,0,-215.871093150322,0
83,162,0.0001490516035965,0.0072379730085962,0,491.473033687617,1,263.000023996559,0,-263.000023996559,0
97,135,0.0011953365446162,0.0073897974855648,0,2899.01161152758,1,236.972060043369,0,-236.972060043369,0
131,229,0.0011066796591835,0.0101328074772733,0,732.354458868086,1,201.87920428092,0,-201.87920428092,0
136,210,0.0134925469526305,0.151648435494766,0,2200.16515818466,1,-16.0096971679825,0,16.0096971679825,0
134,227,0.144854790447802,0.2327267330472,0,227.083061318026,1,-5.6431904694654,0,5.6431904694654,0
135,191,0.0225679337825479,0.101488489221764,0,4905.77000035245,1,-11.4338010505188,0,11.4338010505188,0
194,291,0.001658371101616,0.0004636398541474,0,1110.9487202833,1,-744.281175130857,0,744.281175130857,0
190,277,0.0023159632412881,0.0016626920909924,0,6824.41102096963,1,-442.681649858301,0,442.681649858301,0
238,298,1.0733563318313e-05,0.0010617488701072,0,1758.81829545578,1,-1468.20058392324,0,1468.20058392324,0
220,291,0.001942867257803,0.002514144590442,0,1342.15216310013,1,-448.058647340284,0,448.058647340284,0
289,25,0.0024220005640032,0.0082579978502998,0,1321.52199717876,1,-519.785286483792,0,519.785286483792,0
291,15,0.0001969778104252,0.0012003856701482,0,6937.73465224106,1,-1224.85956347422,0,1224.85956347422,0
298,51,0.0033272225734393,0.0042229996810944,0,2849.17770369718,1,-1627.32882679969,0,1627.32882679969,0
244,17,0.0003448743819469,0.0019007794055248,0,2396.96557930704,1,-569.540498099749,0,569.540498099749,0
