from_bus,to_bus,resistance,reactance,susceptance,line_rating,line_status,P_from,Q_from,P_to,Q_to
2,4,0.0129769221139515,0.0007144002793459,0,499.808809027857,1,-102.732850346702,0,102.732850346702,0
4,6,0.0031033957909874,0.0108473435625873,0,967.153996947028,1,-115.07353263841,0,115.07353263841,0
5,6,0.0027160054198076,0.0018060650232624,0,1012.82037683479,1,-627.076632528045,0,627.076632528045,0
2,8,0.0031695827423019,0.0867037706578307,0,4288.33327946307,1,20.2396238035136,0,-20.2396238035136,0
4,8,0.0262550443080231,0.148147730751872,0,304.778985376801,1,12.3406822917076,0,-12.3406822917076,0
5,9,0.0165080911611865,0.0342968131781718,0,21824.4440724719,1,39.6307491742915,0,-39.6307491742915,0
8,9,0.0030949829131791,0.0434589353212455,0,5072.67667415035,1,-13.4549234388196,0,13.4549234388196,0
1,11,0.0036610964658697,0.0046341553560328,0,697.541986477286,1,419.439839020162,0,-419.439839020162,0
3,11,0.0002359194436538,0.0029744203700163,0,466.214435674666,1,408.347787803433,0,-408.347787803433,0
3,13,0.0025058897912077,0.005289609551369,0,732.905231079644,1,-441.281367676563,0,441.281367676563,0
9,14,0.004599048911086,0.343347988742112,0,6.4917885239523,1,1.38825703206725,0,-1.38825703206725,0
8,15,0.0013569965551933,0.0187250859169372,0,48.8538823040434,1,41.3683513082132,0,-41.3683513082132,0
10,15,8.90024403670761e-05,0.0071574260837079,0,261.313131382207,1,110.494518914317,0,-110.494518914317,0
11,15,0.0012124687354397,0.0037670412570358,0,754.900444015855,1,-151.862870222531,0,151.862870222531,0
13,16,0.0010757444955094,0.0041019627470376,0,1815.03632172412,1,324.547485333815,0,-324.547485333815,0
7,17,0.0805677904367907,0.163532178829453,0,29.8389944119836,1,8.77641241820252,0,-8.77641241820252,0
8,17,0.089457756888133,0.0784363336058356,0,14.3053685500166,1,4.66687822582759,0,-4.66687822582759,0
14,17,0.0106313233547266,0.341532003173345,0,6.96683167523337,1,1.38825703206725,0,-1.38825703206725,0
2,18,0.0007430733118764,0.0274436499611709,0,294.726952944697,1,82.4932265431889,0,-82.4932265431889,0
9,19,0.0015654176742196,0.0118265138450249,0,234.513813977949,1,24.7875687034049,0,-24.7875687034049,0
10,19,0.0007799181470589,0.0024420090490907,0,309.76526364036,1,-112.757855599022,0,112.757855599022,0
12,19,3.95221045960954e-05,0.0001632130339691,0,6478.74630886059,1,3086.63153202794,0,-3086.63153202794,0
17,19,0.000810566973224,0.0027389102655348,0,731.847807294583,1,-240.109706666513,0,240.109706666513,0
18,19,1.06948573281226e-05,0.0002902427758983,0,6868.95811888503,1,-2758.5515384658,0,2758.5515384658,0
17,21,2.77396938499488e-06,0.0086588029978288,0,562.25867459415,1,221.729002634782,0,-221.729002634782,0
16,22,0.001251145861674,0.0156232807933446,0,1303.24463764663,1,307.632252090133,0,-307.632252090133,0
5,23,0.0008171048821675,0.0074120086194762,0,1736.3468808305,1,564.127211338206,0,-564.127211338206,0
20,26,0.0170100433340582,0.167234872954124,0,18.2193403469643,1,4.19939698461456,0,-4.19939698461456,0
21,26,0.0038296950632744,0.0956095057508695,0,15.6381630450587,1,-4.19939698461456,0,4.19939698461456,0
22,27,0.0003092272068144,0.0048953153943246,0,1131.39508591683,1,307.632252090133,0,-307.632252090133,0
25,27,0.0714040184088205,0.0487738657478552,0,442.072331468547,1,11.6162467601896,0,-11.6162467601896,0
18,28,0.0040281691847807,0.0186758021501095,0,823.050324209116,1,164.463897441486,0,-164.463897441486,0
21,28,0.0068296694777583,0.013654972890834,0,666.506289298474,1,94.807817095109,0,-94.807817095109,0
25,28,0.0042745268109339,0.0049917946660046,0,661.975018325835,1,-259.271714536595,0,259.271714536595,0
21,29,0.158196716367444,0.0869425425390275,0,60.8116675369665,1,3.30118310001797,0,-3.30118310001797,0
21,30,0.0003460581584402,0.0066471929277561,0,520.823883659576,1,127.819399424269,0,-127.819399424269,0
24,30,0.161840125974971,1.76273320809045,0,18.3826623898903,1,3.4694469519536098e-16,0,-3.4694469519536098e-16,0
23,31,0.0074092309864925,0.0356147332047275,0,532.046124342367,1,32.793409198368,0,-32.793409198368,0
27,31,0.0011272326350111,0.0100860962226705,0,245.769965404298,1,-201.867986853863,0,201.867986853863,0
31,32,0.0003053672323344,0.0022277646570972,0,3369.02056723397,1,-633.544653991891,0,633.544653991891,0
24,33,0.0420480327024791,1.36303949852875,0,18.3826623898903,1,0.0,0,0.0,0
30,35,0.0493316360740999,1.3780841231212,0,18.3826623898903,1,0.0,0,0.0,0
31,36,0.0002577261960753,0.0016394719650902,0,1126.01596063505,1,526.568567897627,0,-526.568567897627,0
30,37,0.0087933121886768,0.149444840308469,0,61.4436433638306,1,-6.3774079134273,0,6.3774079134273,0
30,38,0.18928618792551,0.762990795187072,0,18.3826623898903,1,0.0463432791980432,0,-0.0463432791980432,0
31,38,0.0100852158690157,0.0037736657527681,0,164.240687074289,1,-62.0984915612318,0,62.0984915612318,0
32,38,0.0278894457358172,0.0223330944460002,0,110.789919148967,1,52.704269925463,0,-52.704269925463,0
37,38,0.0170936662730612,0.105738453684116,0,134.745822926249,1,9.34787835657066,0,-9.34787835657066,0
34,39,0.0625863394410429,0.184128494405644,0,84.8902193371463,1,-7.37356766127269,0,7.37356766127269,0
37,39,0.075082289613803,0.363488240083334,0,8.5422067839393,1,-1.8399042504329,0,1.8399042504329,0
30,40,0.0033382434501657,0.0033912949051877,0,619.3005937305,1,134.150464058499,0,-134.150464058499,0
34,40,0.0532032631638961,0.0975259428776383,0,95.7380258447837,1,7.37356766127269,0,-7.37356766127269,0
36,40,0.000964869874975,0.0013106987971031,0,517.31875189358,1,-517.31875189358,0,517.31875189358,0
37,41,0.0218988299181608,0.0896082970142785,0,61.4536070642214,1,-6.41560267475713,0,6.41560267475713,0
37,42,0.0420950641604464,0.380499465641485,0,81.1206871935295,1,-7.46977934480792,0,7.46977934480792,0
41,45,0.026830941893244,0.109275066243195,0,124.730666648172,1,-13.5656031986051,0,13.5656031986051,0
43,47,0.572048200283575,0.105992491522884,0,2.37369474792246,1,0.193113746471207,0,-0.193113746471207,0
46,47,0.0311263067762401,0.573670401981517,0,18.3826623898903,1,-0.193113746471205,0,0.193113746471205,0
40,48,0.0026188242339362,0.0163995769092235,0,597.020557200634,1,-375.794720173808,0,375.794720173808,0
45,48,0.0055699050646616,0.198854888014998,0,146.681184991927,1,-13.5656031986051,0,13.5656031986051,0
18,49,0.150098940382109,0.587808363252564,0,2.12818543091756,1,0.193113746471208,0,-0.193113746471208,0
43,49,0.0280032685846031,0.566224600694728,0,18.3826623898903,1,-0.193113746471209,0,0.193113746471209,0
16,50,0.0143639823325893,0.0857845344312731,0,8408.38396326872,1,16.9152332436816,0,-16.9152332436816,0
23,50,0.536261197432075,0.354495615840041,0,69.4507230636489,1,-4.67460812808654,0,4.67460812808654,0
39,50,0.0038691437392344,0.101319448751816,0,166.184372422335,1,-9.21347191170559,0,9.21347191170559,0
41,50,0.0169962087421395,0.0383128610638969,0,6192.46831425423,1,-26.815961913608,0,26.815961913608,0
46,50,0.0073939068429974,0.138808845121302,0,11.5732331121944,1,-2.03829080135972,0,2.03829080135972,0
18,51,9.30433696797285e-06,0.0005231238045489,0,5573.73718951146,1,2185.69762370486,0,-2185.69762370486,0
41,51,0.0136657048048138,0.0859636755332492,0,80.3173884211765,1,0.521326576303671,0,-0.521326576303671,0
44,51,0.0018159849130173,0.0068805074595077,0,471.933608900363,1,-77.5848546566673,0,77.5848546566673,0
18,52,0.0001096011999173,0.0016038268013,0,1048.26008115767,1,490.690130116181,0,-490.690130116181,0
44,52,7.10210759694333e-05,0.0018142440437749,0,1188.9085445386,1,-490.690130116182,0,490.690130116182,0
2,53,0.155700615541162,1.6224551676264,0,18.3826623898903,1,0.0,0,0.0,0
1,54,0.137430549135265,0.342380937823018,0,28.3215912759131,1,2.45323367498847,0,-2.45323367498847,0
46,55,0.114639726391222,0.212833580983262,0,13.9890900525894,1,2.23140454783093,0,-2.23140454783093,0
54,55,0.0241885853449194,0.225535751252188,0,58.7360068924244,1,4.85600409023757,0,-4.85600409023757,0
3,56,0.32646063210409,0.382787432174103,0,4.09151615132295,1,-1.51269581340672,0,1.51269581340672,0
5,56,0.0052537607913459,0.0641977275928879,0,8253.52651043641,1,23.3186720155473,0,-23.3186720155473,0
54,56,0.0380833318087734,0.521447396261414,0,7.90000637704889,1,-1.32291387190095,0,1.32291387190095,0
55,56,0.0097441273059997,0.087146760370933,0,589.631086209567,1,-20.4830623302397,0,20.4830623302397,0
1,57,0.0614607963549848,0.401091516586816,0,6.65160800119203,1,0.8111348913094,0,-0.8111348913094,0
3,58,0.0208833247935247,0.0881053236461684,0,4117.08513344004,1,34.4462756865372,0,-34.4462756865372,0
23,58,0.0472377943974006,0.0664596492799687,0,2054.02347305771,1,13.9879043130055,0,-13.9879043130055,0
29,58,0.0047895733944081,0.179944001730235,0,70.356064581244,1,3.30118310001797,0,-3.30118310001797,0
55,58,0.036938684179127,0.0663357797328888,0,945.794328922738,1,27.5704709683082,0,-27.5704709683082,0
58,59,0.010884714656264,0.248856886663903,0,18.3826623898903,1,0.0,0,0.0,0
7,60,0.0002231354741285,0.0014322118669037,0,747.87895909893,1,747.87895909893,0,-747.87895909893,0
10,60,0.0015630669753652,0.0080317312099413,0,421.69277040108,1,2.26333668470501,0,-2.26333668470501,0
50,60,0.0349710171089521,0.0223909976759067,0,6739.21787610087,1,-25.8270995110783,0,25.8270995110783,0
54,60,0.0060844185668605,0.223124644409517,0,18.3826623898903,1,-1.07985654334815,0,1.07985654334815,0
57,60,0.246732865161892,0.337377319498838,0,7.01649177835088,1,0.8111348913094,0,-0.8111348913094,0
58,60,0.0009521639423991,0.0376540504642106,0,383.135559382053,1,-84.0561317597767,0,84.0561317597767,0
62,63,0.189267100613928,0.298935215445879,0,18.3826623898903,1,0.0,0,0.0,0
66,68,0.0002521652900124,0.0107960108627478,0,1147.58741545081,1,-193.224846503596,0,193.224846503596,0
61,69,0.151809488665605,1.09499415376792,0,18.3826623898903,1,0.0,0,0.0,0
64,70,0.0125350581915954,0.133295818050987,0,1081.53643457041,1,-13.3956377434522,0,13.3956377434522,0
69,70,0.0006654688961496,0.0079981473618084,0,1680.95770590003,1,-309.274373244788,0,309.274373244788,0
67,71,0.0234312438983039,0.0576850278617516,0,872.533644742484,1,20.6302810181521,0,-20.6302810181521,0
62,72,0.0010247052343308,0.0038782616100034,0,2131.23853067974,1,-351.314760139313,0,351.314760139313,0
68,72,0.006311043265426,0.0019974039550864,0,404.08257637283,1,-205.765871408934,0,205.765871408934,0
67,73,0.0246536492100207,0.123173727172503,0,64.1156926724661,1,-4.13002630065216,0,4.13002630065216,0
64,74,0.0028422955099841,0.0146601595664302,0,216.883033273671,1,-97.8940989554613,0,97.8940989554613,0
71,74,0.0078939685121106,0.0598855190878498,0,1818.05621881311,1,20.6302810181521,0,-20.6302810181521,0
72,75,0.0015416663350246,0.0007054746504068,0,3531.42364625062,1,371.611816003368,0,-371.611816003368,0
70,76,0.0009884010068619,0.0093030783996412,0,328.186364539855,1,-118.670050665853,0,118.670050665853,0
67,77,0.0137959365807073,0.0823988105495871,0,624.746516067795,1,-16.5002547175,0,16.5002547175,0
72,77,0.0007028462575152,0.0050660712432168,0,1978.11531191964,1,201.143963551834,0,-201.143963551834,0
70,78,0.0049086871888204,0.007896284405758,0,321.097310530086,1,-203.999960322387,0,203.999960322387,0
76,78,0.0393954227908603,0.0527093844455633,0,133.560820961452,1,-9.61583835149045,0,9.61583835149045,0
73,79,0.0397477879620625,0.143108794817019,0,78.9134806726604,1,-4.13002630065215,0,4.13002630065215,0
78,80,0.0007782396368023,0.0023606631752076,0,1508.72234194196,1,-568.770700874006,0,568.770700874006,0
77,81,0.00270094024403,0.0815627797221376,0,96630.8074153487,1,-13.4981120244047,0,13.4981120244047,0
80,81,0.0068295378313738,0.0082015151994288,0,233.74677444047,1,-192.903524600964,0,192.903524600964,0
62,83,0.0069898534036152,0.13654381970422,0,76.8172685024425,1,6.37684365124004,0,-6.37684365124004,0
75,83,0.0057506666335421,0.0459010779418834,0,12464.422594086,1,42.9411793680822,0,-42.9411793680822,0
76,83,0.0046341508391886,0.0102378359274904,0,257.399753460133,1,-109.054212314363,0,109.054212314363,0
79,83,0.0056184079831457,0.0157134880327007,0,268.267209087561,1,60.7345703464195,0,-60.7345703464195,0
74,84,0.0054988746845856,0.0249922483239001,0,708.511762839946,1,-77.2638179373093,0,77.2638179373093,0
77,84,0.0017830967105921,0.0298569341601591,0,276.265105041016,1,62.1000887508273,0,-62.1000887508273,0
80,84,0.0069809067329231,0.0905424116298846,0,601.322248542576,1,15.163729186482,0,-15.163729186482,0
79,86,0.0049714832645738,0.0138683902564302,0,168.694000292729,1,63.7367162240595,0,-63.7367162240595,0
79,87,0.0001927255280153,0.0028144811124634,0,425.987482095718,1,-128.601312871131,0,128.601312871131,0
82,87,0.0026990651829605,0.0059432281868146,0,863.552786246992,1,-265.133230751691,0,265.133230751691,0
81,88,0.0014795542820482,0.0244003065972527,0,268.46111608019,1,125.460963741336,0,-125.460963741336,0
82,88,0.0058204993587284,0.0018356566423866,0,829.696558666932,1,265.133230751691,0,-265.133230751691,0
85,88,0.000141633103589,0.0006115691272442,0,1265.73372948433,1,-1190.34401547439,0,1190.34401547439,0
86,88,0.006224083151004,0.715603466813131,0,7.54400872576814,1,1.14109179721495,0,-1.14109179721495,0
80,89,0.0289498269390144,0.0596505324496875,0,1409.00994067042,1,23.9248876423468,0,-23.9248876423468,0
85,89,0.000144792665614,0.0013949627150531,0,2287.53869469034,1,-559.176347739644,0,559.176347739644,0
86,90,0.0002067027852164,0.0025186076926392,0,839.512982000996,1,-429.65603124101,0,429.65603124101,0
86,91,0.0207511253800156,0.145000766369023,0,8.04392618324408,1,1.20204381918835,0,-1.20204381918835,0
89,91,0.0046394519283332,0.0068213453064203,0,393.708643085928,1,-86.525375708483,0,86.525375708483,0
90,91,0.0002941151890572,0.014725541450891,0,478.351964670045,1,85.3233318892944,0,-85.3233318892944,0
86,93,0.0028819313597562,0.0182619073200399,0,191.013999915439,1,-47.9945418295903,0,47.9945418295903,0
89,93,0.0007578689543115,0.00413090052695,0,887.741459923942,1,-397.247187270836,0,397.247187270836,0
92,94,0.0003893379251257,0.0077300458943592,0,799.635681850692,1,-96.1507817054788,0,96.1507817054788,0
92,97,0.060975747113455,0.289075066931147,0,8.13905105389229,1,-4.30960217712947,0,4.30960217712947,0
95,97,0.016730507176612,0.0413525751994529,0,212.858730071557,1,12.5604294004934,0,-12.5604294004934,0
65,99,0.0412216279346601,0.0707507791391724,0,80.1784049741968,1,-8.57844796412539,0,8.57844796412539,0
85,99,1.07408750562513e-06,0.0009897765587044,0,1775.21696800743,1,-1269.22262350177,0,1269.22262350177,0
92,99,0.0022265781404379,0.0149489750801383,0,267.755745573304,1,-0.712210133140401,0,0.712210133140401,0
95,99,3.0445823834457e-05,0.0013723422766442,0,4011.23012543791,1,1278.51328159903,0,-1278.51328159903,0
95,100,0.0032938810722141,0.0192323014061887,0,1237.34274379124,1,114.68893949348,0,-114.68893949348,0
97,100,0.0090886962237245,0.204382676466457,0,133.5309449089,1,8.25082722336388,0,-8.25082722336388,0
98,100,0.0162160423769546,0.137516407803997,0,143.364396820277,1,2.41131104417501,0,-2.41131104417501,0
92,101,0.0048031920045978,0.0139076880947483,0,529.227577145266,1,169.188831567521,0,-169.188831567521,0
96,101,0.0001362291063739,0.0247266538642522,0,367.350529666987,1,160.04176861468,0,-160.04176861468,0
80,102,0.0009283533482396,0.0039092007247282,0,511.032579867351,1,-414.955793101871,0,414.955793101871,0
95,102,0.0090775029039017,0.0467262172562774,0,154.395967084676,1,-17.5170033008934,0,17.5170033008934,0
65,103,0.001953287412474,0.0079066615727866,0,597.041873858045,1,-91.4621712517121,0,91.4621712517121,0
89,103,0.0198719970588847,0.0471816077414024,0,68.3033055936468,1,-12.5566980477423,0,12.5566980477423,0
94,103,0.0018270547749897,0.0042432299575934,0,1305.26224459961,1,145.260707634728,0,-145.260707634728,0
98,103,0.0985397627006571,0.0977925058298246,0,143.101872982138,1,-2.411311044175,0,2.411311044175,0
95,104,0.0041185156418002,0.0913028861556094,0,253.648295789232,1,-73.1961451841754,0,73.1961451841754,0
96,104,0.0101855428258295,0.0186872421191032,0,2573.90285252525,1,-366.236600803904,0,366.236600803904,0
95,105,0.006946666399473,0.0007510909353764,0,567.933067362133,1,255.467368413827,0,-255.467368413827,0
101,108,0.0032268864579164,0.0284018951841247,0,370.718225497333,1,103.55769143858,0,-103.55769143858,0
100,109,0.0194743662673237,0.320235392529702,0,35.5735371815983,1,-3.50601412111332,0,3.50601412111332,0
105,109,0.174284284804799,0.254164184319449,0,28.4551180778744,1,3.50601412111332,0,-3.50601412111332,0
65,111,0.0271942019422285,0.069161946385855,0,209.08215085857,1,33.1286556155608,0,-33.1286556155608,0
107,111,0.0003432391838285,0.0482123913181672,0,3733.09975196,1,55.2178759422424,0,-55.2178759422424,0
75,112,0.211934691922067,0.581340497439565,0,46.0105466153939,1,5.28640089855872,0,-5.28640089855872,0
77,112,0.0002403306716257,0.0170267752301268,0,1417.06857681679,1,136.041732107911,0,-136.041732107911,0
103,112,0.0019877139087389,0.0257659972228042,0,582.131614238009,1,38.8305272910984,0,-38.8305272910984,0
83,113,0.005458062980033,0.0497546077783724,0,26.968491035559,1,0.998381051378683,0,-0.998381051378683,0
85,113,0.0001748202875123,0.0028028234564804,0,1627.77492233386,1,-508.218434426858,0,508.218434426858,0
95,113,4.27996338687278e-05,0.0024449208238989,0,1089.50966501986,1,648.838221497774,0,-648.838221497774,0
110,113,0.0035122824052533,0.13718585721188,0,113281.031224434,1,-41.5195994908829,0,41.5195994908829,0
64,114,8.71232814213161e-05,0.0054045007124024,0,1570.9521344572,1,-337.58674045452,0,337.58674045452,0
106,114,0.0081974928817106,0.490983764268388,0,18.3826623898903,1,-1.12389492650954,0,1.12389492650954,0
107,114,0.0004709911636415,0.0051008391979707,0,1492.17437554822,1,338.71063538103,0,-338.71063538103,0
106,115,0.136239786111799,0.517314782427366,0,18.3826623898903,1,1.12389492650954,0,-1.12389492650954,0
110,115,0.0059585538227152,0.0468136679628094,0,82.8410808651345,1,-51.9246570427716,0,51.9246570427716,0
65,116,0.0048215916974845,0.040180253137954,0,164.044453099254,1,28.7299909627359,0,-28.7299909627359,0
66,116,0.0006745794778352,0.0088774195134087,0,1858.59009878503,1,193.224846503596,0,-193.224846503596,0
116,117,0.0003611190575412,0.0022166000904625,0,1825.37176552975,1,538.54323082605,0,-538.54323082605,0
85,118,0.0009353297023096,0.0087616993781,0,2582.03766666041,1,34.5491489127654,0,-34.5491489127654,0
88,118,0.0184429902646261,0.0231112399345059,0,4361.06307044579,1,44.5967810523282,0,-44.5967810523282,0
112,118,0.000312639282676,0.0152454314591795,0,164.732180486032,1,44.2543956895604,0,-44.2543956895604,0
116,118,0.0232467945202067,0.0009400957687209,0,367.142137297522,1,-215.248420928066,0,215.248420928066,0
110,119,0.0008658907150702,0.0254960823054566,0,901.325594134002,1,-97.0810293980916,0,97.0810293980916,0
112,119,0.013188157533142,0.0230962595766424,0,600.68619888962,1,93.8782955268496,0,-93.8782955268496,0
116,119,0.216408715335979,0.40315744236633,0,31.1089716278428,1,3.20273387124197,0,-3.20273387124197,0
111,120,0.040347691845105,0.101740079597422,0,1143.85095096408,1,-21.8809163709857,0,21.8809163709857,0
115,120,0.0007030023282419,0.0477337413122474,0,88.8334865794818,1,-50.800762116262,0,50.800762116262,0
116,120,0.0017723118649082,0.0104196860573664,0,743.390025376734,1,-104.542706302894,0,104.542706302894,0
121,123,0.0058319324523999,0.0404605997798134,0,121.665186703714,1,-48.0163189149471,0,48.0163189149471,0
123,125,0.0007120496664662,0.0443553586033559,0,1725.66522809431,1,-34.0496612943804,0,34.0496612943804,0
122,126,0.0004924050010138,0.0049169367439822,0,943.283240264515,1,-274.909476977287,0,274.909476977287,0
122,127,0.0017030687433378,0.0051502746534036,0,1021.39490752988,1,285.569994990222,0,-285.569994990222,0
121,128,0.0334275541152669,0.0412098661150918,0,109.788908170613,1,48.0163189149471,0,-48.0163189149471,0
126,129,0.0002522521805731,0.0056150254593941,0,513.21573742914,1,-244.096636444769,0,244.096636444769,0
124,130,0.0008722776606813,0.0140892123237609,0,4785.66301067373,1,-42.9548201796944,0,42.9548201796944,0
125,131,0.0060522771084383,0.0434324593068714,0,1673.12752125769,1,-34.0496612943805,0,34.0496612943805,0
129,131,0.0002700290037689,0.0014500675149905,0,642.155809874342,1,151.637508619076,0,-151.637508619076,0
124,132,0.0071214863271365,0.0078718433162851,0,213.589930208195,1,-195.190709530981,0,195.190709530981,0
126,132,0.0111798191064705,0.108287404041178,0,682.286236661036,1,-30.8128405325191,0,30.8128405325191,0
133,135,0.0162119217009289,0.210202600916473,0,75.7279354468274,1,8.63964631722567,0,-8.63964631722567,0
134,135,0.0301798962616129,0.211549992295007,0,84.3377241171306,1,-8.63964631722567,0,8.63964631722567,0
132,136,0.0357004709530942,0.0658547573497613,0,124.782032680138,1,-13.5021105849133,0,13.5021105849133,0
134,136,0.369303321742182,0.54513918905308,0,33.5614955843355,1,-5.1840888920164,0,5.1840888920164,0
134,137,0.0001529326783456,0.0034010180230646,0,409.140243034781,1,374.475136073407,0,-374.475136073407,0
133,138,0.111281430976775,0.159165105966855,0,74.4396323502117,1,-9.71747023111766,0,9.71747023111766,0
134,138,0.0167992782953242,0.0991106785174576,0,1540.41652059987,1,-52.3704962515344,0,52.3704962515344,0
136,138,0.0118878969380361,0.126533242146526,0,333.315495910496,1,-18.6861994769297,0,18.6861994769297,0
132,139,0.0113227782468155,0.0361099033792146,0,645.05241515522,1,-101.030478272319,0,101.030478272319,0
138,139,0.032176298376391,0.101415356553483,0,280.731216777444,1,-3.89090175972926,0,3.89090175972926,0
130,140,0.0027402612415594,0.0428039765445855,0,29407.1891111724,1,-42.9548201796943,0,42.9548201796943,0
132,140,0.0320914807452889,0.008139572900855,0,2277.48714489199,1,-111.470961206268,0,111.470961206268,0
133,140,0.144239908773024,0.7418609060844,0,18.3826623898903,1,1.07782391389198,0,-1.07782391389198,0
134,144,0.0070394211204721,0.0039581226960477,0,598.946815806691,1,-233.679035231272,0,233.679035231272,0
139,145,0.0025182437094139,0.0113864098895418,0,1519.28237282268,1,181.829223486489,0,-181.829223486489,0
142,145,0.0022898360203035,0.14142173598665,0,124.284852752259,1,-5.52827561786595,0,5.52827561786595,0
143,145,0.0094205309618783,0.0042554977975977,0,1356.33135687088,1,-176.300947868623,0,176.300947868623,0
142,147,0.0052407655310436,0.131893917740442,0,13.3042278198518,1,9.07942491954711,0,-9.07942491954711,0
146,148,0.117896140853532,0.21612052451581,0,18.3826623898903,1,0.129822810015673,0,-0.129822810015673,0
147,148,0.0689365655670707,0.233627812996986,0,18.3826623898903,1,-0.129822810015684,0,0.129822810015684,0
141,149,0.0041920985661851,0.0133508796711689,0,201.694346426505,1,-166.771127072805,0,166.771127072805,0
146,149,0.177465847806562,0.0109589504567296,0,28.4186198729913,1,5.80894665111416,0,-5.80894665111416,0
141,150,0.0071454536136502,0.0245016140270973,0,464.019411310476,1,-104.884283064536,0,104.884283064536,0
142,150,0.0023127197249079,0.0125615047603818,0,328.440781819794,1,68.4233564738022,0,-68.4233564738022,0
146,150,0.0779843916631373,0.104327105310716,0,72.1363839922029,1,-2.68034861691669,0,2.68034861691669,0
147,150,0.0116336088569072,0.124384654614124,0,68.2971032374554,1,-2.71754266192182,0,2.71754266192182,0
141,151,0.0931646246662443,0.0596759810128994,0,76.4550779844159,1,-3.14928561970687,0,3.14928561970687,0
143,152,0.12258182595279,0.157935522803838,0,15.6582396204573,1,3.25842084421311,0,-3.25842084421311,0
146,152,0.0020254326202009,0.201349979587474,0,14.5728308743167,1,-3.25842084421309,0,3.25842084421309,0
128,153,0.0323838984112995,0.043470217189678,0,107.912109819709,1,-56.2650388708336,0,56.2650388708336,0
147,153,3.73684001300486e-05,0.0553538866339978,0,160.627586587219,1,112.895504064344,0,-112.895504064344,0
147,154,0.0173687284585869,0.0171958357187222,0,199.530964448651,1,-100.96871367286,0,100.96871367286,0
149,154,0.0042724630467636,0.0101888684635514,0,325.47950894699,1,-170.923178060317,0,170.923178060317,0
149,155,0.0003377705009928,0.141573924922535,0,244.071091353016,1,9.96099763862649,0,-9.96099763862649,0
151,155,0.0014249280688079,0.0630847463558479,0,235.717402214379,1,-9.96099763862648,0,9.96099763862648,0
150,157,0.156757709513743,0.109459400115936,0,133.796413629916,1,-41.8588178695722,0,41.8588178695722,0
158,159,0.0023933010924337,0.22869061731469,0,4.51424914280499,1,1.04177488328089,0,-1.04177488328089,0
159,160,0.0013888985285534,0.0032291980475181,0,4378.04029891053,1,383.594965320187,0,-383.594965320187,0
153,161,0.180785229301238,0.811830522930658,0,16.6552413700101,1,-1.74851564307664,0,1.74851564307664,0
158,163,0.0002829328911881,0.0041022416496467,0,2523.95185147538,1,349.058015547361,0,-349.058015547361,0
156,164,0.0014820676403031,0.00336410897809,0,921.805175517361,1,-152.814718540712,0,152.814718540712,0
153,165,0.0624847032515734,0.211927980143613,0,228.855743511406,1,-19.5428187286044,0,19.5428187286044,0
156,165,0.0027971386345009,0.0887023812246295,0,491.457740664875,1,-25.9857801083249,0,25.9857801083249,0
157,165,0.0378548002317919,0.108460969294259,0,4558.38019088105,1,64.7919392450032,0,-64.7919392450032,0
158,166,0.00016898916013,0.0015310937778299,0,3585.60555172089,1,-628.747907708497,0,628.747907708497,0
159,166,0.0009242226533303,0.0031392135276795,0,3251.88576725347,1,-382.553190436908,0,382.553190436908,0
157,167,0.0194272512321502,0.117207243289672,0,3649.05385327163,1,79.321243815697,0,-79.321243815697,0
161,167,0.0050267805077754,0.258816066878448,0,12.8921672017513,1,-1.74851564307664,0,1.74851564307664,0
166,167,0.0030803419932992,0.0094722891440324,0,778.382491463063,1,-204.127788443273,0,204.127788443273,0
165,168,0.0209720278411881,0.245752364395104,0,7.56983169508015,1,3.32575595992534,0,-3.32575595992534,0
164,169,0.242093079971548,0.0470145584814744,0,11.8344751452174,1,-3.32575595992535,0,3.32575595992535,0
168,169,0.0401260365466517,0.24573176089369,0,7.36296252821704,1,3.32575595992533,0,-3.32575595992533,0
151,170,0.0098295205553089,0.994135145112224,0,2.83599776669266,1,0.776315531220527,0,-0.776315531220527,0
162,170,0.0058291872459066,0.0307722907512027,0,379.246912589081,1,-85.5874117945831,0,85.5874117945831,0
165,170,0.0080052356339924,0.253989212344195,0,35.6803675201564,1,2.78793189543538,0,-2.78793189543538,0
167,170,0.0296622450368596,0.353307680543373,0,26.6293740282101,1,-4.41972605969269,0,4.41972605969269,0
137,171,0.0003223570211334,0.0033911431364642,0,440.135886411445,1,374.475136073407,0,-374.475136073407,0
162,171,0.001130869414302,0.0048876369555125,0,1147.5692530448,1,-280.404096788632,0,280.404096788632,0
165,171,0.0091968663774593,0.149913612753877,0,18.3826623898903,1,13.1496525527132,0,-13.1496525527132,0
128,172,0.0004813831449519,0.0026905381990875,0,1297.35256000191,1,104.281357785781,0,-104.281357785781,0
162,172,0.0037238005940544,0.0447726137058779,0,358.400030123552,1,78.7595562888125,0,-78.7595562888125,0
153,173,0.0006824716796092,0.0073189160269927,0,1478.11503052777,1,-313.280150450194,0,313.280150450194,0
167,173,0.0164359437714107,0.0353403445085657,0,65.2246568770365,1,-11.9078862821712,0,11.9078862821712,0
123,174,0.557614869395942,0.617120511706975,0,25.3410739724014,1,-2.3677693725529,0,2.3677693725529,0
151,175,0.195231406709393,0.404170846900527,0,36.4904715805839,1,6.03539648769914,0,-6.03539648769914,0
164,176,0.0183265025165141,0.114091191223577,0,1283.91644359383,1,-3.78209268829915,0,3.78209268829915,0
124,177,0.0202098765673166,0.0966713472246588,0,234.340997037703,1,15.8582987801419,0,-15.8582987801419,0
176,177,0.0193928470015988,0.0668120363647283,0,157.337676070119,1,-11.9576254881546,0,11.9576254881546,0
122,178,0.0916795445321509,0.117313149534452,0,153.555655538401,1,-10.6605180129336,0,10.6605180129336,0
123,178,0.0069280597860966,0.149783984527452,0,273.025932237629,1,-11.5988882480139,0,11.5988882480139,0
175,178,0.0166160745217615,0.0601275629033035,0,674.248391031507,1,-24.0653801302489,0,24.0653801302489,0
176,178,0.303336869199032,0.120090453548527,0,30.5817627927451,1,-3.58672158326351,0,3.58672158326351,0
177,178,0.0259266840738657,0.0943894193908274,0,10.5667785504759,1,3.90067329198726,0,-3.90067329198726,0
175,179,0.0068711078894415,0.0652822759764064,0,4982.76578834971,1,30.100776617948,0,-30.100776617948,0
127,180,0.0780076628574913,0.262496147961306,0,33.9851110114057,1,-4.57629887144222,0,4.57629887144222,0
166,180,0.0019927312664084,0.0064716421854866,0,634.310039607245,1,-271.087681140197,0,271.087681140197,0
171,180,0.122393538836466,0.0698414067128263,0,6.83678711598438,1,6.83678711598441,0,-6.83678711598441,0
174,180,0.0117924065013298,0.0085957573448406,0,421.256777910272,1,144.721788211942,0,-144.721788211942,0
176,180,0.0135052900338985,0.0107766167916464,0,475.341174743266,1,101.088405056912,0,-101.088405056912,0
179,180,0.0801344964411527,0.0995276384303591,0,987.285876370369,1,-19.0089694543573,0,19.0089694543573,0
181,184,0.0013687846832519,0.0102121610749796,0,403.876853933294,1,-75.2004126596171,0,75.2004126596171,0
181,185,0.0117773455594062,0.344613436763321,0,4.1275520093585,1,0.459744228309039,0,-0.459744228309039,0
184,185,0.0245551624177753,0.0123522939445061,0,691.793397482098,1,74.997629565531,0,-74.997629565531,0
182,186,0.0016209081379744,0.0122825055894105,0,370.43991536008,1,-72.7612137364558,0,72.7612137364558,0
182,187,0.0134193849917369,0.0469964571837155,0,766.330514410055,1,22.8014040157902,0,-22.8014040157902,0
183,187,0.0056141628864335,0.0155810248613148,0,67.9000613446013,1,-42.9953182533946,0,42.9953182533946,0
187,192,0.029222875154308,0.304648929639151,0,18.3826623898903,1,0.391151635390491,0,-0.391151635390491,0
191,192,0.0347244891604295,0.272879441004861,0,18.3826623898903,1,-0.39115163539048,0,0.39115163539048,0
183,193,9.92893181307559e-05,0.0059061448054638,0,1191.45535686389,1,285.913427694401,0,-285.913427694401,0
186,195,0.0083711946930959,0.0745178516315405,0,234.709016052647,1,-68.053779368793,0,68.053779368793,0
187,196,0.0434946478834144,0.131122963254344,0,18123.2853826702,1,-20.5850658729949,0,20.5850658729949,0
189,196,0.0085054902406139,0.0838707632044062,0,66.156228375776,1,1.948743652954,0,-1.948743652954,0
190,197,0.0019505127498238,0.152021977175757,0,18.3826623898903,1,0.513328871258056,0,-0.513328871258056,0
190,198,0.0012870073572396,0.0228112999473974,0,183.201457493427,1,-55.7695112806059,0,55.7695112806059,0
197,198,0.0004772695735923,0.0046076164713198,0,1036.21984663984,1,-293.039216283764,0,293.039216283764,0
190,199,5.2264863095059e-05,0.0267674777409747,0,1347.38635450178,1,35.4625342129294,0,-35.4625342129294,0
194,199,0.0011917012659699,0.0071007405330562,0,758.11811864789,1,-272.20507426931,0,272.20507426931,0
197,199,0.0074470829913096,0.0026819539594325,0,1799.561421944,1,324.839776674396,0,-324.839776674396,0
194,200,0.0574177084438527,0.0893329595814739,0,146.465105809106,1,-7.74711299107784,0,7.74711299107784,0
191,201,0.0019405236284965,0.021187102467945,0,275.195944797708,1,72.2294204694455,0,-72.2294204694455,0
193,201,0.0003953470332707,0.0041082150151009,0,669.313014751311,1,-146.614509428957,0,146.614509428957,0
194,201,0.0223090831766885,0.0464465260833988,0,502.480550352186,1,74.3850889595113,0,-74.3850889595113,0
194,203,0.0051073952022421,0.027148603243639,0,133.546331479304,1,-55.4119605181687,0,55.4119605181687,0
196,203,0.0558015428553259,0.16532160241465,0,42.0456106676894,1,-3.04786647886962,0,3.04786647886962,0
197,203,0.0104339698203745,0.0196309570956474,0,261.458088767589,1,66.2069399881162,0,-66.2069399881162,0
200,203,0.0016717109384977,0.104850000289188,0,120.82532212172,1,-7.74711299107783,0,7.74711299107783,0
194,204,0.0007056876710403,0.0155990452651841,0,2048.43602663137,1,1.89281631543095,0,-1.89281631543095,0
202,206,0.0013968411303881,0.0355507569386074,0,249.327881597006,1,-34.2544360951723,0,34.2544360951723,0
185,207,0.0362352235858234,0.023813489620874,0,406.377949095646,1,-164.336472706008,0,164.336472706008,0
202,207,0.0153531957573392,0.0612362818736111,0,47.2794932811728,1,36.1472524106032,0,-36.1472524106032,0
202,208,0.0387999797901428,0.0354517472191782,0,853.933730691759,1,-1.89281631543099,0,1.89281631543099,0
204,208,0.00841245427095,0.0525327209775484,0,835.071770967419,1,1.89281631543101,0,-1.89281631543101,0
186,209,0.158152294158687,0.672086094853199,0,13.6865471072989,1,0.224436789818144,0,-0.224436789818144,0
188,209,0.138772289547994,0.0604378937683639,0,3.5939863602057,1,2.27075489030031,0,-2.27075489030031,0
189,209,0.0148529887896463,0.148266034891835,0,7.06961023085779,1,7.06961023085245,0,-7.06961023085245,0
207,209,0.0013894699015435,0.0196999919117555,0,912.934004870162,1,-128.189220295405,0,128.189220295405,0
188,210,0.0532547267342635,0.162930275917103,0,3.01327876886876,1,-2.2707548903003,0,2.2707548903003,0
205,210,0.0991166421798813,0.628776940496644,0,3.06516147893288,1,2.2707548903003,0,-2.2707548903003,0
205,212,0.0161364313040335,0.664699276491481,0,18.3826623898903,1,-1.01335261704155,0,1.01335261704155,0
211,213,0.0027301696026186,0.0186803817169357,0,710.116702480151,1,-79.1419105904047,0,79.1419105904047,0
196,214,0.0019526594171211,0.0145486739194305,0,655.664784687194,1,-84.2390357325734,0,84.2390357325734,0
205,214,1.08381771321915,0.139409677708709,0,2.41166069869173,1,-1.25740227325875,0,1.25740227325875,0
206,214,0.0293599367468944,0.106582489412315,0,634.270806543922,1,-11.2995939786192,0,11.2995939786192,0
209,214,0.0204712277789761,0.335641428831284,0,14.3327874122393,1,-6.28738451389889,0,6.28738451389889,0
213,214,0.0013204072992903,0.0149002983091724,0,471.723173615124,1,100.004240196848,0,-100.004240196848,0
206,215,0.0297356735520868,0.181625742795591,0,4015.58016781996,1,-8.13806869739073,0,8.13806869739073,0
191,216,7.45996893974927e-05,0.0067391576617202,0,1048.34197824216,1,-290.754172727628,0,290.754172727628,0
211,216,0.0153832000863606,0.0391483829642706,0,175.954740250158,1,56.2704203529947,0,-56.2704203529947,0
211,218,0.004102617881246,0.0557123866920027,0,1540.19178303746,1,22.8714902374099,0,-22.8714902374099,0
215,218,0.0007391192697191,0.0274480652865923,0,256.439842555975,1,55.9703315080671,0,-55.9703315080671,0
216,218,0.0185963467219081,0.219028559157854,0,28.7133457073592,1,-4.23995236411742,0,4.23995236411742,0
209,219,0.0019337933281951,0.101736634880513,0,75.070063462513,1,-16.7358874245261,0,16.7358874245261,0
213,219,0.0014753283210743,0.0520862897492841,0,1768.5663466245,1,36.4346716534476,0,-36.4346716534476,0
217,219,0.0074167978891076,0.0836600240600613,0,642.545437785206,1,-16.8844363244875,0,16.8844363244875,0
215,220,0.0057476965885812,0.0274228055733552,0,161.208996269808,1,-64.1084002054578,0,64.1084002054578,0
221,223,0.0180957849598457,0.240080650971431,0,12.7075410760147,1,1.99718851492718,0,-1.99718851492718,0
220,224,0.0026210420190947,0.135369729061686,0,331.756102149474,1,-11.9034736409393,0,11.9034736409393,0
221,224,0.0150129634506757,0.0662309557198033,0,1138.99469200041,1,-25.887532712233,0,25.887532712233,0
223,224,0.0144997895531872,0.0318271549714848,0,299.226853041522,1,-68.9361758379275,0,68.9361758379275,0
212,225,0.0471521608109514,0.0223033840629512,0,161.079208440904,1,-8.66473502449052,0,8.66473502449052,0
216,225,0.0049057015499373,0.0169200438219773,0,1198.1420851789,1,-170.374125691349,0,170.374125691349,0
221,225,0.0571364857520558,0.112173536351628,0,264.522742491359,1,11.028059748521,0,-11.028059748521,0
224,225,0.0027274036450745,0.0175679925150864,0,934.97401625898,1,168.010800967318,0,-168.010800967318,0
216,226,0.0053381330716802,0.0447720290561819,0,184.352147156418,1,-59.8696743191677,0,59.8696743191677,0
217,226,0.0092677962440693,0.11355234194445,0,1011.03212549386,1,-20.3385408639527,0,20.3385408639527,0
220,226,0.0004614784311454,0.0095464028129106,0,1009.30330587862,1,161.578491609565,0,-161.578491609565,0
222,227,0.0006923549615588,0.0031637978231222,0,781.652982359304,1,-274.737983158418,0,274.737983158418,0
227,228,0.0032710784704047,0.0388813321921183,0,59.2549330874654,1,47.7924525871115,0,-47.7924525871115,0
219,229,0.0215889477402079,0.156016214538293,0,7.11575765408729,1,2.81434790443402,0,-2.81434790443402,0
221,229,0.153285361760276,0.620531963018037,0,27.0462012177403,1,4.47249780067473,0,-4.47249780067473,0
220,230,1.80727895282397e-06,0.0039238005361757,0,2823.34663055208,1,-345.454201172979,0,345.454201172979,0
228,230,0.017998924236851,0.0362140672165779,0,94.4946501850273,1,47.7924525871115,0,-47.7924525871115,0
222,231,0.0004526297006166,0.0014610783287719,0,839.507329874567,1,274.737983158418,0,-274.737983158418,0
224,231,0.0005286384663042,0.0075071074040461,0,868.249060024615,1,-274.737983158418,0,274.737983158418,0
182,232,0.0017709800235849,0.0319854170484164,0,384.212173662717,1,-81.668934557566,0,81.668934557566,0
212,232,0.0980337815265139,0.0966128243605465,0,153.948338566711,1,7.65138240744904,0,-7.65138240744904,0
223,232,0.0069269748634319,0.193744757183415,0,182.796870068321,1,8.72304750116925,0,-8.72304750116925,0
182,233,0.003853367150291,0.0189292736752246,0,964.294724418603,1,98.9922682877556,0,-98.9922682877556,0
183,233,0.0227344821670232,0.141154695447126,0,18.3826623898903,1,0.937662098649761,0,-0.937662098649761,0
182,234,0.211252333941293,0.568775117593309,0,12.7714315491809,1,-1.3220685021163,0,1.3220685021163,0
189,235,0.007343658645599,0.109483882980932,0,44.208090373018,1,-9.01835388380646,0,9.01835388380646,0
223,235,0.0449893542033562,0.0244953422776392,0,169.299920402131,1,62.2103168516854,0,-62.2103168516854,0
232,235,0.0165925383649559,0.0025451102879863,0,237.075272859862,1,-65.2945046489478,0,65.2945046489478,0
186,236,0.257334470474752,0.897457521776061,0,66.6667770005025,1,-4.93187115748094,0,4.93187115748094,0
195,236,0.0018079795337985,0.0033921091918067,0,2159.31484815883,1,190.169753030283,0,-190.169753030283,0
182,237,0.0172471691060428,0.0491578729478376,0,8800.88290332605,1,36.7725682269314,0,-36.7725682269314,0
234,237,0.0135813642806273,0.102198431566858,0,7256.90445936488,1,25.045598698335,0,-25.045598698335,0
214,238,0.0026136732625973,0.087425000363577,0,16.163238290334,1,-3.07917630150253,0,3.07917630150253,0
220,238,0.0022545802061782,0.0133862583750643,0,292.810028552245,1,131.670782998895,0,-131.670782998895,0
182,239,0.0233101122169521,0.165849621379495,0,17.9995328578349,1,-2.81402373433877,0,2.81402373433877,0
183,239,0.0022339462771603,0.0090553571364492,0,627.560521500338,1,-243.855771539656,0,243.855771539656,0
236,239,0.0090415869146526,0.0411009871402337,0,258.1900899047,1,118.078188576602,0,-118.078188576602,0
238,239,0.000346247960964,0.0206517997344222,0,347.767852584402,1,128.591606697393,0,-128.591606697393,0
190,240,0.0015094565497886,0.0100642712972178,0,135.19794027309,1,104.010201281182,0,-104.010201281182,0
234,240,0.072336096871958,0.0521745195104874,0,1941.59270224007,1,-32.7835144805944,0,32.7835144805944,0
236,240,0.0040447960876868,0.0425465179668402,0,271.428258311583,1,67.1596932962002,0,-67.1596932962002,0
243,247,0.005398173934381,0.054775799029267,0,240.425519293213,1,-11.8951594448545,0,11.8951594448545,0
244,247,0.132415488023386,0.123588471887835,0,13.4820804206387,1,5.63729231531826,0,-5.63729231531826,0
241,249,0.0034227791644928,0.28757112881927,0,6.84270077521967,1,-1.75980190343716,0,1.75980190343716,0
245,250,0.0010252408498012,0.0109247078325914,0,86.421543588113,1,62.1360493430158,0,-62.1360493430158,0
246,250,0.0052400193490655,0.0093321191293892,0,572.990934184781,1,160.310381334378,0,-160.310381334378,0
248,250,0.762500716289758,1.1522798720901,0,26.8268579466858,1,3.18929707398673,0,-3.18929707398673,0
249,250,0.0008871609162219,0.0503433614231755,0,141.666047915746,1,-10.0549053106804,0,10.0549053106804,0
244,251,0.0026168046965404,0.168088992543491,0,15.3603840499378,1,4.02619955291345,0,-4.02619955291345,0
242,253,0.319510611247092,0.271465818335576,0,7.09528583697929,1,-3.68975285504484,0,3.68975285504484,0
244,253,0.001250960319474,0.0852971792650105,0,18.3826623898903,1,7.5728490307531,0,-7.5728490307531,0
249,254,0.6932163794317,1.36795511643373,0,18.3826623898903,1,0.0,0,0.0,0
245,255,0.0082850364225235,0.0457420871365866,0,995.771585211157,1,-28.5263141940946,0,28.5263141940946,0
246,255,0.0021167011665181,0.0022547454984907,0,393.181517820917,1,-216.270864508672,0,216.270864508672,0
243,256,0.0101828897716845,0.025236712008938,0,621.669969486359,1,-96.8101018250908,0,96.8101018250908,0
248,256,0.0002192759458384,0.0084850618620865,0,602.308895294362,1,407.944518110956,0,-407.944518110956,0
251,256,0.0043838640270841,0.149059460754497,0,1601.63729355343,1,-11.8855741928005,0,11.8855741928005,0
252,256,0.0023968055943016,0.0084837728959479,0,246.335611046128,1,-206.785293234206,0,206.785293234206,0
247,257,0.0208216975846865,0.0835882737668058,0,129.026006521322,1,-6.25786712953622,0,6.25786712953622,0
249,257,0.0100550998612191,0.0661584761815738,0,222.880375634179,1,8.29510340724321,0,-8.29510340724321,0
253,257,0.0689056043364886,0.231844796048586,0,16.0060398512204,1,-2.03723627770699,0,2.03723627770699,0
248,258,0.0005304880363255,0.00202884338493,0,1439.18178670192,1,-631.90527192545,0,631.90527192545,0
243,259,0.0012754234098913,0.0100345624078142,0,348.191977210281,1,213.991962360281,0,-213.991962360281,0
258,262,0.0001344034079458,0.0014083248108313,0,1714.94686864808,1,-773.705921563013,0,773.705921563013,0
260,263,0.0255055671412458,0.123035179319398,0,174.929942215422,1,-8.92715299200438,0,8.92715299200438,0
261,265,0.0056980278593906,0.0508862086797031,0,5084.86853337862,1,-28.9084858728223,0,28.9084858728223,0
259,267,0.0015366552129244,0.0072940988217075,0,350.572283688587,1,213.991962360281,0,-213.991962360281,0
264,267,0.0020075167435505,0.269875994202106,0,31.5931770044588,1,-3.04146051824465,0,3.04146051824465,0
265,267,0.0050157651655442,0.0061008772562577,0,349.151508026241,1,-210.950501842036,0,210.950501842036,0
261,268,0.0005890385307143,0.001860426059194,0,2293.49745555741,1,-620.530532333656,0,620.530532333656,0
264,268,0.0104316829881652,0.257362541733032,0,26.6551677899135,1,3.04146051824464,0,-3.04146051824464,0
266,268,0.0016149845491291,0.0021128394109999,0,1755.06797590972,1,519.612071874678,0,-519.612071874678,0
260,269,0.0058134244271483,0.0186624209400896,0,862.421686088384,1,-103.723910529922,0,103.723910529922,0
263,269,0.0002352457709141,0.0187606558080266,0,44.635188622797,1,-44.6351886227971,0,44.6351886227971,0
265,269,0.0014183367683754,0.0056669222039503,0,620.976074326786,1,148.359099152719,0,-148.359099152719,0
261,270,0.0002869689108545,0.0006827627756495,0,1158.60030632314,1,-1026.42635453669,0,1026.42635453669,0
266,270,0.0015599957159531,0.003087925645227,0,1085.55719866579,1,502.441609091858,0,-502.441609091858,0
261,271,1.66185808760657e-05,0.0003133966483114,0,2916.61931007819,1,1675.86537274316,0,-1675.86537274316,0
263,271,0.0012625748895336,0.0089091697746064,0,1650.46905579961,1,35.7080356307927,0,-35.7080356307927,0
272,273,0.000114854454974,0.0012381296725939,0,2576.22127484144,1,-759.249357395535,0,759.249357395535,0
270,274,0.0007918310141386,0.0026218757900645,0,1097.44373957861,1,-466.56003152147,0,466.56003152147,0
266,275,0.0100532369741768,0.0324182344435483,0,11.1297253267323,1,-0.749941142658406,0,0.749941142658406,0
243,277,0.0424004898632039,0.0188812477463167,0,113.323258466109,1,-99.1871752139024,0,99.1871752139024,0
244,277,0.336416541629752,0.0304302650740829,0,39.0893923758731,1,-17.2363408989848,0,17.2363408989848,0
276,278,0.000124928792039,0.0014792887718024,0,4477.08976265949,1,730.425465274561,0,-730.425465274561,0
277,278,0.0051834111008201,0.0190107682908797,0,275.365527674939,1,-212.982458590621,0,212.982458590621,0
277,279,0.214493707716675,0.201859234124516,0,143.156136345639,1,13.1037652667775,0,-13.1037652667775,0
270,280,0.0034861830402946,0.0168199340244377,0,155.296229029985,1,-57.4247139233624,0,57.4247139233624,0
274,280,0.0001713289837024,0.0048313013384135,0,187.420661022477,1,53.2739594709739,0,-53.2739594709739,0
275,280,0.0235210086526608,0.146945381895901,0,31.962848310444,1,4.15075445238815,0,-4.15075445238815,0
266,281,0.0003101529856889,0.0009567318641063,0,4458.59362631504,1,-1021.30373982388,0,1021.30373982388,0
272,281,0.0007851869423151,0.0004989797146654,0,4036.21366424119,1,936.105361305317,0,-936.105361305317,0
274,281,0.0004450108218155,0.0055916509583918,0,464.873833184666,1,-233.44692278181,0,233.44692278181,0
277,281,0.104872064408062,0.200861012659194,0,3435.75308574833,1,25.4383679462852,0,-25.4383679462852,0
276,282,0.0066691344990455,0.0007474708344229,0,730.42546527456,1,-730.42546527456,0,730.42546527456,0
274,283,0.006605250369058,0.0033780889567247,0,875.092658460682,1,-248.527703864485,0,248.527703864485,0
279,283,0.0060741600265798,0.102697547149581,0,3650.91167188685,1,28.5329632903759,0,-28.5329632903759,0
275,284,0.0155716717900998,0.0306683755909804,0,263.555923095891,1,-127.284544010047,0,127.284544010047,0
277,284,0.004075066026849,0.0470173721614837,0,3111.71024714223,1,45.9142675836025,0,-45.9142675836025,0
279,285,0.0058606427860398,0.117389219315844,0,504.889687682327,1,-15.4291980235984,0,15.4291980235984,0
242,287,0.0228818480162438,0.0441410194064724,0,747.909730436776,1,13.7618204623396,0,-13.7618204623396,0
253,287,0.0301696794583722,0.0162490887566374,0,707.533026162082,1,99.0272492474392,0,-99.0272492474392,0
286,287,0.0026220174553845,0.0099075774026293,0,230.478994728211,1,-112.789069709779,0,112.789069709779,0
281,288,0.0010738051174251,0.0084086766979932,0,1210.70075100537,1,-293.206933354087,0,293.206933354087,0
253,289,0.0013545436920336,0.0360473955677796,0,651.615479442322,1,88.4674171909318,0,-88.4674171909318,0
272,289,0.0137412033883062,0.0013727370607749,0,413.938475302689,1,-206.164532135278,0,206.164532135278,0
288,289,0.042562091037452,0.148372434983224,0,259.639964775438,1,11.5612784033515,0,-11.5612784033515,0
283,290,0.0126190399996698,0.463827328939084,0,23.5919334472536,1,-2.87125388888424,0,2.87125388888424,0
285,290,0.0020671053268865,0.0301467071100934,0,216.858337928635,1,113.104254439838,0,-113.104254439838,0
288,290,0.0002064364806148,0.0055761697922336,0,1040.32340588123,1,286.849461805661,0,-286.849461805661,0
283,292,0.0011074616199611,0.0093761123758617,0,353.175299003931,1,-183.541037767847,0,183.541037767847,0
291,292,0.0011620833466124,0.0245923583738694,0,123.742315127353,1,123.742315127353,0,-123.742315127353,0
246,293,0.0118443911905241,0.0866810606456938,0,4605.25704627593,1,39.640694126421,0,-39.640694126421,0
288,293,9.36129408867457e-05,0.0015464106089372,0,1513.46206550524,1,-686.036991273399,0,686.036991273399,0
286,294,0.005726359825349,0.0424635978789343,0,222.19458836788,1,112.789069709779,0,-112.789069709779,0
290,294,0.0074966879235515,0.0111886896682339,0,429.279828399741,1,397.082462356615,0,-397.082462356615,0
245,295,0.0016754870351134,0.0011822913332276,0,2282.94936739163,1,595.816963517853,0,-595.816963517853,0
253,295,1.68868296159225e-05,0.0047160629988949,0,1633.97286780362,1,-318.422530778234,0,318.422530778234,0
285,295,0.0005631404200672,0.0090649252746258,0,388.029938567057,1,-128.533452463437,0,128.533452463437,0
289,295,0.0348939299837288,0.136282308114561,0,1088.47450609836,1,-34.4191462755087,0,34.4191462755087,0
291,295,0.0474438099829067,0.219068722507795,0,43.3449325730701,1,-5.215789031694,0,5.215789031694,0
245,297,0.0017866820572647,0.0791724149093553,0,246.589927042677,1,10.2265182176564,0,-10.2265182176564,0
246,297,0.0137312759001201,0.0996872894606826,0,1231.93589067763,1,16.3197890478738,0,-16.3197890478738,0
291,297,0.0001406676835478,0.0125021725781269,0,248.950321967884,1,-82.976564458013,0,82.976564458013,0
296,297,0.459935715459823,1.18334584903126,0,18.3826623898903,1,0.0,0,0.0,0
241,298,0.0018198728133774,0.0671965299601394,0,2474.27702763546,1,-23.1059098794878,0,23.1059098794878,0
248,298,0.0066452477835519,0.0528141740328731,0,125.046864492228,1,59.3513364243381,0,-59.3513364243381,0
289,298,0.0575828915505977,0.207446024187806,0,756.021523121097,1,-25.3400988475219,0,25.3400988475219,0
291,298,0.0116083774409155,0.168461247045872,0,270.373773562237,1,-10.1423818871738,0,10.1423818871738,0
242,299,0.0077991446661218,0.15418264819861,0,1072.63980426924,1,-10.0720676072948,0,10.0720676072948,0
248,299,0.0047754864809313,0.0288128784671613,0,242.727913476437,1,161.420120316169,0,-161.420120316169,0
292,299,0.0003669474671338,0.0536108274909295,0,1061.44012966459,1,-60.3483906879549,0,60.3483906879549,0
298,299,0.0988829843455016,1.98754154966576,0,18.3826623898903,1,0.762945810154636,0,-0.762945810154636,0
241,300,0.0328683749114895,0.0676507273824097,0,18.4127242379303,1,13.5481996228675,0,-13.5481996228675,0
243,300,0.0069920212853166,0.0493200294907698,0,93.4835432253245,1,-6.09952587643313,0,6.09952587643313,0
299,300,0.0002618658159327,0.0084056381197872,0,1400.66579623675,1,113.352016025255,0,-113.352016025255,0
51,95,3.94455818183116e-05,0.0004468037186186,0,10794.8331922142,1,2219.35509191954,0,-2219.35509191954,0
44,87,0.001489883232457,0.0067691534172715,0,1269.28042133497,1,100.186685989081,0,-100.186685989081,0
11,72,5.48742380821635e-07,0.0005449799026951,0,2324.94946055619,1,1102.50919135413,0,-1102.50919135413,0
36,88,0.0003198533971121,0.0006306269204497,0,3270.87646604615,1,1043.8873197912,0,-1043.8873197912,0
112,180,0.0054947994311567,0.101750402890747,0,119.388395268021,1,42.0259690811581,0,-42.0259690811581,0
68,142,0.0036413749935817,0.115354595638048,0,906.9013548793,1,12.5410249053379,0,-12.5410249053379,0
111,167,0.0150592579991281,0.018898095563437,0,439.58438417186,1,110.227447928789,0,-110.227447928789,0
108,166,0.024631866229757,0.0155460538925055,0,376.785642839214,1,103.557691438579,0,-103.557691438579,0
144,240,0.0980505402363028,0.370515120228338,0,66.7742159939804,1,-2.91990417107774,0,2.91990417107774,0
129,196,1.16508501307901e-05,0.0174962348294532,0,458.954619612472,1,-68.6505799914021,0,68.6505799914021,0
166,193,0.0016320295765892,0.0020567492160019,0,840.009061452163,1,-432.527937123358,0,432.527937123358,0
134,218,0.0006764058281726,0.0152140644398388,0,900.121444409394,1,-74.6018693813595,0,74.6018693813595,0
213,250,0.0001198380074316,0.005411930709359,0,215.580822440705,1,-215.5808224407,0,215.5808224407,0
235,277,0.138188886318447,0.196214820949806,0,113.586568998262,1,-12.1025416810688,0,12.1025416810688,0
226,284,0.0182550345737057,0.0042781241547061,0,621.696071037836,1,81.3702764264445,0,-81.3702764264445,0
229,241,0.0203648241521489,0.0361907099072693,0,314.277355401552,1,-68.8373701097051,0,68.8373701097051,0
245,20,0.0401025809551,0.0898328466593223,0,14.7317546262213,1,4.19939698461456,0,-4.19939698461456,0
245,60,2.00574279251876e-06,0.001247150020845,0,2385.9753237353,1,-643.852613869045,0,643.852613869045,0
258,42,0.0382543172437698,0.376655784429251,0,91.3788057584597,1,7.46977934480792,0,-7.46977934480792,0
293,23,0.0003360725512234,0.0022727808490897,0,1480.71058882297,1,-522.020505954919,0,522.020505954919,0
