from_bus,to_bus,resistance,reactance,susceptance,line_rating,line_status,P_from,Q_from,P_to,Q_to
1,2,0.009420041781865,0.0177496134384387,0,343.053722045611,1,125.686942625817,0,-125.686942625817,0
3,7,0.0014979320535222,0.0073972206809903,0,1336.46545884194,1,-334.759347093022,0,334.759347093022,0
5,7,0.0040767782187064,0.0234175921863711,0,442.537263008043,1,-77.3662323506376,0,77.3662323506376,0
1,8,0.0374249182817528,0.104094449692958,0,216.121020914547,1,19.0043197418529,0,-19.0043197418529,0
6,8,0.001242051656934,0.0265035000494041,0,895.60716616985,1,28.4545716602947,0,-28.4545716602947,0
1,9,0.0018240165947534,0.0163166199143809,0,231.565340813752,1,-98.6508623896975,0,98.6508623896975,0
7,9,0.0070344601370973,0.0147873231513363,0,240.879852183449,1,98.6508623896974,0,-98.6508623896974,0
5,10,0.0012266664715256,0.0101099389661686,0,508.476586818918,1,167.850807141834,0,-167.850807141834,0
6,10,0.0228294132546819,0.385792779837655,0,17.5510761562183,1,-2.03175647192346,0,2.03175647192346,0
5,11,0.0160222025111653,0.0089339044924026,0,1042.8378143265,1,-156.943945049937,0,156.943945049937,0
12,13,0.0003138459587352,0.000821748404243,0,5426.79663836826,1,1108.67785897293,0,-1108.67785897293,0
1,15,0.0090221243549812,0.0300201387936689,0,690.991181928363,1,6.88664314476031,0,-6.88664314476031,0
6,15,0.0009580954987516,0.0536907381267406,0,996.709434142461,1,-18.9485284870377,0,18.9485284870377,0
8,15,0.0003928071971338,0.0027067886734419,0,3199.15771429217,1,-654.467871714694,0,654.467871714694,0
14,16,2.52159118495895e-05,0.0001261339884081,0,6403.38550922914,1,-3430.84629680255,0,3430.84629680255,0
7,17,0.0027836451302544,0.0008549172640216,0,1654.02135700302,1,-510.776441833357,0,510.776441833357,0
11,17,0.000251043218151,0.0009668782866088,0,3806.07469909857,1,-875.270726777095,0,875.270726777095,0
12,18,0.0010021569718237,0.0014631210033979,0,4044.08167499009,1,-683.910877510894,0,683.910877510894,0
15,18,0.0010387014080473,0.0734887361502286,0,1058.25439772092,1,-21.6511837886599,0,21.6511837886599,0
14,19,8.48561665263988e-05,0.0006733351896116,0,3091.57570968439,1,2108.66852193726,0,-2108.66852193726,0
18,21,1.5018030551052e-05,0.0010850613865021,0,4336.93751014344,1,-845.416048384042,0,845.416048384042,0
19,21,0.0005815503589225,0.0033218145494624,0,654.811531891889,1,404.295166949768,0,-404.295166949768,0
14,22,0.000391943252551,0.0004354230915154,0,3429.66334143222,1,1322.17777486529,0,-1322.17777486529,0
17,22,1.07306244080977e-05,0.0008705632748984,0,1421.70053411088,1,-1129.99667577662,0,1129.99667577662,0
19,22,0.0004242606808367,0.0052279214868958,0,1566.55268924417,1,-161.466461747309,0,161.466461747309,0
15,23,0.0058750908401134,0.0294618972064278,0,274.745897014041,1,-110.130881585454,0,110.130881585454,0
19,23,0.002507396293014,0.0008585611383981,0,724.303786747325,1,706.73510668666,0,-706.73510668666,0
18,26,2.3715240163325e-05,0.0020973631748715,0,1116.36124661503,1,-484.194550166082,0,484.194550166082,0
19,26,0.0007285004386589,0.0025759504775908,0,1308.62142058583,1,483.235244356944,0,-483.235244356944,0
24,27,0.141678510450499,1.64356105613387,0,43.7977605124475,1,0.0,0,0.0,0
15,28,7.51355707163465e-06,0.0027358296656816,0,1201.59607801379,1,-532.893841720665,0,532.893841720665,0
19,29,0.0003623841926612,0.003071038669163,0,2401.92559151606,1,675.869465691199,0,-675.869465691199,0
20,29,0.0016599771785776,0.0057467587969978,0,4351.08827928011,1,-259.428410683609,0,259.428410683609,0
25,31,0.0174217985811322,0.0414763707407799,0,108.707384486545,1,-10.2456698626245,0,10.2456698626245,0
27,31,0.0321927819458631,0.0583358101288254,0,224.166438518329,1,11.5256928871914,0,-11.5256928871914,0
28,31,0.0203472676297221,0.0853863355772201,0,450.815846106451,1,-15.3194732692661,0,15.3194732692661,0
30,31,0.0029189756502046,0.0761107671068954,0,262.849705800636,1,14.0394502446992,0,-14.0394502446992,0
22,32,0.0060894753510892,0.0172242160243327,0,1178.39531523838,1,30.7146373413591,0,-30.7146373413591,0
25,32,0.0012028273284949,0.0951334861679228,0,874.102116649152,1,-19.1889444541677,0,19.1889444541677,0
27,32,0.0214526849607422,0.0631803532641978,0,252.63450894069,1,-11.5256928871914,0,11.5256928871914,0
30,33,0.0009982846165725,0.032284711756349,0,9690.42598969601,1,-14.9987560538383,0,14.9987560538383,0
26,34,0.064297780367483,0.331647765923095,0,3.54303237221447,1,-0.959305809139108,0,0.959305809139108,0
30,34,0.0075068590918342,0.948323470238321,0,2.84699776691319,1,0.959305809139107,0,-0.959305809139107,0
33,36,0.0078298467127352,0.0328949221143788,0,5559.80486215392,1,38.7802162368675,0,-38.7802162368675,0
29,37,9.02247025531241e-06,0.0040844392277706,0,7077.67489639677,1,416.441055007589,0,-416.441055007589,0
35,37,0.0857755711361627,0.168906173235405,0,6.20355975165496,1,6.20355975165496,0,-6.20355975165496,0
36,38,0.0019075787359928,0.127167660194664,0,39.0461564460153,1,7.94180681830603,0,-7.94180681830603,0
37,38,0.0867152821929536,0.729388060406266,0,3.22144993726978,1,-2.6847993107821,0,2.6847993107821,0
33,39,0.0162622555985243,0.0701457170034352,0,434.758048083585,1,29.2736838419932,0,-29.2736838419932,0
36,39,0.0650083787272976,0.338997408520432,0,43.7977605124475,1,2.2942693076401,0,-2.2942693076401,0
37,39,0.0218708153501791,0.0766745632647472,0,235.71222469541,1,-28.5681471099111,0,28.5681471099111,0
36,41,0.0278328291533042,0.0478838335654576,0,9199.32259035132,1,21.3104859429457,0,-21.3104859429457,0
37,41,0.485448281257652,1.77625304763559,0,43.7977605124475,1,-1.09656323640099,0,1.09656323640099,0
35,42,0.00967753044813,0.173415910414013,0,43.7977605124475,1,-1.67113008795378,0,1.67113008795378,0
38,42,0.0562554216639316,0.118059652239643,0,18.191104088705,1,5.25700750752393,0,-5.25700750752393,0
11,43,0.0016887627772513,0.0020589153537584,0,1147.04688940596,1,476.235365053354,0,-476.235365053354,0
42,43,0.0062151336365875,0.0429931859380732,0,616.768310983186,1,-10.9906061601755,0,10.9906061601755,0
35,44,0.0745142254833595,0.175174851513171,0,16.5232703151259,1,-6.43392324755015,0,6.43392324755015,0
36,44,0.125287738758261,0.109670775879724,0,52.6735610462633,1,7.23365416797566,0,-7.23365416797566,0
41,44,0.0711548007507187,0.283979637704524,0,23.0848589874927,1,-0.799730920425518,0,0.799730920425518,0
40,45,0.0057051129570381,0.0893727744217171,0,38.7644112844861,1,-3.74252946586775,0,3.74252946586775,0
37,46,0.002086092891803,0.0031496910635438,0,523.515610949121,1,451.035984677389,0,-451.035984677389,0
20,47,0.0836618219961297,0.0588023471429629,0,447.628456429898,1,-69.9396630199563,0,69.9396630199563,0
41,47,0.0127488948890156,0.162746348892416,0,42.3908737155764,1,-14.5926360215234,0,14.5926360215234,0
43,47,0.0055492281313522,0.0439513120772032,0,322.48928282986,1,-57.1662288820718,0,57.1662288820718,0
45,47,0.0079779709995136,0.187448180399505,0,96.7998743827461,1,-6.9317220386868,0,6.9317220386868,0
21,48,0.006702210956079,0.0441192937475696,0,1970.41163306828,1,9.51380322458962,0,-9.51380322458962,0
39,48,0.372627432546797,0.0588826750791418,0,79.6484091467461,1,2.99980603972221,0,-2.99980603972221,0
40,48,0.0016064086549913,0.180369855856323,0,23.3200253528448,1,3.74252946586775,0,-3.74252946586775,0
45,49,0.0385716436551782,0.11670755191112,0,173.677821094613,1,4.12773389898574,0,-4.12773389898574,0
41,50,0.0009979826626663,0.0407777987859352,0,1367.81664487064,1,35.6062896484936,0,-35.6062896484936,0
42,50,0.0855894853719445,0.150723555677954,0,262.494324029312,1,5.58500895326665,0,-5.58500895326665,0
11,52,0.0016506453753902,0.0123116051271491,0,992.854012104535,1,160.251099028415,0,-160.251099028415,0
35,52,0.0248476093535841,0.121009205307626,0,7.06364749556404,1,1.90149358384898,0,-1.90149358384898,0
51,52,0.0985580197616155,0.203481749765431,0,30.9844970984411,1,23.0700353586733,0,-23.0700353586733,0
11,53,1.0047777429705e-05,0.108845472630451,0,2416.91443142671,1,10.3895906971139,0,-10.3895906971139,0
15,53,0.0497683760273083,0.93572848571777,0,43.7977605124475,1,-1.85384996219287,0,1.85384996219287,0
48,53,0.0007623933031125,0.021776631665031,0,18950.3145920432,1,16.2561387301796,0,-16.2561387301796,0
51,53,0.0228979483377656,0.0823630837225229,0,46.7714738844167,1,46.7714738844167,0,-46.7714738844167,0
1,55,0.0011482765330182,0.120876444632985,0,72.3988184604386,1,14.854113273672,0,-14.854113273672,0
3,55,0.0026205857410241,0.0071324504098621,0,1310.72684388847,1,334.759347093022,0,-334.759347093022,0
52,55,0.0012871230579832,0.0136570471587022,0,779.689281853571,1,181.692738125554,0,-181.692738125554,0
50,56,0.005641881384929,0.0544144827395994,0,947.509536063903,1,26.020601366323,0,-26.020601366323,0
54,56,0.0049479021155653,0.10296532232065,0,48.8207765803779,1,4.1160608204273,0,-4.1160608204273,0
4,57,0.0688016685032905,0.550939940228578,0,3.41004046071444,1,-2.32333075742119,0,2.32333075742119,0
49,57,0.0117745468339379,0.256940701038119,0,127.068943029548,1,4.12773389898574,0,-4.12773389898574,0
51,57,0.0108270231401031,0.0442423862824301,0,13373.1069172652,1,91.1126191564676,0,-91.1126191564676,0
2,58,0.0176543846421326,0.0027947011546611,0,455.327455122028,1,138.836299085755,0,-138.836299085755,0
2,59,0.014854973293144,0.13234861984781,0,46.2668028773742,1,-13.1493564599372,0,13.1493564599372,0
50,59,0.0248111062545194,0.0645491746827302,0,1924.38225228394,1,13.2391425321532,0,-13.2391425321532,0
57,59,0.0256603568782887,0.0210292180475795,0,133.818188593895,1,87.4859362165301,0,-87.4859362165301,0
58,59,0.0138888283310817,0.0676406429325695,0,411.073017453581,1,-31.4648863826606,0,31.4648863826606,0
4,60,0.0075074559048479,0.114203108516801,0,3.66491744951337,1,2.32333075742119,0,-2.32333075742119,0
5,60,0.025016582540468,0.0218612042856004,0,829.476449267005,1,66.4593702587408,0,-66.4593702587408,0
6,60,0.0214363092160937,0.137527039574291,0,13.0080876857318,1,-7.47428670133353,0,7.47428670133353,0
52,60,0.0355034582780695,0.249881971353801,0,120.426448097179,1,3.52988984538356,0,-3.52988984538356,0
53,60,0.01017385778158,0.0240925570853373,0,191.596806652823,1,71.5633533495174,0,-71.5633533495174,0
54,60,0.0028775182617461,0.104936213360358,0,54.7234089530078,1,-4.1160608204273,0,4.1160608204273,0
56,60,0.0009958981250808,0.0075676570710562,0,311.411680001352,1,-113.077978757278,0,113.077978757278,0
57,60,0.0313440001371587,0.284537435062651,0,13.9761112969752,1,5.43108608150199,0,-5.43108608150199,0
61,66,0.0001025644957939,0.0110756889145459,0,1066.83938673474,1,73.1758446897411,0,-73.1758446897411,0
62,66,0.0142100184065973,0.0530283102465166,0,195.189825881314,1,-8.40667422764253,0,8.40667422764253,0
63,66,0.0008247408821084,0.0040035094699832,0,1469.00417809964,1,-64.7691704620987,0,64.7691704620987,0
67,69,0.0059050822555739,0.0292331695842804,0,17.4525394313255,1,17.4525394313255,0,-17.4525394313255,0
61,70,0.0052565235161964,0.0133670634043113,0,370.635492021459,1,81.0422967107881,0,-81.0422967107881,0
64,70,0.0068152683428974,0.0056671078642339,0,745.021017963345,1,-138.099785315786,0,138.099785315786,0
68,70,0.0017857074935719,0.0283459523112303,0,2793.76377424497,1,57.0574886049978,0,-57.0574886049978,0
63,73,0.0003422902345005,0.0032636771137779,0,864.580585400851,1,-570.010805652681,0,570.010805652681,0
67,73,0.0460447873782112,0.0606587265064489,0,1651.48442941158,1,-20.0504704984753,0,20.0504704984753,0
67,74,0.0007552117515213,0.0101233864575104,0,320.156776538218,1,-134.538425814377,0,134.538425814377,0
72,74,0.017119673692256,0.207559612758502,0,6.98597262315124,1,-0.465564138036502,0,0.465564138036502,0
73,74,0.0092176185992936,0.0007568019052817,0,243.665987612277,1,-192.584704919743,0,192.584704919743,0
68,75,0.0386325447646238,0.42279818060556,0,8.76961819633538,1,-8.76961819633538,0,8.76961819633538,0
71,75,0.297541790844232,0.546847221914297,0,9.02020853411155,1,8.76961819633539,0,-8.76961819633539,0
67,76,0.0072773615747892,0.133515543244884,0,7259.40774932801,1,11.1981469239644,0,-11.1981469239644,0
71,76,0.0067242066254758,0.0868755237187189,0,133533.825425795,1,126.1377101813,0,-126.1377101813,0
72,76,0.0099927969041297,0.0214681048089827,0,256.049798674378,1,128.585120118895,0,-128.585120118895,0
72,77,0.0002886340803185,0.006941377945655,0,319.691454702414,1,166.924141160153,0,-166.924141160153,0
72,78,0.0001388353576173,0.0731569866262604,0,1984.85685206257,1,24.9051108367516,0,-24.9051108367516,0
76,78,0.0130407587618556,0.0376828668352434,0,4456.14953112103,1,-24.9051108367516,0,24.9051108367516,0
68,79,0.0001795625382376,0.0045849662501253,0,454.106987087078,1,-211.288913266342,0,211.288913266342,0
72,79,0.0009283105859104,0.0018710891745044,0,2665.44668020066,1,-354.410349089187,0,354.410349089187,0
74,79,0.0035808419581227,0.0027337373645277,0,1679.91759639281,1,-207.225852292465,0,207.225852292465,0
72,81,0.0391193851954715,0.0089967147488386,0,1105.64409838733,1,33.5137665523797,0,-33.5137665523797,0
73,82,0.0044495260948286,0.0057029410267716,0,634.013462438066,1,-397.476571231413,0,397.476571231413,0
79,82,0.0130453491866614,0.0992174476355758,0,46.361050666656,1,-15.6679692471683,0,15.6679692471683,0
80,84,0.0001635191753612,0.0004621065434589,0,2768.84066116517,1,1882.98166768275,0,-1882.98166768275,0
84,85,0.0001298813099137,0.0007114959812172,0,5204.29172706787,1,-389.175073575214,0,389.175073575214,0
83,86,0.0002480621146272,0.0022943750357472,0,478.118944044933,1,-191.051878565782,0,191.051878565782,0
84,86,5.30817300337962e-05,0.0022776339774164,0,516.635970357867,1,191.051878565782,0,-191.051878565782,0
82,87,0.001399242331919,0.0096901340278022,0,3393.73233412887,1,-422.580298957419,0,422.580298957419,0
79,88,0.0012528749501238,0.0306543254725168,0,110.367371143469,1,15.3165828930249,0,-15.3165828930249,0
81,88,0.0004124743106852,0.0104320551419788,0,1117.2497264113,1,-47.462138713405,0,47.462138713405,0
79,89,0.0069130591338412,0.0259521870101625,0,243.776087403143,1,24.3253462649527,0,-24.3253462649527,0
87,89,0.750378680279406,1.70970440597309,0,19.7476392994402,1,3.6735540752866,0,-3.6735540752866,0
79,91,0.0181127428277705,0.195927987069769,0,72.2673080462279,1,1.89192401063022,0,-1.89192401063022,0
89,91,0.0024973561004293,0.0350466118979517,0,4809.83022375881,1,-7.43624156943111,0,7.43624156943111,0
84,92,0.0001629748339703,0.0001785005295674,0,7427.2705333626,1,1988.39709660223,0,-1988.39709660223,0
89,92,0.0001529552690296,0.0006438835427376,0,10352.3544776848,1,-1789.76557260732,0,1789.76557260732,0
90,92,0.0001210465826949,0.0009476531971191,0,841.361398447758,1,-198.631523994915,0,198.631523994915,0
83,93,0.0002035071300569,0.0008617813485769,0,2423.03646887865,1,646.67099210624,0,-646.67099210624,0
90,93,0.0115904399154508,0.071198661325218,0,1967.73576813454,1,12.4667537342691,0,-12.4667537342691,0
79,94,0.0717461929494346,0.0414292209340357,0,2004.57368762948,1,5.96170310579466,0,-5.96170310579466,0
88,94,0.110078529392392,0.206152261718591,0,8.05219010798754,1,-1.07944875385476,0,1.07944875385476,0
91,94,0.0256347476182722,0.0223097156082455,0,2110.55451248978,1,-5.54431755880089,0,5.54431755880089,0
88,95,0.0041344676180594,0.010025596952823,0,325.006098484932,1,-31.0661070665254,0,31.0661070665254,0
90,95,0.0019832808982231,0.0154983641620122,0,295.539067830555,1,31.676511604597,0,-31.676511604597,0
90,96,0.0166109481401283,0.0456541830945085,0,179.902666510639,1,35.708102159196,0,-35.708102159196,0
93,96,6.44223979682543e-05,0.0033102257853993,0,1999.1940553893,1,224.337584541117,0,-224.337584541117,0
68,97,0.0063734721648219,0.663611395172391,0,3.36795086420676,1,1.36946063243521,0,-1.36946063243521,0
69,97,0.0006739894443187,0.0013628714913149,0,895.03801036047,1,-411.730940433064,0,411.730940433064,0
89,97,0.0001080952320669,0.0006827995803467,0,5590.47382772986,1,1825.20071451699,0,-1825.20071451699,0
82,98,0.0319953914105892,0.0772131970505645,0,344.939074939925,1,23.7942024738581,0,-23.7942024738581,0
90,98,0.0023087750867198,0.0151672205904688,0,271.457645883217,1,40.5849829709763,0,-40.5849829709763,0
95,98,0.0904417240207654,0.204171609773206,0,43.7977605124475,1,0.610404538071684,0,-0.610404538071684,0
90,99,0.0002416467826984,0.0032022765105899,0,674.439989714582,1,453.431735068494,0,-453.431735068494,0
98,99,0.0050513064031925,0.0922180641071526,0,40.9587102695459,1,9.07037480219425,0,-9.07037480219425,0
90,100,0.0393373462075639,0.0855521768586882,0,1220.84092540448,1,16.370524589843,0,-16.370524589843,0
96,100,0.0228423409724922,0.0103504671630265,0,1060.78921671965,1,-22.1912900486354,0,22.1912900486354,0
98,100,0.0282092741452809,0.13485728486325,0,157.629645663596,1,5.8207654587924,0,-5.8207654587924,0
97,101,1.18867325185157e-06,0.0276995156158556,0,1148.17737015374,1,-64.3630895403799,0,64.3630895403799,0
98,101,0.0017869076786454,0.0440442608214305,0,4.26785939791441,1,-4.26785939791441,0,4.26785939791441,0
97,102,0.0798109361494629,0.0275263007194563,0,87.7925303748164,1,-10.4594860395063,0,10.4594860395063,0
99,102,0.0036199140883398,0.0406583513367251,0,213.620496534465,1,11.5717512587259,0,-11.5717512587259,0
94,103,0.0247080223842004,0.0172688216405045,0,580.327549278745,1,104.086550660936,0,-104.086550660936,0
96,103,0.0017542340299121,0.0018848420290935,0,1609.06978438077,1,396.366067622636,0,-396.366067622636,0
102,103,0.0968043355749049,0.408903853695806,0,51.2593988299051,1,1.11226521921958,0,-1.11226521921958,0
98,107,0.0002187692476121,0.0173020429902049,0,371.855261774847,1,54.3663091198338,0,-54.3663091198338,0
105,107,0.00169817484297,0.017175856327551,0,340.430617824851,1,-56.0529771532944,0,56.0529771532944,0
82,108,0.0021975951673975,0.0187905387008019,0,506.910169942573,1,-14.3584439950205,0,14.3584439950205,0
104,109,0.0085625108252435,0.212106884889018,0,110.771144091671,1,5.50556110473233,0,-5.50556110473233,0
105,109,0.0037752467392736,0.0547148469294438,0,1546.59775997549,1,42.8035732081668,0,-42.8035732081668,0
68,110,0.0132569929645285,0.218904124147266,0,108.600419819761,1,5.50556110473233,0,-5.50556110473233,0
104,110,0.0088529576795526,0.215487136733406,0,107.162144800787,1,-5.50556110473233,0,5.50556110473233,0
101,111,0.0492800177314789,0.233251868736066,0,26.6158629422215,1,4.29492671759948,0,-4.29492671759948,0
106,111,0.0095942033608432,0.109475845389696,0,41.8643947627534,1,-2.60825868413886,0,2.60825868413886,0
107,111,0.628554147222148,0.0751915875564005,0,109.453598184624,1,-1.68666803346062,0,1.68666803346062,0
79,112,1.26501156248161e-05,0.000815121756895,0,2729.8799824024,1,-804.752701675229,0,804.752701675229,0
63,113,0.00012989073735,0.0022601293944222,0,1592.78931924101,1,587.920243990783,0,-587.920243990783,0
62,114,0.0007770652265419,0.0037424557450317,0,263.921367244731,1,-69.5576345616617,0,69.5576345616617,0
105,114,0.0120998129730004,0.0235977026638259,0,1587.8238345238,1,13.2494039451276,0,-13.2494039451276,0
106,114,0.0108504597149888,0.0198318307560891,0,809.517095045532,1,56.3082306165342,0,-56.3082306165342,0
61,115,0.0148962368968246,0.0057241217637951,0,1035.15994826981,1,-154.218141400529,0,154.218141400529,0
106,115,0.0100242171571743,0.014190256423441,0,980.712647254473,1,-53.6999719323954,0,53.6999719323954,0
63,116,0.0034731841570246,0.0290161499937414,0,1417.27702982152,1,43.9288613788999,0,-43.9288613788999,0
62,117,0.002458442204423,0.0136807428329124,0,457.83687357453,1,-355.07789406356,0,355.07789406356,0
67,117,0.0046305219781652,0.242008931193913,0,23.3684147856468,1,-16.6404866876994,0,16.6404866876994,0
108,117,5.93598683178279e-05,0.0191052769235497,0,542.498107700434,1,-14.3584439950205,0,14.3584439950205,0
63,118,0.124842639095391,0.14534557206622,0,7.76652521802389,1,2.93087074509687,0,-2.93087074509687,0
97,118,0.0005064013534984,0.000752538333203,0,11846.6760285706,1,1489.66181029624,0,-1489.66181029624,0
65,119,0.000790303086628,0.0030678368561828,0,902.221756533335,1,-519.300303290812,0,519.300303290812,0
113,119,0.0005323574285048,0.0020970894866743,0,1995.04865630527,1,587.920243990784,0,-587.920243990784,0
64,120,0.0043798595278095,0.0116877013994764,0,790.616691711496,1,138.099785315786,0,-138.099785315786,0
69,120,0.0007369335598401,0.0059278102772782,0,786.507528491653,1,429.183479864389,0,-429.183479864389,0
116,120,0.0137954960801147,0.0258501952124183,0,2368.07155917304,1,43.9288613788998,0,-43.9288613788998,0
118,120,0.0001992076502933,0.0016241791165041,0,1871.56241496614,1,1221.67990443127,0,-1221.67990443127,0
121,122,0.0015016148059807,0.0005086741636986,0,873.969905352661,1,28.0248999784833,0,-28.0248999784833,0
121,123,0.009091187372291,0.0284070004330805,0,374.825463186037,1,32.1743164281682,0,-32.1743164281682,0
121,124,0.0004772543969361,0.0320553303371156,0,177.711827271065,1,-53.2540339327009,0,53.2540339327009,0
121,125,0.0003414423355933,0.0782626000168418,0,1133.45563849332,1,-33.6899591246542,0,33.6899591246542,0
122,125,0.0735152423374363,0.0925385715176562,0,961.763809935699,1,-28.6466420935627,0,28.6466420935627,0
126,127,0.0076770619894705,0.0158778173059076,0,304.03001506569,1,50.3684854552891,0,-50.3684854552891,0
125,129,7.39238457954915e-05,0.002535063277727,0,2445.74759620554,1,-447.737823108354,0,447.737823108354,0
127,130,0.0220046005089111,0.435866847013439,0,43.7977605124475,1,0.0,0,0.0,0
124,132,0.0385649370205921,0.101857982465399,0,23.6343900986779,1,23.2791592367123,0,-23.2791592367123,0
128,134,0.0082179594131496,0.0336231755971141,0,179.540683829524,1,17.8196476305046,0,-17.8196476305046,0
124,136,0.0010752158908692,0.0280165395817121,0,175.691676485221,1,-76.5331931694133,0,76.5331931694133,0
128,136,0.025890970216793,0.113511794291223,0,207.557217398247,1,-17.8196476305046,0,17.8196476305046,0
133,136,0.0016299909906353,0.0238675784663662,0,191.315069703961,1,97.4714837113898,0,-97.4714837113898,0
129,137,0.001722727120543,0.0057639847395505,0,2672.11310650827,1,-447.737823108354,0,447.737823108354,0
131,137,0.0033472913735905,0.0015159466039515,0,689.620092244929,1,454.182045786689,0,-454.182045786689,0
133,137,1.40729510104718e-05,0.02712232746312,0,83.3099447024033,1,-6.44422267833393,0,6.44422267833393,0
131,138,0.164540385129511,0.198503893255968,0,79.281311394051,1,-3.56353833350954,0,3.56353833350954,0
132,139,0.0928758664670831,0.448441976186694,0,43.7977605124475,1,2.52541440815273,0,-2.52541440815273,0
133,141,0.0621210870592473,0.0882942790414027,0,40.608010795489,1,11.8480530356641,0,-11.8480530356641,0
136,141,0.0043527657405923,0.0727518637585618,0,340.427242127447,1,-17.5980781624415,0,17.5980781624415,0
132,142,0.0576826443981517,0.0350775807987269,0,258.575660351076,1,20.2807681816229,0,-20.2807681816229,0
139,142,0.018921821036653,0.002695759481777,0,720.410862701896,1,-156.208870330541,0,156.208870330541,0
133,143,0.025687272720222,0.0816920417399677,0,443.804199015465,1,2.16554943976206,0,-2.16554943976206,0
135,143,0.0026626818467846,0.0063644905681743,0,922.277226027004,1,-332.694763711797,0,332.694763711797,0
138,143,0.000357404540065,0.0039853931153752,0,4374.76427042706,1,438.496877274833,0,-438.496877274833,0
135,144,0.0024072915764538,0.0192588043667634,0,1155.91635459244,1,138.394503519992,0,-138.394503519992,0
139,144,0.0681555363502951,0.107938959433019,0,91.8787986869675,1,-27.9289336199424,0,27.9289336199424,0
143,146,0.0017268449795161,0.0284149652863753,0,609.271736346627,1,107.967663002799,0,-107.967663002799,0
144,146,4.88002655422011e-05,0.01588297746272,0,581.983218228001,1,-107.967663002799,0,107.967663002799,0
136,147,0.0055256023450982,0.0186368392668127,0,1238.67598422552,1,102.918922927063,0,-102.918922927063,0
142,148,0.0016407818329557,0.0039545643171246,0,950.572583611232,1,-239.840437596421,0,239.840437596421,0
140,149,0.0003331834490597,0.0020367549186094,0,1664.57695707705,1,-342.894746526953,0,342.894746526953,0
147,150,0.0121853436107301,0.0868091975708135,0,185.824473648879,1,54.913469826084,0,-54.913469826084,0
148,150,0.0003926618749235,0.0123450031242694,0,311.567369902387,1,194.959723702971,0,-194.959723702971,0
142,151,0.0013342367754964,0.0039259662644179,0,1252.5678633936,1,186.768725406441,0,-186.768725406441,0
149,151,0.0012801120358776,0.0062566736342177,0,1632.50802820139,1,-342.894746526953,0,342.894746526953,0
144,153,0.0015770679356316,0.0094299301233047,0,1853.86385099155,1,-231.818902391948,0,231.818902391948,0
152,153,0.0212215008188064,0.0307377976472151,0,147.215657699919,1,-28.1273407400079,0,28.1273407400079,0
145,154,0.0028530752094784,0.0131397899848481,0,494.19994240667,1,-67.8840237996984,0,67.8840237996984,0
147,154,0.0007453904422414,0.0152981130030355,0,983.693287864824,1,48.1442512268017,0,-48.1442512268017,0
134,155,0.0277101288305752,0.20729192725434,0,46.8307917907632,1,-1.05138028353013,0,1.05138028353013,0
132,156,0.0259813723685734,0.0678533765223093,0,332.390989908622,1,0.472976646936721,0,-0.472976646936721,0
144,156,0.0006085589363534,0.0060360712129639,0,640.541133609828,1,317.128675276012,0,-317.128675276012,0
154,157,0.02842263019893,0.11963573833868,0,17.9900809313444,1,2.26310100628785,0,-2.26310100628785,0
150,158,0.0018825065530467,0.0091364050159927,0,315.68997431331,1,249.873193529055,0,-249.873193529055,0
156,159,0.0011362775197366,0.0069781645271638,0,1085.16728240147,1,320.405104074898,0,-320.405104074898,0
157,160,0.0940314611491593,0.637760548838597,0,6.7093054685243,1,1.28159960254499,0,-1.28159960254499,0
134,161,0.0173479830853296,0.0166425268453355,0,756.57185913544,1,31.8852143067578,0,-31.8852143067578,0
145,161,0.0031855492855116,0.0056678645329485,0,1184.23932207025,1,-69.5213481159561,0,69.5213481159561,0
157,161,0.0918839842419684,0.231478500281939,0,35.2236671154727,1,0.981501403742858,0,-0.981501403742858,0
152,162,0.0354254870048542,0.0152646917076251,0,139.474988506749,1,28.1273407400079,0,-28.1273407400079,0
154,162,0.000837365497382,0.0415156116048715,0,90.0232346191542,1,-22.0028735791846,0,22.0028735791846,0
155,162,0.179969314359335,0.108223913814083,0,49.0201016885174,1,-6.12446716082333,0,6.12446716082333,0
155,163,0.0042312842162695,0.179822597959626,0,5.27077025270985,1,5.0730868772932,0,-5.0730868772932,0
144,164,0.0060531650252147,0.0140736007525215,0,828.840363583116,1,133.123460018785,0,-133.123460018785,0
163,164,0.099534934455106,0.234682619403339,0,5.53262873209179,1,5.07308687729321,0,-5.07308687729321,0
136,165,0.0026150112908649,0.0272518879380001,0,754.534022460662,1,-82.2022018531495,0,82.2022018531495,0
141,165,0.0317134004472573,0.166933567612149,0,216.601605094447,1,-5.75002512677733,0,5.75002512677733,0
156,166,0.147258461353051,0.215036437904445,0,5.92554365216643,1,-2.80345215194926,0,2.80345215194926,0
160,166,0.201219528172319,0.232550871941837,0,2.08147842466002,1,0.868244783475231,0,-0.868244783475231,0
161,167,0.0025108323975137,0.0409040603247236,0,371.446255808757,1,-36.6546324054554,0,36.6546324054554,0
164,167,0.0113237950239806,0.0588443417337831,0,268.259051959907,1,-48.4932112327296,0,48.4932112327296,0
164,168,0.0002233316411755,0.0088833644284182,0,408.533633001956,1,-268.647138971144,0,268.647138971144,0
165,168,0.0072180130676474,0.0137207941650931,0,690.03201838871,1,317.798398082394,0,-317.798398082394,0
167,169,0.0055021417034534,0.165002419653822,0,36.2425799648876,1,16.6826251117403,0,-16.6826251117403,0
160,170,0.15615012837413,0.804437117192697,0,43.7977605124475,1,0.413354819069756,0,-0.413354819069756,0
169,170,0.0860637349953369,0.799978728415527,0,43.7977605124475,1,-0.413354819069756,0,0.413354819069756,0
164,172,0.111118590780246,0.143419257546731,0,4.01909223747363,1,0.77966426034326,0,-0.77966426034326,0
166,172,0.216253248062929,1.06661202637745,0,43.7977605124475,1,0.631887112405468,0,-0.631887112405468,0
162,173,0.213982858315877,1.24156054109096,0,43.7977605124475,1,0.0,0,0.0,0
121,174,0.0023698561137748,0.220765066705581,0,13.6144272985508,1,-4.19254927562772,0,4.19254927562772,0
123,174,0.0011920330826011,0.0777168220541429,0,782.210538377091,1,-23.6698335391002,0,23.6698335391002,0
164,174,0.0212481183601825,0.263108585794132,0,44.476257215338,1,-6.00918887365251,0,6.00918887365251,0
166,174,0.0155591573049049,0.296158990242366,0,12.5486219054622,1,-3.44041442548229,0,3.44041442548229,0
167,174,0.0215674163895221,0.11754557150089,0,359.07852036521,1,10.8254346887164,0,-10.8254346887164,0
166,175,0.0380055411093544,0.441088252215145,0,7.87711343729328,1,0.873319944602794,0,-0.873319944602794,0
169,175,0.613470188459896,0.0305339052858329,0,2.49135416568357,1,-2.49135416568357,0,2.49135416568357,0
123,176,0.035309382059702,0.0489137094767829,0,259.424569535413,1,-27.0600959850619,0,27.0600959850619,0
126,177,0.00323249922609,0.085910904333484,0,347.79307719882,1,-20.3423614829607,0,20.3423614829607,0
134,177,0.0097338020957853,0.0567502896435412,0,64.2236016304873,1,-13.0141863927231,0,13.0141863927231,0
135,177,0.0054946145316061,0.0098579482762875,0,1246.80345006507,1,194.300260191804,0,-194.300260191804,0
147,177,0.0073244279424602,0.250356073802409,0,92.2364318372645,1,-0.13879812582285,0,0.13879812582285,0
169,177,0.0131313629447428,0.0318342649668171,0,211.652786191292,1,-79.2403908016228,0,79.2403908016228,0
176,177,0.0093383515277544,0.0191051513269506,0,505.768478155372,1,-81.5645233886745,0,81.5645233886745,0
126,178,0.0041030937028605,0.0243171232367425,0,543.42612171009,1,49.8528940919921,0,-49.8528940919921,0
168,178,0.0159603429239458,0.0553996570424969,0,603.184135212643,1,49.1512591112493,0,-49.1512591112493,0
169,178,0.0678902821477517,0.089609833778752,0,131.572683945719,1,4.88060322542122,0,-4.88060322542122,0
176,178,0.0078529393839741,0.160772624293953,0,24.9267917798757,1,8.71794613372198,0,-8.71794613372198,0
125,179,0.000925481013754,0.0169989409515463,0,584.165435368827,1,222.939439925053,0,-222.939439925053,0
127,179,0.0136706735225129,0.0113887623971668,0,235.295432498502,1,50.3684854552892,0,-50.3684854552892,0
169,179,0.0281891696214077,0.0063700450525937,0,282.280443562706,1,93.9471216726952,0,-93.9471216726952,0
171,179,0.0003244463942307,0.0040970759487557,0,2773.53300938563,1,-412.835045474595,0,412.835045474595,0
172,179,0.116422759053181,0.273281548073402,0,2.2368169151716,1,1.41155137274873,0,-1.41155137274873,0
176,179,0.0007764253008709,0.0353805609350818,0,1074.00069727338,1,44.1684470488098,0,-44.1684470488098,0
175,180,0.002656158724682,0.108000208678583,0,43.7977605124475,1,-1.61803422108077,0,1.61803422108077,0
176,180,0.0400965277502816,0.440929011050809,0,2.01182059585339,1,1.61803422108077,0,-1.61803422108077,0
181,184,0.0514745447751854,0.0478478888047456,0,1027.52262945345,1,-19.7661008942968,0,19.7661008942968,0
183,184,0.0106777364907045,0.0404954282478273,0,1184.64472564101,1,19.7661008942969,0,-19.7661008942969,0
182,186,0.0044640842140612,0.0888150399965455,0,1331.80195869575,1,-55.0539245002264,0,55.0539245002264,0
186,188,0.0134818962069642,0.0440007450183692,0,165.251723837393,1,54.6629049678002,0,-54.6629049678002,0
181,190,0.0162748826860745,0.0833260406056397,0,526.29125272712,1,-27.2037670769417,0,27.2037670769417,0
187,190,5.08307901918954e-05,0.0010617284723971,0,1383.72418145309,1,348.107716078689,0,-348.107716078689,0
190,191,0.0002507382123299,0.0076817957312521,0,507.656653848571,1,-270.980236304276,0,270.980236304276,0
187,193,0.0136416291065344,0.0308792441865062,0,122.516628146741,1,52.6888865861631,0,-52.6888865861631,0
188,193,0.0375220179279698,0.149779418916827,0,40.572693709499,1,4.1769555262836,0,-4.1769555262836,0
185,194,0.0022430299391115,0.0013001245980716,0,1718.64768188842,1,-577.054102288136,0,577.054102288136,0
186,196,0.0026638683461002,0.094613500494739,0,49.9002956331066,1,-6.27152135823312,0,6.27152135823312,0
188,196,0.0008036332628252,0.0139770998698048,0,344.009515621403,1,-214.535143950671,0,214.535143950671,0
187,197,0.0009339147412586,0.0152171456524119,0,1997.68055246017,1,-400.796602664853,0,400.796602664853,0
189,197,0.0001090194504324,0.0013977908213043,0,1483.92866227607,1,776.079938646524,0,-776.079938646524,0
188,198,0.0015215501933356,0.0012874649524918,0,2419.27195390149,1,627.731293127221,0,-627.731293127221,0
190,198,0.0004001166233265,0.002432836059572,0,2066.15913136553,1,591.884185306024,0,-591.884185306024,0
196,201,0.0370326962234536,0.236726606207978,0,131.419774072209,1,-12.4589137912219,0,12.4589137912219,0
200,202,0.0089979517229348,0.0308880636335548,0,182.583652316796,1,182.583652316796,0,-182.583652316796,0
195,203,0.0005438557452666,0.0081640221366598,0,649.166896264052,1,-283.458711888513,0,283.458711888513,0
201,203,0.0003418632497868,0.0086357659299524,0,726.534273836697,1,110.205706404721,0,-110.205706404721,0
200,204,0.0175540043864263,0.0376561906718783,0,300.500121693102,1,120.979954944523,0,-120.979954944523,0
202,204,0.0003449992317364,0.0089602547863316,0,503.501864020187,1,-120.979954944522,0,120.979954944522,0
191,205,0.0051484796091828,0.0120206159318168,0,420.049418209778,1,-270.980236304276,0,270.980236304276,0
192,205,0.0611568984940224,0.016823752335018,0,7802.93322256052,1,-58.157931230788,0,58.157931230788,0
201,205,0.0012566964872912,0.0410190300002216,0,914.721517166946,1,-0.555932366670023,0,0.555932366670023,0
196,206,0.0060110941092286,0.0308251292120503,0,787.560084504393,1,-100.707195111291,0,100.707195111291,0
201,206,0.0008710237277364,0.0042224419998034,0,374.216332283043,1,-36.6981768043635,0,36.6981768043635,0
197,207,0.0052779131397488,0.0642672584185984,0,1302.59922219066,1,42.2970167603943,0,-42.2970167603943,0
207,210,0.0001798618841465,0.110771950130601,0,5339.38590018606,1,37.4461656213127,0,-37.4461656213127,0
208,210,0.0126873322450679,0.187130328435549,0,43.5150074565344,1,-6.21062513597671,0,6.21062513597671,0
186,211,0.0223994949519548,0.0199685297271394,0,586.779068006904,1,-103.445308109793,0,103.445308109793,0
205,211,0.0011688504011332,0.0091453893441227,0,193.359092240783,1,164.003959572331,0,-164.003959572331,0
205,214,0.0018159703281216,0.0038427560245789,0,2094.77790543048,1,-437.353719199014,0,437.353719199014,0
209,214,0.0767136845043746,0.122193354068179,0,132.690910028007,1,-10.3617114914869,0,10.3617114914869,0
213,214,0.0061533460879406,0.0215598036429973,0,2222.60006120462,1,-78.4244895761064,0,78.4244895761064,0
210,215,0.0268121070492955,0.0238151685935527,0,2119.86093298451,1,31.2355404853359,0,-31.2355404853359,0
205,217,0.132349395053079,0.0811499172386556,0,869.557241368875,1,41.807573399292,0,-41.807573399292,0
212,217,0.001340871177281,0.0163077953702626,0,1618.00983650685,1,-124.53901915113,0,124.53901915113,0
212,218,0.0040239683536868,0.0244247029274943,0,1577.38376099527,1,125.133641920403,0,-125.133641920403,0
215,218,0.0042969520883927,0.021664753924808,0,310.814937867872,1,92.2892650164884,0,-92.2892650164884,0
216,218,0.0016090820646952,0.0232326602264394,0,746.23270029868,1,184.485521622429,0,-184.485521622429,0
192,219,0.0247115817810307,0.114140565148637,0,748.898496539024,1,20.7503689317604,0,-20.7503689317604,0
217,219,0.0209699487309447,0.0874369325645817,0,80.301019133531,1,-0.52366490567472,0,0.52366490567472,0
215,220,0.0030714301772999,0.0454545167314065,0,61.0537245311526,1,-61.0537245311525,0,61.0537245311525,0
211,221,0.0093174583617656,0.0509283045562852,0,2667.02005997277,1,60.5586514625373,0,-60.5586514625373,0
212,222,0.417675828024716,1.06905134314291,0,3.47185004312878,1,-0.594622769272541,0,0.594622769272541,0
221,222,0.0225091397593912,0.342950509375859,0,5.17264740030764,1,0.594622769272543,0,-0.594622769272543,0
213,223,0.0091438376585681,0.0156711308293563,0,594.454049514101,1,109.361815502438,0,-109.361815502438,0
216,224,0.0081581252204766,0.22457232303974,0,75.136226018869,1,6.14431769057775,0,-6.14431769057775,0
219,224,0.0084044281605564,0.064290855351134,0,1098.58799390713,1,34.6371310144913,0,-34.6371310144913,0
219,225,0.0725663693253667,0.480932366752794,0,43.7977605124475,1,3.95986392618789,0,-3.95986392618789,0
223,226,0.0014197419280876,0.020895212460693,0,215.828033310827,1,48.0289793511473,0,-48.0289793511473,0
217,227,0.0037421620464465,0.0238243128969544,0,622.832235895797,1,-82.2077808461636,0,82.2077808461636,0
226,227,0.0531867366110114,0.383529606188932,0,17.2117187957077,1,-3.37245092502906,0,3.37245092502906,0
220,228,0.0041715459838422,0.0509743398523195,0,2186.39456677435,1,7.03483252807785,0,-7.03483252807785,0
225,228,0.0055398413934135,0.0388454590622123,0,213.504622466208,1,-30.5653749807186,0,30.5653749807186,0
226,228,0.0130044896254247,0.0628633750070948,0,87937.7275054618,1,21.2591540397965,0,-21.2591540397965,0
220,229,0.0710735437165836,0.023234311789853,0,1165.36555470287,1,-68.0885570592304,0,68.0885570592304,0
207,230,0.122496592051715,0.464271732618405,0,20.4785731742253,1,4.85085113908163,0,-4.85085113908163,0
225,230,0.134728660239797,0.546821553031895,0,6.13722366958475,1,-2.57946272623738,0,2.57946272623738,0
228,230,0.0094784102275716,0.0982569912535881,0,13.7902702278705,1,-2.27138841284425,0,2.27138841284425,0
181,231,0.0164484133014345,0.127108352469753,0,7.06892472825398,1,1.9396605414247,0,-1.9396605414247,0
199,231,0.0021601925008115,0.0276306550508191,0,515.630587411226,1,-92.4528961775906,0,92.4528961775906,0
221,231,0.0057680371760379,0.0657178057794839,0,144.836296000155,1,49.7317869310969,0,-49.7317869310969,0
224,231,0.0013210136534761,0.0558721979805845,0,1153.45382050695,1,40.781448705069,0,-40.781448705069,0
208,232,0.0034418592526496,0.0689689970199594,0,246.675302762749,1,-58.7891110213399,0,58.7891110213399,0
225,232,0.0071142838364416,0.274588979025735,0,43.7977605124475,1,-8.7660611728484,0,8.7660611728484,0
229,232,0.162358213252955,0.219906803279034,0,3.27797472557578,1,3.27797472557578,0,-3.27797472557578,0
183,233,0.0090566007343123,0.022520963912052,0,315.612108095306,1,-86.20946320001,0,86.20946320001,0
226,233,0.0084047436061999,0.0394944040767682,0,1273.48356756427,1,30.1422762363798,0,-30.1422762363798,0
227,233,0.0204046739123302,0.0443019553353426,0,92.2916423469699,1,56.0671869636302,0,-56.0671869636302,0
202,234,0.0029074552047432,0.0041380986792561,0,2073.63138596589,1,526.139920266607,0,-526.139920266607,0
214,234,0.0011842167667281,0.0090035750158136,0,1983.90845601513,1,-526.139920266607,0,526.139920266607,0
182,235,0.0068312327505515,0.0067339268538516,0,456.239988971672,1,-215.971729487967,0,215.971729487967,0
205,236,0.006969720203217,0.404017541873165,0,36.5445082910387,1,12.4572639465987,0,-12.4572639465987,0
208,236,0.0011544985685935,0.0157444158734501,0,554.629017289455,1,-118.513718796136,0,118.513718796136,0
235,236,0.0006836062247519,0.0045187603542225,0,1272.2479690147,1,-435.485872129509,0,435.485872129509,0
182,237,0.0260129008461853,0.0202243906632282,0,88.4895439263435,1,-77.9847049101363,0,77.9847049101363,0
183,237,0.0301991176927788,0.0130591081168399,0,79.5857010719572,1,77.9847049101361,0,-77.9847049101361,0
183,238,0.0071143300325257,0.0840099702664611,0,179.448921952613,1,-25.9929374533544,0,25.9929374533544,0
185,238,0.0002756602624074,0.0067410119519073,0,1992.96146248683,1,349.602739260911,0,-349.602739260911,0
188,238,0.0005146587934301,0.0070914470374929,0,1730.52043891629,1,-323.609801807557,0,323.609801807557,0
185,239,0.0012878118349126,0.0091928738681727,0,2175.19662714275,1,227.451363027225,0,-227.451363027225,0
232,239,0.200564188059527,1.2663697425205,0,2.02789183535189,1,0.446849419578561,0,-0.446849419578561,0
235,239,0.0154851876783342,0.0517305135809201,0,942.08001661782,1,-69.4111890300554,0,69.4111890300554,0
181,240,0.0018535922555886,0.0690802904978092,0,2271.00305691003,1,-39.1353997958803,0,39.1353997958803,0
188,240,0.0099712894423717,0.0273265182152037,0,130.155496762002,1,-39.1003979274767,0,39.1003979274767,0
239,240,0.0028738260805116,0.0190721975091925,0,516.35636247565,1,78.235797723357,0,-78.235797723357,0
243,244,0.0003450144928145,0.0160967908537158,0,155.585766502338,1,131.121501289773,0,-131.121501289773,0
243,245,0.0004797432143792,0.0092393749672402,0,370.928826550601,1,-249.953761360151,0,249.953761360151,0
241,246,0.0020639374127014,0.0095717970007282,0,304.684144299675,1,210.527953602799,0,-210.527953602799,0
242,247,0.0003196810526078,0.004784124205657,0,586.579592921234,1,-330.173058716711,0,330.173058716711,0
244,247,0.0152161617891652,0.0139565493292046,0,509.28261453044,1,87.5133195999874,0,-87.5133195999874,0
241,250,0.0001478013389811,0.00952170708154,0,409.330274650177,1,205.657448870904,0,-205.657448870904,0
243,250,0.0047560850385233,0.0156319761359092,0,928.951038057156,1,-149.70747283617,0,149.70747283617,0
250,251,0.0004759985925918,0.0061033756661883,0,2966.01904967326,1,-208.660242244293,0,208.660242244293,0
244,252,0.0051829888353647,0.0326802237798595,0,293.171582054257,1,-66.6108914475112,0,66.6108914475112,0
246,252,0.0042015505317436,0.021478770232392,0,793.547529880422,1,103.221893766787,0,-103.221893766787,0
246,254,0.0004228207557607,0.022837651410352,0,1435.35806140761,1,107.306059836011,0,-107.306059836011,0
250,254,0.0030192713904303,0.0194646016117497,0,269.605066573888,1,128.825613097507,0,-128.825613097507,0
253,255,0.0333948839352037,0.172257506173224,0,68.0505894531892,1,-68.0505894531892,0,68.0505894531892,0
248,256,0.0061005696353608,0.0292167802970413,0,57.526232127354,1,0.0,0,0.0,0
251,257,0.0025054870196732,0.0118300764743573,0,1453.77864897898,1,-168.923447066886,0,168.923447066886,0
256,257,0.0154312286290042,0.0505893167469272,0,51.6890130840967,1,0.0,0,0.0,0
252,258,0.117615662334358,0.0736261578925726,0,117.00973738112,1,-9.45893051269269,0,9.45893051269269,0
249,259,0.0014450552190395,0.0042627022595912,0,1028.72628716691,1,277.410611603091,0,-277.410611603091,0
254,259,0.0030828250137073,0.0493815352189374,0,14.4651186062872,1,0.969280545854412,0,-0.969280545854412,0
250,260,0.000479676246838,0.0174076331803361,0,343.883560032729,1,135.784605181519,0,-135.784605181519,0
249,261,0.011530066414295,0.0011407068699078,0,208.055287613013,1,208.055287613011,0,-208.055287613011,0
253,261,0.0010630270575598,0.0268904239216489,0,667.930262337772,1,-87.0257413531533,0,87.0257413531533,0
252,262,0.001166373754613,0.0496920227899387,0,50.7839783621897,1,46.0699328319684,0,-46.0699328319684,0
259,262,0.180670278434287,0.180243576868898,0,187.890942475485,1,11.1399505940867,0,-11.1399505940867,0
242,263,0.0060677733024222,0.0078999036046162,0,714.548722102022,1,-267.239941554859,0,267.239941554859,0
259,263,0.0026669638737239,0.0096739219417513,0,742.938566885805,1,267.239941554859,0,-267.239941554859,0
258,264,0.0066463618302292,0.138031445165642,0,97.9521522756007,1,-9.45893051269268,0,9.45893051269268,0
260,264,0.0098232723447389,0.15768851319958,0,196.071081174892,1,-13.2650307188296,0,13.2650307188296,0
261,264,0.033987590964711,0.167401349666962,0,50.5706986522286,1,-7.99437655941863,0,7.99437655941863,0
261,265,0.012645240566214,0.0607795965192114,0,41.3499151476803,1,-5.27362204246151,0,5.27362204246151,0
262,267,0.0287773117952323,0.0561580484725236,0,168.874872593666,1,58.9900239974515,0,-58.9900239974515,0
253,268,0.609450690589438,0.798790397442347,0,43.7977605124475,1,0.827992779169942,0,-0.827992779169942,0
260,268,0.0015349169601688,0.02040119373265,0,813.824405389702,1,110.193464259418,0,-110.193464259418,0
261,269,0.0006251581948827,0.0080783671554985,0,4081.81578328796,1,-592.025792539751,0,592.025792539751,0
266,269,0.000452478162377,0.153653117852213,0,284.189353330178,1,-11.5366486820493,0,11.5366486820493,0
265,271,1.22160976358455,0.975621450966723,0,43.7977605124475,1,0.0,0,0.0,0
262,272,0.0247351769663585,0.170348621784851,0,11.4608143867841,1,-1.78014057139643,0,1.78014057139643,0
268,272,0.0652878365281743,0.0270551271622538,0,358.155783880617,1,-12.9994940630223,0,12.9994940630223,0
249,273,0.103176466268225,0.0892113996421967,0,129.628345461248,1,-12.8045771943998,0,12.8045771943998,0
251,273,0.0019216611557105,0.0174990457375373,0,739.94198677483,1,85.9534040349871,0,-85.9534040349871,0
266,273,0.0536407212324998,0.141316197952321,0,325.393281787644,1,11.5366486820493,0,-11.5366486820493,0
264,274,0.0016503413683712,0.0603311090448898,0,1697.45998050907,1,-30.7183377909408,0,30.7183377909408,0
269,274,0.0212685871873297,0.0776654030465765,0,4823.37767999936,1,20.4860960287731,0,-20.4860960287731,0
268,275,0.0305237161201351,0.277179013366261,0,18.6746760151081,1,-7.03646101317895,0,7.03646101317895,0
249,276,0.0053294791857405,0.0005687376265688,0,625.62339768813,1,-474.411292759598,0,474.411292759598,0
265,276,0.0131662125349197,0.0444320488920338,0,34.352809241253,1,-4.20005453901511,0,4.20005453901511,0
270,276,0.0010459562446298,0.0009234733371761,0,2063.77197835675,1,721.106570093912,0,-721.106570093912,0
273,276,0.0367329263435222,0.172794375316398,0,22.2815710172202,1,5.04934665309456,0,-5.04934665309456,0
272,279,0.0021673396496138,0.0497426091422207,0,2175.28163975699,1,-29.7430496785524,0,29.7430496785524,0
277,279,0.0116362876145096,0.0534076889891938,0,206.393425775366,1,45.8707628059923,0,-45.8707628059923,0
254,280,0.0017831773688887,0.0129148875957738,0,503.824701727813,1,235.162392387665,0,-235.162392387665,0
272,280,0.0011177635684036,0.0968413980912944,0,444.969701368169,1,13.2646913411608,0,-13.2646913411608,0
275,281,0.0070559429911803,0.0255709866523591,0,223.926813439452,1,102.965464524339,0,-102.965464524339,0
275,282,0.0073392682090478,0.029874536021656,0,1313.73457853089,1,36.3227114711615,0,-36.3227114711615,0
276,282,0.0013525052603907,0.0104185891259701,0,912.343800830879,1,253.725548235127,0,-253.725548235127,0
278,282,0.0404724784925786,0.162790289148712,0,3295.45561958834,1,28.790729434298,0,-28.790729434298,0
280,282,0.003863073289255,0.0056395344359478,0,954.238262289539,1,-318.838989140587,0,318.838989140587,0
273,283,0.0011726412072814,0.0235998616454491,0,717.089873101865,1,78.9964803841925,0,-78.9964803841925,0
247,284,0.0182964515799073,0.0123972412328588,0,262.116738631271,1,-143.896538954516,0,143.896538954516,0
281,284,0.0006439965790575,0.0298802782035836,0,107.878523815094,1,-47.0548874335089,0,47.0548874335089,0
280,285,0.0017972920764737,0.0011214108881174,0,1622.07941519041,1,567.26607286941,0,-567.26607286941,0
281,285,0.0012845250861969,0.0366973378287534,0,138.708450361248,1,24.1553609893082,0,-24.1553609893082,0
247,286,0.00035565212758,0.017181094601577,0,1061.16079933294,1,-98.7632001622071,0,98.7632001622071,0
279,286,0.001607383075216,0.0211343096401549,0,489.952654201415,1,56.5344300998697,0,-56.5344300998697,0
283,287,0.006711431932924,0.0012708029843538,0,724.24561440352,1,297.493558537217,0,-297.493558537217,0
278,288,0.0136437992222043,0.0049396644662272,0,554.731371513849,1,164.12770993874,0,-164.12770993874,0
289,290,0.0012236333456444,0.0137606763628477,0,328.072438423117,1,76.4595667604459,0,-76.4595667604459,0
286,291,0.0733404351157521,0.0004816346126224,0,1727.47786979925,1,-42.2287700623372,0,42.2287700623372,0
288,291,0.0709153156724879,0.096726188558647,0,1245.15932062684,1,42.2287700623398,0,-42.2287700623398,0
287,292,0.0001647973976723,0.006804246191179,0,753.329668904311,1,297.493558537215,0,-297.493558537215,0
243,293,0.0391860931273184,0.0062515915567927,0,613.048271293974,1,89.7877972799233,0,-89.7877972799233,0
283,293,0.0505138150668722,0.0561147466537245,0,52.7812624929579,1,14.3752509846194,0,-14.3752509846194,0
289,293,0.0153688830792507,0.0369907148686194,0,306.274663484589,1,-71.8942400912412,0,71.8942400912412,0
288,294,0.0024851376953341,0.0171049715925707,0,1660.98950074147,1,128.83005905303,0,-128.83005905303,0
292,294,0.0002705788467739,0.0071657714177776,0,977.42567982729,1,-338.149362392052,0,338.149362392052,0
276,295,0.0038195900140624,0.126238100195739,0,12.006155959073,1,-6.18097878673306,0,6.18097878673306,0
283,295,0.0031718015623166,0.0101586212306025,0,1454.77364220335,1,-174.441224456323,0,174.441224456323,0
243,296,0.0388096086503933,0.101498397542919,0,1647.69830631978,1,16.3420355464919,0,-16.3420355464919,0
284,296,0.0711237315974993,0.0130166266304242,0,8.49614766133826,1,8.49614766133833,0,-8.49614766133833,0
289,296,0.0646860408305305,0.342154168565362,0,12.4687013872958,1,-4.56532666920468,0,4.56532666920468,0
243,298,0.0628287465220448,0.0984579256848631,0,364.358266194977,1,-24.940271690699,0,24.940271690699,0
288,298,0.016752416070582,0.19415987418992,0,3.59685024569225,1,0.0733412958336621,0,-0.0733412958336621,0
294,298,0.003364474348945,0.0058385642972328,0,1316.02108415355,1,-374.988516378412,0,374.988516378412,0
296,298,0.0012091564193205,0.0104180259077308,0,2747.70359907226,1,-394.917220755657,0,394.917220755657,0
297,298,0.0001431565240308,0.001322669515978,0,2014.55292718089,1,794.772667528935,0,-794.772667528935,0
245,299,0.0216421587946355,1.48817788756171,0,43.7977605124475,1,0.433919018096701,0,-0.433919018096701,0
265,299,0.662302630426823,0.571115114828422,0,43.7977605124475,1,-1.07356750344642,0,1.07356750344642,0
273,299,0.336133760105212,0.697234671091967,0,43.7977605124475,1,0.63964848534972,0,-0.63964848534972,0
249,300,0.0153436913583762,0.175418266125918,0,270.150599966533,1,1.74997073789624,0,-1.74997073789624,0
284,300,0.0103419569885788,0.0151034383678443,0,859.379817744899,1,-146.222405664636,0,146.222405664636,0
296,300,0.0065229697211055,0.0190493847464736,0,557.194376899231,1,-121.738959274664,0,121.738959274664,0
11,77,0.0030597866850993,0.0116290573601941,0,468.923522935974,1,-104.470099613605,0,104.470099613605,0
21,103,0.0027426539241749,0.0029943957666731,0,956.967977374266,1,-450.634684658865,0,450.634684658865,0
23,120,0.0004172900601199,0.0038973839061658,0,1431.10652820898,1,596.604225101206,0,-596.604225101206,0
20,76,0.0006436636151156,0.006074258852007,0,1080.0659277445,1,-361.148155509548,0,361.148155509548,0
93,148,0.0007676996764657,0.0014929082744968,0,1380.4257673656,1,434.800161299392,0,-434.800161299392,0
81,164,0.0009982191736691,0.0057756350969749,0,922.966739874648,1,80.9759052657847,0,-80.9759052657847,0
103,122,0.01160664618335,0.0221160661114385,0,314.870313675452,1,-56.6715420720461,0,56.6715420720461,0
68,151,0.0023239754522844,0.0122774004837388,0,4130.50273679739,1,156.126021120512,0,-156.126021120512,0
121,213,0.0013415982859143,0.0146479635952185,0,2679.10622993121,1,30.9373259263314,0,-30.9373259263314,0
145,206,0.0003963222783985,0.0044796880305467,0,1409.87134234351,1,137.405371915654,0,-137.405371915654,0
164,236,0.000769791312129,0.0089013323970585,0,5023.47444335338,1,541.542326979046,0,-541.542326979046,0
123,223,0.0074885354019215,0.0079049488752263,0,651.282508515711,1,158.510363753874,0,-158.510363753874,0
208,300,0.0021441197481536,0.0081732322032753,0,1723.29609071031,1,266.211394201404,0,-266.211394201404,0
225,277,0.0047674692938675,0.0539390093389715,0,226.898237381344,1,45.8707628059923,0,-45.8707628059923,0
221,274,0.0245613454081147,0.120156749931438,0,460.829054477573,1,10.2322417621678,0,-10.2322417621678,0
192,295,0.016465090542875,0.180155763257016,0,273.580955532614,1,37.4075622990275,0,-37.4075622990275,0
269,18,2.13516332682268e-05,0.0018125567219394,0,1099.36716596628,1,-624.048537250573,0,624.048537250573,0
295,56,0.0008431252168615,0.0152917812735952,0,600.595560190759,1,-143.214640944028,0,143.214640944028,0
241,20,0.0006062908394093,0.0015048569699657,0,1024.08890191645,1,-690.516229213113,0,690.516229213113,0
257,45,0.0083675609835256,0.0150287405947404,0,356.83667201523,1,-168.923447066886,0,168.923447066886,0
