from_bus,to_bus,resistance,reactance,susceptance,line_rating,line_status,P_from,Q_from,P_to,Q_to
1,3,0.0013669689942924,0.0400374921951444,0,552.377546498995,1,15.5052412375581,0,-15.5052412375581,0
2,6,0.0001694656882774,0.0098540609154275,0,581.255534998115,1,400.354327671068,0,-400.354327671068,0
5,6,0.0072373767786675,0.0023286887528455,0,2468.54910276427,1,-621.95749145164,0,621.95749145164,0
5,7,0.0049036176697876,0.0179652333625734,0,1010.171467638,1,-101.611933685504,0,101.611933685504,0
7,8,0.0037564831963237,0.0400238362693127,0,815.435566158275,1,-19.1620185168268,0,19.1620185168268,0
5,9,0.0002788407349014,0.0181842784507144,0,287.87933291722,1,-114.985945629996,0,114.985945629996,0
1,10,0.0029469787102592,0.0121752467693702,0,715.784123947643,1,89.2901053955185,0,-89.2901053955185,0
3,10,0.0052561070182515,0.0858009949928263,0,79.0913049361155,1,5.43511287089317,0,-5.43511287089317,0
7,10,0.0191422355825619,0.0144277934962192,0,618.407173646002,1,-82.8974829317246,0,82.8974829317246,0
9,10,0.0026714308651126,0.078677226585723,0,296.787879582527,1,-11.827735334687,0,11.827735334687,0
6,11,0.246967885182315,0.612325991296712,0,3.1053016271347,1,-0.447567763047718,0,0.447567763047718,0
7,11,0.0319120011227981,0.230309955990513,0,3.38835489166999,1,0.447567763047717,0,-0.447567763047717,0
3,12,0.0017270970918855,0.0031891283312733,0,1228.50608384849,1,-513.175401673571,0,513.175401673571,0
4,12,0.511811523261956,1.15753682700593,0,3.78691081971679,1,-0.993403338998559,0,0.993403338998559,0
9,13,0.0016301358444445,0.0101254567542715,0,217.107397808532,1,129.216669850654,0,-129.216669850654,0
13,14,0.0027308953495567,0.0296911596061369,0,142.538245820838,1,10.6482350840737,0,-10.6482350840737,0
5,15,0.0005079123894831,0.0011040369647227,0,2616.79823969794,1,699.010791358325,0,-699.010791358325,0
13,16,0.0082887056345017,0.05693855842265,0,570.036995896552,1,18.0482675493261,0,-18.0482675493261,0
8,18,0.0059658530010069,0.0649792678245943,0,1843.04661716992,1,-18.8753792735178,0,18.8753792735178,0
18,19,0.533095814548665,0.0096712875129911,0,164.787882426783,1,43.9649474051025,0,-43.9649474051025,0
17,20,0.0010996775836521,0.0042088433395656,0,648.858085363114,1,-477.476375052029,0,477.476375052029,0
18,20,0.0008213120216194,0.0088719004159848,0,301.738546155236,1,-162.044605669553,0,162.044605669553,0
17,21,0.0006773438926576,0.0017838682873045,0,1764.51243732499,1,583.174767597066,0,-583.174767597066,0
13,22,8.35379024288753e-05,0.0012568466389754,0,1971.75333906984,1,-849.066255666801,0,849.066255666801,0
19,22,3.91593493918414e-05,0.0022875500246176,0,4763.02642577357,1,674.9690865671,0,-674.9690865671,0
13,23,0.0031947445564528,0.0123207007580937,0,384.032852517136,1,-148.311802905659,0,148.311802905659,0
18,23,9.93101956525423e-05,0.0086610044935754,0,338.543707060118,1,139.598579534997,0,-139.598579534997,0
14,24,0.0025404961794203,0.0114628893477053,0,407.794122678353,1,-132.380492304486,0,132.380492304486,0
19,24,0.0050293212031853,0.0106501124756063,0,376.597963945182,1,132.380492304486,0,-132.380492304486,0
17,25,0.0106712114613606,0.002608371484696,0,715.40969120665,1,-105.698392545037,0,105.698392545037,0
22,25,0.0040937283944853,0.0086167322528439,0,219.652963682643,1,-194.150655370737,0,194.150655370737,0
18,28,0.0127132254233393,0.0584543305477311,0,200.041810876289,1,0.419812221342367,0,-0.419812221342367,0
27,28,0.0020212176224413,0.0088132010826799,0,193.405371976354,1,-193.405371976683,0,193.405371976683,0
4,29,7.38192390277853e-05,0.0002775055799292,0,3348.25302307358,1,-1435.15954304908,0,1435.15954304908,0
19,29,0.0003235889176738,0.0012825300533659,0,1600.90106194907,1,-763.384631413752,0,763.384631413752,0
26,29,3.8513536645855e-05,0.0001171480164652,0,5568.93920414401,1,2741.68640040554,0,-2741.68640040554,0
27,30,0.0011848797348974,0.0036994476282973,0,770.115988818619,1,-440.470438017069,0,440.470438017069,0
4,31,0.0003226250152685,0.0002648946183454,0,2147.20068051356,1,1156.96607341394,0,-1156.96607341394,0
22,32,0.534564248894865,1.56453550256317,0,70.6526078443519,1,0.0,0,0.0,0
27,33,0.0010931553828582,0.0033899500228174,0,449.588820391462,1,399.344994959254,0,-399.344994959254,0
27,34,0.0090782212610784,0.0035113975482484,0,474.250064419679,1,234.530815034497,0,-234.530815034497,0
34,36,0.440196759790525,1.2515624910296,0,70.6526078443519,1,0.0,0,0.0,0
35,37,0.0304821685977194,0.012374918366783,0,261.299368459817,1,67.1868775745501,0,-67.1868775745501,0
37,38,0.0074880698009409,0.0572254451184033,0,225.14539680147,1,7.71953260359698,0,-7.71953260359698,0
30,40,2.88663385675711e-05,0.0023541967439091,0,808.634988249046,1,-448.998642060206,0,448.998642060206,0
39,40,0.0071161530236297,0.0182294236414306,0,285.192246828281,1,-145.404081544081,0,145.404081544081,0
6,41,0.0011276399507747,0.0407891343244204,0,23411.0443095117,1,-21.329937505269,0,21.329937505269,0
38,41,0.0175716128158333,0.0338464959638313,0,242.441036235809,1,-1.47636475499258,0,1.47636475499258,0
36,42,0.0352949039496115,0.507601171117677,0,70.6526078443519,1,0.0,0,0.0,0
16,43,0.000223090500016,0.0040052849184723,0,2199.06394467831,1,-348.560577336165,0,348.560577336165,0
22,43,0.0217127103872919,0.0348420206324859,0,1738.79138210763,1,20.0534862710354,0,-20.0534862710354,0
38,43,0.0030536815633228,0.0603010968950033,0,580.208024984924,1,18.5304189624542,0,-18.5304189624542,0
39,43,0.0090602170607452,0.0064852036134665,0,342.30531710321,1,150.305652474074,0,-150.305652474074,0
34,44,0.0007293620322514,0.0112010093844786,0,911.262215884026,1,-122.926845824425,0,122.926845824425,0
8,45,0.0047481400616969,0.0469704074693107,0,76.7284288582057,1,-30.5728853212418,0,30.5728853212418,0
23,45,0.129079527342296,0.162807312546614,0,8.71322337045379,1,-8.71322337066234,0,8.71322337066234,0
37,45,0.0101410683509449,0.0094925396160637,0,159.428684799687,1,-138.875528616025,0,138.875528616025,0
38,46,0.0236273814653449,0.200994654703912,0,286.933051294154,1,-9.33452160386464,0,9.33452160386464,0
39,47,0.0108967430256712,0.119004466470922,0,92.2407613038912,1,-4.90157092999331,0,4.90157092999331,0
31,50,8.01673779408311e-05,0.0005830626660994,0,2619.4190207014,1,1156.96607341394,0,-1156.96607341394,0
41,50,0.0038574677897828,0.0296013050774508,0,33.9846622558828,1,-22.8063022602616,0,22.8063022602616,0
44,50,0.0003607433956952,0.0153201374650507,0,55.4916719750982,1,-22.8607573657368,0,22.8607573657368,0
46,50,0.0003578990544254,0.0043744037996393,0,784.569561150468,1,263.149657577185,0,-263.149657577185,0
46,51,1.87330611324127e-06,0.0033370411943965,0,725.899886895001,1,-431.6918831328,0,431.6918831328,0
1,52,0.0133368072631155,0.0121748612051631,0,1511.40486404009,1,99.916891084832,0,-99.916891084832,0
44,52,0.0130007974738298,0.0024875878495347,0,1762.39393556259,1,-100.066088458688,0,100.066088458688,0
47,53,0.0600166520309805,0.106251194912433,0,96.3818920520163,1,-4.90157092999331,0,4.90157092999331,0
49,53,0.0012030289824266,0.12280675370022,0,99.7906399388231,1,4.90157092999331,0,-4.90157092999331,0
8,54,0.003614987051039,0.0075594962213317,0,465.128016659528,1,214.445230181121,0,-214.445230181121,0
1,55,0.0058196696736871,0.0009325041821375,0,1301.46849473295,1,-84.3930882100615,0,84.3930882100615,0
25,55,0.0024508172131871,0.0036416296919466,0,797.418011813511,1,-182.524573573088,0,182.524573573088,0
29,55,7.89008855919436e-06,0.0003414541409074,0,1210.27947692563,1,543.142225448587,0,-543.142225448587,0
5,56,0.0004490459471179,0.0446839016492863,0,86.869250891255,1,-35.6816082094592,0,35.6816082094592,0
16,56,0.0048915583515154,0.0136991697589643,0,451.995441903556,1,-134.276543018257,0,134.276543018257,0
46,56,0.0019906215935017,0.0160180741181494,0,1790.35854795184,1,159.20770395175,0,-159.20770395175,0
48,56,0.0009955383308319,0.0321601887933662,0,478.255571502259,1,10.7504472759667,0,-10.7504472759667,0
48,57,0.0009935777102448,0.0121690837201965,0,211.031583854181,1,-120.123616562803,0,120.123616562803,0
49,58,0.0223981377761414,0.0709032136911204,0,82.3883248574203,1,-4.90157092999331,0,4.90157092999331,0
51,58,0.0084347882606458,0.0449035878286154,0,3170.9867087894,1,31.3074009008725,0,-31.3074009008725,0
55,58,0.0080521074136027,6.63015892043168e-05,0,582.341352731783,1,120.398258386274,0,-120.398258386274,0
57,58,0.014811600060959,0.0062077139079551,0,314.723910299123,1,-125.235960312585,0,125.235960312585,0
4,59,2.55357369587516e-05,0.00611677509321,0,422.526407128386,1,181.484503202576,0,-181.484503202576,0
8,59,0.0014639451061337,0.0014770375790732,0,549.704941782435,1,-184.158984103187,0,184.158984103187,0
2,60,0.0017881895637732,0.0114837612000114,0,330.387206567649,1,205.56863437104,0,-205.56863437104,0
9,60,0.0002388441582794,0.0040530361394552,0,725.410625057545,1,-232.374880145963,0,232.374880145963,0
52,60,0.868513512303541,0.942346264762149,0,70.6526078443519,1,-0.149197373856241,0,0.149197373856241,0
57,60,0.0030267214954564,0.0722103227666636,0,136.456637627559,1,5.11234374978163,0,-5.11234374978163,0
58,60,0.0043360679762128,0.0152501421331292,0,687.496212247374,1,75.18572580275,0,-75.18572580275,0
59,60,0.0084959106140361,0.0629396558844128,0,30.4653715946662,1,-2.67448090061181,0,2.67448090061181,0
65,66,0.0002716814510771,0.0344581893768598,0,300.226836241239,1,-74.3670241134035,0,74.3670241134035,0
66,68,0.0097838685400415,0.0342028365897523,0,91.009091172241,1,43.0737986114847,0,-43.0737986114847,0
64,69,0.0007540437672014,0.009051204359719,0,502.9151940561,1,-209.570101464073,0,209.570101464073,0
65,69,0.0076652075772901,0.0093690113211265,0,445.184860244976,1,-406.650346478268,0,406.650346478268,0
64,70,0.0115861867014564,0.0047993135562027,0,410.729291286154,1,208.474422677398,0,-208.474422677398,0
66,70,0.045316516199538,0.0815002723985268,0,594.906663081324,1,20.2457880293369,0,-20.2457880293369,0
68,70,0.0125943017198345,0.0961069093087419,0,2.74586458364799,1,1.83952585071005,0,-1.83952585071005,0
62,71,0.0006757029054501,0.0059698924113834,0,1051.99437887358,1,-268.152565229082,0,268.152565229082,0
63,71,7.26133227006959e-05,0.0059834803370726,0,845.61619307148,1,268.152565229081,0,-268.152565229081,0
70,72,0.0050828824126685,0.0566307048493887,0,388.34951673718,1,-17.6871464938931,0,17.6871464938931,0
70,73,0.0389375491468041,1.76631650710357,0,70.6526078443519,1,8.67361737988404e-17,0,-8.67361737988404e-17,0
65,75,0.0057171862849671,0.0215895221428528,0,97.4945166251419,1,52.3210310571532,0,-52.3210310571532,0
76,77,0.0012886066269985,0.0022969769943576,0,2293.98281799974,1,486.104143841031,0,-486.104143841031,0
61,78,0.0017143800778174,0.0354733564182951,0,33.5052607976738,1,21.8934072740898,0,-21.8934072740898,0
75,78,0.0045435120311465,0.0155220652680259,0,1781.31389888906,1,-72.6077627029485,0,72.6077627029485,0
73,79,0.738536342096366,1.39596667529337,0,70.6526078443519,1,0.0,0,0.0,0
72,80,0.0365526437580429,0.0344366986304133,0,1105.44214931288,1,-25.9246819142536,0,25.9246819142536,0
72,81,0.0033664143451538,0.338397760764554,0,37.3555862758747,1,8.23753542036055,0,-8.23753542036055,0
75,81,0.0023677482232825,0.0012170804916858,0,5442.5412804324,1,-210.482259414639,0,210.482259414639,0
74,83,0.0010822825154243,0.0041820294307296,0,353.84834048674,1,100.233369487427,0,-100.233369487427,0
75,83,0.0003354364108078,0.0013155887801259,0,486.165975317701,1,335.41105317474,0,-335.41105317474,0
77,83,0.0001247332184437,0.003254910074512,0,1557.13234441823,1,-442.571014208265,0,442.571014208265,0
65,84,0.0001730377517326,0.0005634010986813,0,2520.88357883106,1,1141.92373679154,0,-1141.92373679154,0
74,84,7.39008210899152e-05,0.0003727463569089,0,1577.73336755227,1,-1363.68626642301,0,1363.68626642301,0
78,87,0.0003591582769704,0.0136683566971198,0,1419.35789087861,1,-177.204031377851,0,177.204031377851,0
80,87,0.304286500178221,0.250682769285163,0,70.6526078443519,1,1.54532962454016,0,-1.54532962454016,0
80,88,0.0004719153524281,0.0030308414951627,0,2892.85226632009,1,-271.377868367849,0,271.377868367849,0
82,88,5.55263296618172e-05,0.0003562157607087,0,2974.19238708905,1,1145.01029811969,0,-1145.01029811969,0
85,88,0.001154750865317,0.019590838963886,0,359.639943989565,1,-115.837225146138,0,115.837225146138,0
87,88,0.0003624171882486,0.0015965933892201,0,766.201721444058,1,-757.795204605699,0,757.795204605699,0
68,89,0.0172555384898216,0.0212026258301205,0,104.661451654799,1,41.2342727607747,0,-41.2342727607747,0
84,89,0.0022927666868892,0.0197129656077641,0,1444.05880495038,1,-43.5445966557843,0,43.5445966557843,0
80,90,0.001733619209496,0.0053893917601742,0,637.839307044281,1,352.134183472266,0,-352.134183472266,0
86,92,6.55827746863426e-05,0.0013742820103227,0,2389.97146658065,1,651.020080898726,0,-651.020080898726,0
84,93,0.0006094482982593,0.0317335128069005,0,72.13520767828,1,-26.46165790148,0,26.46165790148,0
90,93,0.00098550487966,0.0045914544925718,0,430.659431213807,1,155.236745601121,0,-155.236745601121,0
91,93,0.0017603213970474,0.0053043413533683,0,1424.56778435061,1,347.436001318985,0,-347.436001318985,0
64,94,0.0100562858499595,0.0866259651755919,0,32.407633831669,1,-3.74676821692481,0,3.74676821692481,0
66,94,0.0106538337242677,0.0867242606277246,0,38.1999251198846,1,3.74676821692481,0,-3.74676821692481,0
69,95,0.0008625152235574,0.0047422891682946,0,607.903107164147,1,-413.566010872076,0,413.566010872076,0
90,96,0.0005431431252092,0.0008442869180195,0,3404.07361617895,1,-885.858809640073,0,885.858809640073,0
84,97,9.72625084408331e-05,0.0013203381351523,0,1038.85516589828,1,-805.953241593154,0,805.953241593154,0
87,97,0.0002357875562522,0.0034334809108089,0,1534.48356656677,1,582.136502852389,0,-582.136502852389,0
91,97,0.0229652895503528,0.0756483829769245,0,79.8287960536738,1,21.3951659723147,0,-21.3951659723147,0
89,98,0.0012805430944511,0.0295147100133047,0,1188.02436142886,1,-0.891519778770668,0,0.891519778770668,0
90,98,0.0001398030971694,0.000656759743496,0,1370.83916273333,1,1016.7762800675,0,-1016.7762800675,0
92,99,0.0005864110359199,0.0008326881559586,0,2703.94418012629,1,884.150820711803,0,-884.150820711803,0
96,99,0.0006718923420493,0.0006194629662244,0,5196.4504897212,1,-885.858809640073,0,885.858809640073,0
91,101,0.006315707788718,0.0095002401510994,0,1599.64511537264,1,-368.8311672913,0,368.8311672913,0
97,104,0.000243554265262,0.0086877806954027,0,697.770387413536,1,-445.293814568075,0,445.293814568075,0
70,105,0.0024927629734321,0.0137588018356168,0,254.661057000461,1,133.572060592302,0,-133.572060592302,0
78,105,0.0118730148899662,0.0072947623405439,0,526.115173004744,1,126.489675948992,0,-126.489675948992,0
100,105,0.0542341978925846,0.0628105295536173,0,164.836189257696,1,11.0437406628643,0,-11.0437406628643,0
102,105,0.0011084784634031,0.0056645123390224,0,1101.24148277568,1,-271.105477204159,0,271.105477204159,0
97,106,0.017686566161276,0.226935652426344,0,10.8286803429614,1,-5.71824053156422,0,5.71824053156422,0
100,106,0.0029174943849674,0.0080204915437112,0,323.251516525322,1,-243.134089654967,0,243.134089654967,0
101,106,0.0039612181144858,0.0249202268530864,0,581.378786676308,1,153.482620788069,0,-153.482620788069,0
66,107,0.0023208914271196,0.005679834035902,0,407.230280501964,1,-141.43337897115,0,141.43337897115,0
85,107,1.23904134769141,1.3486673600578,0,4.15158599577617,1,-1.48724919654765,0,1.48724919654765,0
95,107,0.0026008595637,0.0290646362620309,0,726.476576021283,1,82.7565902410577,0,-82.7565902410577,0
103,109,0.0244654788329987,0.0406941911017668,0,975.64730232235,1,9.67469451849377,0,-9.67469451849377,0
100,110,0.0001530527269644,0.0092847218005037,0,1022.57401039832,1,-88.3971456648139,0,88.3971456648139,0
103,112,0.0288727925508632,0.049555892272245,0,1023.24410540572,1,-9.67469451849375,0,9.67469451849375,0
104,112,0.0044879145016565,0.0351683833243697,0,850.536810795316,1,16.8624145273968,0,-16.8624145273968,0
107,112,0.0345779813854433,0.090389966413151,0,33.8769069700786,1,-3.65626577094474,0,3.65626577094474,0
108,112,0.0867088176376844,1.89069223594995,0,3.8307623214157,1,-0.899035025455695,0,0.899035025455695,0
111,112,0.0104608732061542,0.419246084581391,0,22.9870035288581,1,-2.63241921250256,0,2.63241921250256,0
63,115,0.0010538747293106,0.0058550740260585,0,933.680442862723,1,-268.152565229082,0,268.152565229082,0
64,115,0.0358726262679929,0.238697214164793,0,80.3543765315442,1,4.84244700360062,0,-4.84244700360062,0
111,115,0.0005054138574167,0.0085582475455031,0,528.06974566152,1,214.478271198044,0,-214.478271198044,0
92,116,7.53290117506728e-05,0.0060402909108558,0,477.210011044841,1,76.1196718900063,0,-76.1196718900063,0
99,116,0.0305281215553323,0.161849383013039,0,10.8370004543143,1,-1.70798892826826,0,1.70798892826826,0
109,116,0.0325305452899865,0.0352448817234018,0,801.065523276972,1,9.67469451849378,0,-9.67469451849378,0
113,116,0.0007086069234652,0.006332767028014,0,2246.58880436793,1,-110.290552938904,0,110.290552938904,0
114,116,0.0425782656208313,0.084987264987112,0,6.39080114943915,1,-3.5116043691256,0,3.5116043691256,0
61,117,0.0050817634899477,0.01866189762906,0,27.7787149072642,1,-21.8934072740898,0,21.8934072740898,0
110,117,0.0064271933074645,0.006714144219454,0,1890.25731102552,1,-88.3971456648139,0,88.3971456648139,0
113,117,0.003679069751871,0.0054505982450979,0,1538.26585437976,1,110.290552938904,0,-110.290552938904,0
65,118,0.0001151539026619,0.0018193386352145,0,1658.44272105029,1,-713.227397257019,0,713.227397257019,0
67,118,0.299938744079467,1.76730397791804,0,70.6526078443519,1,0.0,0,0.0,0
108,118,0.0146013942290281,0.777455981612876,0,4.20589672523537,1,0.899035025455696,0,-0.899035025455696,0
111,118,0.0045440206369206,0.0345610679924777,0,63.4233675233104,1,37.4735888705617,0,-37.4735888705617,0
114,118,0.0006784217430921,0.0012245515859409,0,1788.22809789806,1,723.686620388439,0,-723.686620388439,0
115,118,0.0008531416032865,0.0110671809088672,0,135.258179353356,1,-48.831847027437,0,48.831847027437,0
114,119,0.0009821996723802,0.0014648496227879,0,1507.74155008095,1,-720.175016019315,0,720.175016019315,0
89,120,0.0232834170249188,0.0914374141155262,0,26.5226240391865,1,-1.41880411623895,0,1.41880411623895,0
97,120,0.0250347128692445,0.0535703860387879,0,36.7080439737993,1,1.41880411623895,0,-1.41880411623895,0
121,125,0.0399831766832362,0.0469209959369822,0,282.012222500003,1,12.3780401431713,0,-12.3780401431713,0
124,125,0.0008434934750205,0.0011129507411475,0,1214.83574406468,1,99.0574673691517,0,-99.0574673691517,0
121,127,0.0065921742576755,0.0616097675360701,0,281.182720408586,1,0.846082516645824,0,-0.846082516645824,0
123,128,0.0723647870741272,0.14548034890211,0,50.2076578059918,1,-6.92659154609785,0,6.92659154609785,0
124,128,0.0347243745535606,0.105697209519385,0,136.881769043966,1,-1.31522730203106,0,1.31522730203106,0
121,129,0.0045233756356276,0.0589032025099405,0,2769.34883338622,1,-4.30985500422767,0,4.30985500422767,0
126,129,0.0294853067377082,0.0379195195747501,0,518.280989500246,1,0.708211145961965,0,-0.708211145961965,0
127,129,0.0083418205863986,0.362566390051242,0,11.6951280068623,1,-0.84395911387743,0,0.84395911387743,0
126,130,0.0299341636812078,0.124107966833504,0,138.437336385553,1,6.88074011824006,0,-6.88074011824006,0
124,132,0.0111894088908954,0.0712030676384114,0,18.565997070438,1,11.3908236012485,0,-11.3908236012485,0
126,132,0.0040592924138539,0.0239458767142166,0,380.643369379494,1,65.2439992086438,0,-65.2439992086438,0
130,132,0.0688161821773986,0.105373976728911,0,146.383882212527,1,6.72243866083289,0,-6.72243866083289,0
124,133,0.013588754918923,0.463097422885587,0,16.9002565622762,1,0.609179919770204,0,-0.609179919770204,0
130,133,0.0241602909140486,1.13339551972013,0,70.6526078443519,1,0.158301457407167,0,-0.158301457407167,0
131,133,0.0003162453477925,0.0006359364238746,0,1120.26168020627,1,-900.563664372068,0,900.563664372068,0
124,134,0.0006393978044307,0.0062440341296962,0,599.134690617562,1,-228.947406153694,0,228.947406153694,0
126,136,0.0002624875928678,0.0237475366924991,0,546.392035948435,1,29.1176050066239,0,-29.1176050066239,0
131,136,0.0012358381382884,0.0095711778928782,0,184.659652351002,1,-95.5580057241689,0,95.5580057241689,0
135,136,0.0012384708345129,0.0079249650535231,0,269.992923138818,1,201.487892239408,0,-201.487892239408,0
136,137,0.0095759272223215,0.0234463469191647,0,352.939101733634,1,75.9110139968446,0,-75.9110139968446,0
128,138,0.185861755037095,0.130704684948243,0,15.073363846192,1,6.38127640252631,0,-6.38127640252631,0
137,138,0.0008172764604429,0.0154010258059731,0,704.829457972087,1,-66.5538342220922,0,66.5538342220922,0
137,139,0.25821755822988,0.827425792351769,0,70.6526078443519,1,-0.293527530476079,0,0.293527530476079,0
121,140,0.0144262774180859,0.0092649989265238,0,522.848341422744,1,150.658442710481,0,-150.658442710481,0
140,141,0.0002882344527694,0.0127713174046362,0,811.99095188622,1,-150.339897753873,0,150.339897753873,0
125,142,0.0015713478724902,0.0267203069332095,0,508.086727784125,1,111.435507512323,0,-111.435507512323,0
137,142,0.0016395377212354,0.0089829035937659,0,199.60640614582,1,152.266229626331,0,-152.266229626331,0
136,143,0.0394094423586863,0.0069317773784934,0,253.282177571267,1,59.1364775250188,0,-59.1364775250188,0
122,144,0.0171177380355819,0.0483810778128381,0,466.623750271918,1,-3.67686076585058,0,3.67686076585058,0
135,144,0.0016828590152608,0.0229999114413428,0,1082.09199748174,1,88.1160628529054,0,-88.1160628529054,0
138,144,0.0023306320642173,0.170914527594527,0,16.2824401911518,1,-1.90131007537493,0,1.90131007537493,0
124,145,0.0031174416423004,0.0093888209055905,0,341.738484041654,1,167.233135749813,0,-167.233135749813,0
140,145,0.0317131970716089,0.630193530339376,0,70.6526078443519,1,1.02320241251054,0,-1.02320241251054,0
137,146,0.0027155700114819,0.0898808700300867,0,14.5799254258058,1,-7.92277399623468,0,7.92277399623468,0
141,146,0.15080332349004,0.25277390190135,0,16.7628442284537,1,7.92277399623468,0,-7.92277399623468,0
137,147,0.39444966146704,0.328439212051523,0,70.6526078443519,1,-1.58507988068385,0,1.58507988068385,0
139,147,0.181363504453206,0.94618088163261,0,70.6526078443519,1,-0.293527530476079,0,0.293527530476079,0
142,148,0.002197998255869,0.0091753840412514,0,260.951275045825,1,-59.1364775250188,0,59.1364775250188,0
143,148,0.0103806388541135,0.0371193573417673,0,225.64895519113,1,59.1364775250188,0,-59.1364775250188,0
149,150,0.0005888056217579,0.0059800794516152,0,855.159762153357,1,258.968750869861,0,-258.968750869861,0
149,151,0.0008119969487933,0.000880011277801,0,3552.41226656643,1,-699.054688380066,0,699.054688380066,0
149,152,0.0027014207212089,0.0762246736168528,0,11.3401698730996,1,6.95244196435928,0,-6.95244196435928,0
126,154,0.0009792059935459,0.0079277584263572,0,187.569880295333,1,-88.6590712959796,0,88.6590712959796,0
152,154,0.176879216613165,0.176943145175812,0,8.75281114380992,1,6.95244196435927,0,-6.95244196435927,0
153,155,0.0030405776855417,0.0655407940142246,0,864.32627321632,1,-17.6294539079247,0,17.6294539079247,0
126,156,0.0132577801600685,0.103947549902242,0,38.3117150937058,1,-13.2914841834903,0,13.2914841834903,0
141,156,0.0045204822043085,0.007191514262689,0,1137.52117885744,1,-158.262671750108,0,158.262671750108,0
149,156,0.0023877643228635,0.0038622919843921,0,861.860179106948,1,279.985318528707,0,-279.985318528707,0
134,157,0.0137266890765194,0.0397532803668185,0,1153.12194205074,1,17.6294539079247,0,-17.6294539079247,0
155,157,0.0042301346756099,0.0773017114610435,0,392.982599098894,1,-17.6294539079247,0,17.6294539079247,0
124,158,0.0165487006851338,0.583552981664069,0,6.22525349150265,1,-0.225155607575397,0,0.225155607575397,0
156,158,0.0105578891240259,0.0206219903911468,0,439.332376174755,1,97.0561099773464,0,-97.0561099773464,0
121,159,0.0019664583282765,0.0015409657546254,0,1078.75541703776,1,-371.130747502745,0,371.130747502745,0
149,159,9.57236179741609e-05,0.014181179465301,0,173.547185543025,1,153.148177017138,0,-153.148177017138,0
158,160,0.001673359723734,0.0269653540086669,0,2729.43485210236,1,-14.3472672344437,0,14.3472672344437,0
159,160,0.0344985591018967,0.0770327571033835,0,84.5437662150092,1,6.8045636099319,0,-6.8045636099319,0
144,161,0.0085243543393908,0.0330676152353554,0,13.0794235667374,1,-5.07196342541295,0,5.07196342541295,0
153,161,0.0035546828161479,0.0082671801366359,0,341.499794553034,1,-191.98093285196,0,191.98093285196,0
145,162,0.0117362816565271,0.0048043907011279,0,417.187639919658,1,-160.475715782243,0,160.475715782243,0
147,162,0.0106029807996908,0.213087561876711,0,2.19523025550373,1,-1.87860741115993,0,1.87860741115993,0
153,162,0.0834933918409664,0.297771324396463,0,5.86802472407128,1,-3.32595709136312,0,3.32595709136312,0
160,162,0.0088840743367958,0.0104550119145208,0,302.129607637953,1,126.0068664979,0,-126.0068664979,0
138,163,0.0044590002210282,0.090071098708734,0,7.13463170928913,1,-1.77273727626298,0,1.77273727626298,0
161,163,0.515497682890722,0.18784896027562,0,6.96062638730088,1,1.77273727626298,0,-1.77273727626298,0
160,164,0.118750842882265,0.292846525376092,0,70.6526078443519,1,-2.2365239599639,0,2.2365239599639,0
156,165,0.0034762509274437,0.0214951116218943,0,10190.5504886078,1,11.3750526177627,0,-11.3750526177627,0
158,165,0.0007853426164193,0.100581778896537,0,216.282184287951,1,-17.4681951433619,0,17.4681951433619,0
162,165,0.001205846658412,0.0378341681738712,0,84.7608540572709,1,-71.0338411510386,0,71.0338411510386,0
164,165,0.0071261081209668,0.319757241059562,0,70.6526078443519,1,-2.2365239599639,0,2.2365239599639,0
160,167,0.0008555213222885,0.0110749310408858,0,1699.64512067303,1,-131.313046162448,0,131.313046162448,0
168,169,0.0285121088430025,0.0125302507615656,0,122.004267343404,1,-26.3284443979719,0,26.3284443979719,0
162,170,0.0264181247080906,0.493909609713895,0,70.6526078443519,1,-0.177544681635232,0,0.177544681635232,0
167,171,4.32537621477537e-05,0.0015587936793658,0,329.974931754602,1,-162.329422816841,0,162.329422816841,0
161,172,0.0013669572353058,0.0132276673074847,0,442.043024468639,1,-92.6388268638777,0,92.6388268638777,0
171,172,0.002945818532314,0.0129811921450297,0,391.92666549039,1,92.6388268638777,0,-92.6388268638777,0
166,173,0.0003545270111646,0.364578872480136,0,70.6526078443519,1,0.997384219893136,0,-0.997384219893136,0
168,173,0.0030532405263925,0.217099252140947,0,11.5180044679008,1,-1.23554234802626,0,1.23554234802626,0
169,173,0.0420340680323787,0.148343213648034,0,13.4064505429789,1,0.415702809768358,0,-0.415702809768358,0
170,173,0.039223512934365,0.638883939744601,0,70.6526078443519,1,-0.177544681635232,0,0.177544681635232,0
121,174,0.179243986942936,0.322402901571978,0,70.6526078443519,1,0.997384219893136,0,-0.997384219893136,0
166,174,0.0121515193005548,0.384377008757321,0,70.6526078443519,1,-0.997384219893136,0,0.997384219893136,0
167,176,0.0411385099485918,0.0583637943832497,0,898.7583892446,1,31.0163766543936,0,-31.0163766543936,0
169,176,0.0053622017939618,0.0261240197994222,0,139.335488286514,1,-26.7441472077402,0,26.7441472077402,0
175,176,0.19906894279643,1.567938364936,0,70.6526078443519,1,0.0,0,0.0,0
121,177,0.0072625156630747,0.0098843470274244,0,2502.48760853493,1,210.560652916781,0,-210.560652916781,0
122,177,0.0043900806204308,0.0332569995525919,0,150.793937370099,1,31.9552229298819,0,-31.9552229298819,0
168,177,0.0082274630159571,0.0270085349789108,0,120.335669372446,1,27.5639867459981,0,-27.5639867459981,0
177,178,0.0004154618349017,0.0083267744167205,0,959.676015308408,1,270.079862592661,0,-270.079862592661,0
122,179,0.0049331652052446,0.0320672335243265,0,39.1298672627679,1,-28.2783621640313,0,28.2783621640313,0
127,179,0.0013406507568437,0.0352558999885018,0,212.673793757416,1,1.69004163052325,0,-1.69004163052325,0
176,179,0.0011069182492977,0.0344485776749983,0,208.928448946127,1,-5.70456458045387,0,5.70456458045387,0
124,180,0.0131613462354179,0.0202414839243752,0,147.845304460294,1,-47.802817576683,0,47.802817576683,0
128,180,0.0004072009255509,0.0496075651369988,0,116.628767379169,1,-16.7027771978249,0,16.7027771978249,0
129,180,0.001372823836813,0.0547038980760971,0,79.1361757460321,1,-4.44560297214313,0,4.44560297214313,0
179,180,0.0459602726387012,0.0188514267987541,0,41.9434944653282,1,-32.292885113962,0,32.292885113962,0
182,186,0.0005755794157006,0.0079789558982498,0,446.52484065427,1,-226.53777535444,0,226.53777535444,0
181,190,0.774172237921162,1.10967282283706,0,70.6526078443519,1,0.0,0,0.0,0
185,190,0.0007224426983018,0.0229142916663886,0,193.463861355898,1,8.9759329092427,0,-8.9759329092427,0
189,190,0.0031246644899824,0.0702467069379061,0,167.189897722559,1,-8.9759329092427,0,8.9759329092427,0
182,191,0.0019448765197367,0.049110967957173,0,14242.0078388818,1,47.0790806027584,0,-47.0790806027584,0
188,191,0.003810779783603,0.037587912008854,0,66.0525044699926,1,22.2578384847059,0,-22.2578384847059,0
184,192,0.0023330418323178,0.0046279963983553,0,241.28287627015,1,155.658861980968,0,-155.658861980968,0
189,192,0.0057717398017154,0.171799177700041,0,46.1869556571626,1,2.08451937770415,0,-2.08451937770415,0
183,193,0.0018481180780779,0.0047952159334391,0,1285.99695813111,1,-292.397575242481,0,292.397575242481,0
188,193,0.001354725969948,0.0190054439357376,0,670.685668588586,1,82.3905302626719,0,-82.3905302626719,0
191,193,0.0824684825969637,0.0701594197795288,0,123.233199342131,1,10.3940843804594,0,-10.3940843804594,0
185,194,0.0038608981584098,0.0112989211445718,0,783.049638244926,1,180.364366277159,0,-180.364366277159,0
192,194,0.0227030386657907,0.0438264295831828,0,43.2514606083002,1,19.2485943221899,0,-19.2485943221899,0
193,194,0.000566605413391,0.0023789809385167,0,365.861893391825,1,-199.61296059935,0,199.61296059935,0
189,196,0.0128683369665969,0.0507127928655464,0,934.389877228982,1,6.89141353153857,0,-6.89141353153857,0
191,197,0.0005703238351656,0.0248128332482356,0,238.408263664961,1,58.9428347070049,0,-58.9428347070049,0
196,198,0.0226951200015379,0.0682951385624527,0,2046.92342185039,1,-33.7715218478667,0,33.7715218478667,0
196,200,0.0356461603931462,0.0552238380177305,0,1896.2268466826,1,-28.412849558698,0,28.412849558698,0
198,200,0.021044015502897,0.0259517849798891,0,1560.42610816693,1,28.412849558698,0,-28.412849558698,0
195,201,0.0134294503796637,0.0352120166854298,0,8492.36849262446,1,23.4114633426697,0,-23.4114633426697,0
199,202,7.85819849340797e-06,0.0214563851807378,0,597.478839084704,1,-102.788042339364,0,102.788042339364,0
195,203,0.0075247458438798,0.045572210175814,0,2930.82430307582,1,17.0544935222213,0,-17.0544935222213,0
196,204,0.0132480720215755,0.0052862147211077,0,288.702299153763,1,-126.199505682033,0,126.199505682033,0
199,204,0.009317959983592,0.0181375544483503,0,679.240602644126,1,102.788042339364,0,-102.788042339364,0
201,204,0.0426633417695199,0.0380929912146418,0,1620.87812501755,1,23.4114633426697,0,-23.4114633426697,0
195,207,0.0202660562490843,0.0783053882803979,0,119.290597542677,1,7.59335216603169,0,-7.59335216603169,0
187,208,0.0214346891207418,0.121230696313144,0,62.079445036732,1,-8.99417703991553,0,8.99417703991553,0
198,208,0.0016305124274348,0.0088748983655813,0,231.275401745107,1,-67.835369144095,0,67.835369144095,0
187,209,0.0070199550799217,0.0722310305083051,0,65.2210483555325,1,8.99417703991553,0,-8.99417703991553,0
188,209,0.0134334795702857,0.0418046405657936,0,2770.03653001588,1,-22.2385269434776,0,22.2385269434776,0
198,209,0.0267913014260146,0.201379839028512,0,17.2688090870626,1,5.65099773753037,0,-5.65099773753037,0
207,209,0.0004850088168416,0.0816847470544958,0,126.843698873433,1,7.59335216603169,0,-7.59335216603169,0
202,210,0.00815523335333,0.0198273727719875,0,754.831960352443,1,-102.788042339364,0,102.788042339364,0
195,211,0.0060973797580748,0.0283025229800492,0,158.676733006925,1,-78.2876185930411,0,78.2876185930411,0
206,212,0.00331084262432,0.0383090400769472,0,234.837897061808,1,-59.5632013450955,0,59.5632013450955,0
210,212,0.001441585783842,0.0149587564318483,0,306.328265211087,1,-135.517885509726,0,135.517885509726,0
205,214,0.0011569293899839,0.0190754051965626,0,1021.92258355363,1,-32.7298431703622,0,32.7298431703622,0
211,215,0.0009022918908721,0.0747712823988035,0,874.195341651982,1,14.1777363882901,0,-14.1777363882901,0
208,216,0.016492816225054,0.24470497005978,0,25.508573782632,1,-0.316519220538198,0,0.316519220538198,0
213,216,0.0499431966978872,0.257670446167408,0,6.16033072672901,1,-1.68413059262259,0,1.68413059262259,0
195,219,0.0012065762887297,0.0534327293676063,0,12297.8201882841,1,-26.1639390427269,0,26.1639390427269,0
217,219,0.010249805490186,0.0588411786081044,0,778.082281307703,1,26.1639390427269,0,-26.1639390427269,0
210,220,0.0298786259847982,0.0288353661188205,0,2178.96350439031,1,32.7298431703622,0,-32.7298431703622,0
214,220,0.0077446626568494,0.0270078100651223,0,1666.35129526583,1,-32.7298431703622,0,32.7298431703622,0
213,221,0.045789842875383,0.140343526963411,0,5.90270916329165,1,1.68413059262259,0,-1.68413059262259,0
212,222,0.0007021072027196,0.0102234379809575,0,354.989707810313,1,-195.081086854822,0,195.081086854822,0
217,223,0.0057074241673634,0.0536276512388064,0,901.908078233897,1,-26.163939042727,0,26.163939042727,0
222,223,1.07349455482377e-05,0.0113744051033898,0,2910.25689734605,1,358.046243691211,0,-358.046243691211,0
195,225,0.0037569080048519,0.0211894860888103,0,351.495909470402,1,-41.5577156845719,0,41.5577156845719,0
218,225,0.0069800441167282,0.0119554585679376,0,1190.8363635159,1,137.647733050355,0,-137.647733050355,0
221,225,0.0079025728159607,0.0099576869623055,0,530.96332161825,1,-95.2302219617252,0,95.2302219617252,0
216,226,0.0009151191563128,0.0017436834363208,0,1678.73553572113,1,587.568540432371,0,-587.568540432371,0
208,227,0.003981491288186,0.0369974293975994,0,187.995745078734,1,-36.7475272767921,0,36.7475272767921,0
218,227,0.0038297573244513,0.0023728075212777,0,1287.50021285875,1,270.353484356425,0,-270.353484356425,0
221,228,0.0165305216283138,0.12714723356901,0,70.1853011976318,1,-26.4100583730109,0,26.4100583730109,0
222,229,0.0003914632923518,0.0044156009487915,0,1711.53497864821,1,-325.011729501746,0,325.011729501746,0
224,229,0.0084432750218565,0.0199957971807004,0,474.223931299647,1,-82.3245021491389,0,82.3245021491389,0
186,230,0.0013789100442506,0.0078299480736673,0,661.870171821899,1,-228.151533376224,0,228.151533376224,0
206,230,0.0116577588485602,0.0203498932234411,0,222.764365730763,1,59.5632013450955,0,-59.5632013450955,0
223,230,0.0011200049933315,0.0083976762153703,0,1214.24040478548,1,168.588332031128,0,-168.588332031128,0
221,231,0.0590799482684745,0.0491426793528794,0,3252.37814294846,1,-58.1454678691749,0,58.1454678691749,0
223,231,0.0026154352427289,0.0094975967298127,0,257.707979843271,1,163.293972617356,0,-163.293972617356,0
228,231,0.0197802780074749,0.0262229902015943,0,874.807089751237,1,19.0878985713828,0,-19.0878985713828,0
195,232,0.007706993749768,0.0951294687840679,0,14.0581586288882,1,-0.365080951305774,0,0.365080951305774,0
188,233,0.0020795359486809,0.0076736536021603,0,748.303262129364,1,-221.687496246624,0,221.687496246624,0
227,233,0.0035939327933904,0.025719379520399,0,290.517592912328,1,90.5198213297032,0,-90.5198213297032,0
232,233,0.0458573380925477,0.0851954255625793,0,5.61194414080709,1,5.61194413843982,0,-5.61194413843982,0
231,234,0.0014615085612213,0.0647277523686614,0,822.805088634267,1,20.5185696046209,0,-20.5185696046209,0
182,235,0.005039781708511,0.0155416381977417,0,603.678719689792,1,-99.6885231654567,0,99.6885231654567,0
186,235,0.0135257477614098,0.160006615521264,0,12.7394167875296,1,1.6137580217842,0,-1.6137580217842,0
208,235,0.108689271949892,0.0882133145411993,0,70.6526078443519,1,-4.02539977951986,0,4.02539977951986,0
211,235,0.0003718138553938,0.0075081845402267,0,602.064369800883,1,177.869321063161,0,-177.869321063161,0
228,235,0.0053665426450268,0.0150157800405685,0,160.499042677455,1,160.499042677278,0,-160.499042677278,0
227,236,0.119071266235546,0.386318025587329,0,32.9362378354126,1,3.31131054036096,0,-3.31131054036096,0
232,236,0.130864874662673,0.172373660752628,0,40.0273388171402,1,-3.31131054036096,0,3.31131054036096,0
185,237,0.0001885876904251,0.0055289908224896,0,1019.32917721394,1,243.529858507989,0,-243.529858507989,0
235,237,0.0002380858037796,0.0145682252796443,0,319.39783662924,1,235.055486476242,0,-235.055486476242,0
232,238,0.0489839585056174,0.162811003695527,0,25.7934577100879,1,-2.66571454938464,0,2.66571454938464,0
234,238,0.0171113246944831,0.0483893122447787,0,1593.96031923226,1,20.5185696046209,0,-20.5185696046209,0
235,238,0.0387902690983154,0.339341660399781,0,70.6526078443519,1,1.21271234100471,0,-1.21271234100471,0
184,239,0.0010888809386853,0.0113964948008926,0,264.029458036098,1,-155.658861980968,0,155.658861980968,0
233,239,0.0041231376239493,0.0047223569739771,0,591.588836530193,1,-115.578936751374,0,115.578936751374,0
231,240,0.0142021796818045,0.157588658425867,0,70.6526078443519,1,0.0,0,0.0,0
242,243,0.0599890494241643,0.821613128484874,0,12.7164357665855,1,2.46943707743062,0,-2.46943707743062,0
241,245,0.0006466655217649,0.0178589246876942,0,781.59082821223,1,-90.6150716514429,0,90.6150716514429,0
242,245,0.0858788214366073,0.265099684921118,0,62.9699953148456,1,-5.74276375350829,0,5.74276375350829,0
242,246,0.0084367602743095,0.290333549525033,0,30.5338317334518,1,3.27332667607766,0,-3.27332667607766,0
244,247,0.0432804976365906,0.0780734340056137,0,79.9957770523272,1,-13.5802760439394,0,13.5802760439394,0
246,248,0.002543412390725,0.308766246709607,0,70.6526078443519,1,0.732747677471343,0,-0.732747677471343,0
241,249,0.0088857157783852,0.0035153071493294,0,4279.79850403798,1,-350.197888139901,0,350.197888139901,0
248,249,0.0037706601742908,0.0432902466255878,0,56.3300867854504,1,-53.4017415994293,0,53.4017415994293,0
248,250,0.0295722304823903,0.14308575916221,0,4.40770626498967,1,-3.51571603019668,0,3.51571603019668,0
246,251,0.156506772409723,0.225034702207812,0,19.2167467842914,1,2.54057899860631,0,-2.54057899860631,0
248,252,0.0013298247048978,0.0171542898153104,0,1087.54416979002,1,98.9594713727578,0,-98.9594713727578,0
243,253,0.0791153871865272,0.112804983653652,0,82.3142145611824,1,1.61565109757742,0,-1.61565109757742,0
250,253,0.0080487844286416,0.272294029066343,0,61.7589689998131,1,5.64691050372883,0,-5.64691050372883,0
251,253,0.0269561950887966,0.271237551679034,0,17.9619511595742,1,2.54057899860631,0,-2.54057899860631,0
248,254,0.0037595277905041,0.0222758436731298,0,251.756771944798,1,-41.3092660656605,0,41.3092660656605,0
250,256,4.95912690712071e-06,0.0008649397601622,0,3291.7939414026,1,-714.166410283634,0,714.166410283634,0
253,259,0.0078859670010232,0.0874270537276054,0,275.0760943842,1,9.80314059991257,0,-9.80314059991257,0
254,261,0.0042511395821847,0.0240156742711233,0,305.30735992059,1,81.3438311177331,0,-81.3438311177331,0
258,261,0.0433369873742136,0.0743895928122212,0,174.60727879157,1,-11.1525360614214,0,11.1525360614214,0
257,262,0.030389442017853,0.068141874679109,0,101.087683700756,1,-10.1550318708921,0,10.1550318708921,0
258,263,0.003033611651799,0.048158087195439,0,215.058444211664,1,57.5931789210075,0,-57.5931789210075,0
254,264,0.0040068444318626,0.0700687010337743,0,134.653550755094,1,16.4308229584533,0,-16.4308229584533,0
255,264,0.0525072802357243,1.4927585547035,0,70.6526078443519,1,0.0,0,0.0,0
258,264,0.002532036569823,0.033190008158026,0,144.569973430865,1,-49.1676030670735,0,49.1676030670735,0
262,264,0.00336478570766,0.0418737572418377,0,133.337139010496,1,-58.5876581308267,0,58.5876581308267,0
258,266,0.207412995959798,0.671939835471289,0,9.9034283381638,1,1.21399637014454,0,-1.21399637014454,0
261,266,0.0004268137416903,0.0413283194955967,0,83.3038647016089,1,39.8120503744586,0,-39.8120503744586,0
263,266,0.0051968444803705,0.0442525910664606,0,88.531595345004,1,-44.2424898506474,0,44.2424898506474,0
257,267,0.0166892526813645,0.0021365358636576,0,763.224633281252,1,-189.670626641362,0,189.670626641362,0
258,267,0.0040999271355229,0.0769652526677766,0,124.316933791461,1,14.3981472369312,0,-14.3981472369312,0
261,267,0.0427159437716384,0.0713718028574628,0,1646.58086766601,1,27.1506334278956,0,-27.1506334278956,0
260,268,0.0013870610202243,0.0139089165698668,0,131.997823265808,1,95.366071968104,0,-95.366071968104,0
265,268,0.102922209058917,0.241867155284492,0,34.3483267113822,1,-3.60378960806645,0,3.60378960806645,0
263,270,0.0049741974076423,0.0300981350153833,0,128.402131138251,1,48.8772323278315,0,-48.8772323278315,0
262,271,0.0252879728218676,0.022098072316289,0,121.90728190575,1,46.1038105312003,0,-46.1038105312003,0
263,271,0.0345961181365168,0.0872587597232648,0,774.389352165592,1,-10.6964592333683,0,10.6964592333683,0
265,271,0.0418718627417001,0.0245588082897783,0,822.210568306595,1,27.0505587929149,0,-27.0505587929149,0
262,272,0.0315223039597406,0.0980264228557196,0,2.32881572855907,1,2.3288157287343,0,-2.3288157287343,0
267,272,0.0062566130093587,0.0004121794965415,0,372.189562279678,1,-141.829805023152,0,141.829805023152,0
268,273,0.0132384985217497,0.0851476847301878,0,63.9385024345727,1,-13.2871547501011,0,13.2871547501011,0
265,274,0.0980138357020944,0.026474433830898,0,128.808895801614,1,-3.98337376565852,0,3.98337376565852,0
272,274,0.0480249697882457,0.0052048369817813,0,126.857597497014,1,3.98337376565853,0,-3.98337376565853,0
269,276,0.001213511728324,0.178186844091169,0,70.6526078443519,1,0.0,0,0.0,0
273,276,0.0087281862605429,0.0254791239464984,0,149.724559491226,1,1.72833801620434,0,-1.72833801620434,0
268,277,0.0569321295023067,0.11189170817426,0,127.063861179448,1,1.22553267015866,0,-1.22553267015866,0
273,278,0.0017692013092386,0.0008686928914708,0,1130.1335902444,1,-559.093535298849,0,559.093535298849,0
275,278,0.0001279696259829,0.0019682629561487,0,1174.39749003093,1,559.093535298849,0,-559.093535298849,0
279,280,0.0137196525229241,0.0554060690434555,0,1431.40115620223,1,28.8818378670181,0,-28.8818378670181,0
273,281,0.0001237125646495,0.0024446863169907,0,1113.84377384863,1,544.078042532544,0,-544.078042532544,0
280,282,0.0017536230441258,0.110887040098796,0,466.72583148767,1,-19.8866635273056,0,19.8866635273056,0
261,283,0.100773477560009,0.197496115293577,0,33.9240520202122,1,3.22861125395751,0,-3.22861125395751,0
277,283,0.111961386742307,0.196174475024476,0,39.8769546909209,1,-3.22861125395751,0,3.22861125395751,0
279,284,0.0017673962018163,0.0412704658966658,0,811.824962546246,1,-28.8818378670181,0,28.8818378670181,0
282,284,0.0045469654815378,0.136700258254525,0,124.481561298866,1,-4.29423293852963,0,4.29423293852963,0
265,285,0.0083592372735196,0.0746184320198255,0,526.664089402627,1,-19.4633954191899,0,19.4633954191899,0
266,286,0.0108248768083238,0.183256736783397,0,70.6526078443519,1,-3.21644310604422,0,3.21644310604422,0
282,286,0.0863506130647173,0.151626407868398,0,27.2296175248492,1,0.786159456679655,0,-0.786159456679655,0
284,286,0.0452838293680227,0.290593769297197,0,15.0339548729476,1,2.43028364936456,0,-2.43028364936456,0
285,287,0.0004822581754544,0.0090402217784604,0,467.782658870526,1,-72.2522475408541,0,72.2522475408541,0
280,288,0.0002179415939982,0.0436647455699029,0,245.26264931653,1,-64.9435486401993,0,64.9435486401993,0
281,288,0.0071098778154289,0.023311915695148,0,44.0313265689119,1,-44.0313265695654,0,44.0313265695654,0
267,289,0.0036711023033132,0.0854017080413474,0,99.8094510349163,1,-6.29204095338331,0,6.29204095338331,0
277,289,0.0387139555096514,0.0290581795150874,0,219.646256666161,1,4.45414392411617,0,-4.45414392411617,0
281,289,0.0044146831977536,0.0369044479689344,0,439.258275634701,1,1.83789702926714,0,-1.83789702926714,0
259,290,0.000353103792799,0.0881617791991709,0,261.808713066886,1,9.80314059991257,0,-9.80314059991257,0
280,290,0.0047368597341321,0.0237096727056303,0,184.923428302461,1,-59.8631653633259,0,59.8631653633259,0
284,291,0.0014630171883424,0.055711577293761,0,339.037981789913,1,-12.2707423953921,0,12.2707423953921,0
276,292,0.0025905885536652,0.0256662647355349,0,2572.12409262698,1,6.71689227495058,0,-6.71689227495058,0
282,292,0.0023640163738471,0.0438243932450311,0,212.068726042822,1,-16.3785900454556,0,16.3785900454556,0
290,292,0.0001097394501646,0.030036320919806,0,104.085716133658,1,-50.0600247634134,0,50.0600247634134,0
243,293,0.0258030723142111,0.179650387396759,0,2.23974421554581,1,-2.23974421564413,0,2.23974421564413,0
288,293,0.0114696596629195,0.0505260827272143,0,1271.23964577049,1,-17.6055397669991,0,17.6055397669991,0
287,294,0.0200148476561071,0.0648880372548873,0,1916.71687667226,1,-37.6515148291061,0,37.6515148291061,0
243,295,0.16444440939512,0.162314060932733,0,28.655545262007,1,3.09353019549734,0,-3.09353019549734,0
294,295,0.0006918031697072,0.029364269980701,0,579.397235272993,1,97.5413134099343,0,-97.5413134099343,0
294,297,0.0096514794827418,0.0092058307634226,0,161.523621118454,1,-142.492163188473,0,142.492163188473,0
296,297,0.0008381613550857,0.0144577742397138,0,351.904765064655,1,-115.341962963246,0,115.341962963246,0
293,298,0.0060330777426298,0.0487071937091209,0,2589.4076104907,1,-19.8452839826432,0,19.8452839826432,0
294,298,0.0002997253376518,0.136057190457359,0,281.552710671924,1,7.29933494943282,0,-7.29933494943282,0
296,298,0.0545525582643057,0.0507970885485909,0,3637.14801892714,1,12.5459490332104,0,-12.5459490332104,0
284,299,0.0034084842985888,0.0566725641071684,0,2807.18386305323,1,-23.3356120595202,0,23.3356120595202,0
291,299,0.017752115979636,0.052064213918333,0,827.043213651236,1,-12.2707423953921,0,12.2707423953921,0
292,299,0.0019317858893799,0.0860681387268741,0,1020.37877618308,1,-13.8463543978319,0,13.8463543978319,0
296,299,0.006191077919346,0.0245588828538062,0,274.288040414662,1,49.452708852744,0,-49.452708852744,0
245,300,0.117776017992047,0.176920194749567,0,160.290060100943,1,14.2053463639363,0,-14.2053463639363,0
247,300,0.0324948499462529,0.0820779604425202,0,65.7787939915643,1,-13.5802760439394,0,13.5802760439394,0
276,300,0.0543688877035752,0.253715421704748,0,164.01533835226,1,-4.98855425874622,0,4.98855425874622,0
296,300,0.0578271250543629,0.221878335178592,0,68.7410698874456,1,4.36348393874929,0,-4.36348393874929,0
50,76,6.57283599657198e-05,0.0002715001866074,0,7253.64339724046,1,1408.2674417656,0,-1408.2674417656,0
35,70,0.0056555910692194,0.0121123147495425,0,878.502711385509,1,-154.954613624383,0,154.954613624383,0
25,85,0.0009863698533149,0.0199732594938109,0,418.993472703721,1,-117.324474342686,0,117.324474342686,0
55,81,0.0008445810224591,0.0027432785575351,0,4188.28546831638,1,202.244723994278,0,-202.244723994278,0
106,171,0.0011763516359634,0.0218012939105097,0,23.7382339864842,1,-16.6026994087616,0,16.6026994087616,0
83,123,0.142141879223503,0.0804139071776562,0,42.1034034261163,1,-6.92659154609785,0,6.92659154609785,0
98,133,6.94923383723421e-05,0.0008267386497969,0,2073.82574147262,1,808.771109530514,0,-808.771109530514,0
93,138,0.0008634847592059,0.0023122199049176,0,1100.28571769785,1,448.311522577526,0,-448.311522577526,0
132,196,0.0157074321948109,0.014656912850791,0,484.136983717198,1,83.3572614707253,0,-83.3572614707253,0
154,227,0.0015464776211826,0.0055880895419437,0,265.513878949759,1,-139.774825209569,0,139.774825209569,0
154,226,0.0009957818470948,0.0123900092013019,0,200.68552234688,1,123.12900559336,0,-123.12900559336,0
176,233,0.0025469311800778,0.0255821047570877,0,74.9302306185973,1,9.97679402710724,0,-9.97679402710724,0
185,281,3.63103955649533e-05,0.0029826183914094,0,869.937326128234,1,-432.870157694391,0,432.870157694391,0
216,250,0.0002452195785205,0.0040026662999368,0,1823.89443243448,1,-589.569190245532,0,589.569190245532,0
211,241,0.001286037046074,0.0048991330249827,0,1258.10947178358,1,-270.334676044492,0,270.334676044492,0
225,285,0.0010388984395008,0.0089396211937599,0,235.260208294327,1,0.859795404057861,0,-0.859795404057861,0
260,40,0.0007554022163445,0.0043271010240367,0,2016.96378056574,1,359.010235863212,0,-359.010235863212,0
295,28,0.0002304286738043,0.0104764954050934,0,1178.41235309337,1,192.98555975534,0,-192.98555975534,0
257,6,0.0093705416870412,0.0117399343260741,0,995.732458461035,1,199.825658512254,0,-199.825658512254,0
244,4,0.002377973281521,0.0888795354585295,0,72.9952260479617,1,13.5802760439394,0,-13.5802760439394,0
