from_bus,to_bus,resistance,reactance,susceptance,line_rating,line_status,P_from,Q_from,P_to,Q_to
1,7,0.0229519468431218,0.521353792133529,0,3.75739331251423,1,-1.19204903123873,0,1.19204903123873,0
3,9,0.0235784475666057,0.0055142841019316,0,3872.73656767962,1,-2.88313894789676,0,2.88313894789676,0
2,10,0.0258713819944648,0.0264212587940079,0,1597.17841882929,1,78.2349567786192,0,-78.2349567786192,0
5,10,0.0350818251972848,0.0403158401033131,0,850.150344350369,1,-51.9502666750009,0,51.9502666750009,0
1,11,0.0015517995162977,0.0086941027640486,0,384.708659413724,1,-194.209653770596,0,194.209653770596,0
11,12,3.70466655866578e-05,0.0012145555986183,0,2762.78657492433,1,-558.542518632438,0,558.542518632438,0
4,13,0.0001340558399751,0.0003355026889256,0,6116.16608128426,1,-1962.42043946922,0,1962.42043946922,0
6,13,2.92238052793656e-05,0.0002794854658071,0,6248.21773278037,1,2360.96867158232,0,-2360.96867158232,0
12,13,0.0001168700077772,0.000552337851123,0,2360.39061564705,1,-787.471633097179,0,787.471633097179,0
8,14,1.89987765163907e-05,0.0017810872960886,0,1073.75698880611,1,228.929114464741,0,-228.929114464741,0
9,14,0.0540651251932919,0.0267765534402443,0,1208.37116977333,1,28.8675764464434,0,-28.8675764464434,0
8,15,0.0001161448717044,0.0095576305913456,0,1163.34627173783,1,-228.929114464741,0,228.929114464741,0
12,15,0.0012317607237656,0.0012355250527491,0,1042.46452989862,1,228.929114464741,0,-228.929114464741,0
7,16,0.003475121752154,0.0813532137254892,0,17.9501584585523,1,-0.710970245209414,0,0.710970245209414,0
17,18,0.404854451252218,1.44744225799639,0,17.9501584585523,1,-6.93889390390723e-16,0,6.93889390390723e-16,0
11,19,0.0002829894131666,0.0067795522881092,0,611.455773333227,1,206.749378428199,0,-206.749378428199,0
16,21,0.0681950919035333,0.831948879192759,0,17.9501584585523,1,-0.710970245209416,0,0.710970245209416,0
19,21,0.0014258419090673,0.258808041909855,0,17.2538632166275,1,-3.80204348548292,0,3.80204348548292,0
20,22,0.0043602007780221,0.0152421062328075,0,312.266553493588,1,-118.429052937338,0,118.429052937338,0
21,22,0.0233519598572448,0.0438309678087158,0,530.708413608301,1,19.1372241156319,0,-19.1372241156319,0
17,24,0.0005690957072698,0.0138461656609118,0,732.108980992874,1,-132.637318803506,0,132.637318803506,0
17,25,0.0115646818886142,0.282909784558181,0,12.1454913675712,1,2.92112026767578,0,-2.92112026767578,0
20,25,0.134651387654692,0.245652445308822,0,10.4409582320013,1,-2.92112026767578,0,2.92112026767578,0
19,28,0.0011723168667239,0.0305493148447614,0,39.4532749247833,1,26.0621450452161,0,-26.0621450452161,0
22,28,0.0444243431898619,0.23501449826525,0,38.8771807814561,1,4.00561266236081,0,-4.00561266236081,0
23,28,0.165323398362568,1.09550553765302,0,17.9501584585523,1,0.0,0,0.0,0
26,28,0.0340504688180848,0.0224344828471206,0,56.0010845595303,1,-26.3712479088637,0,26.3712479088637,0
19,29,0.0033136599952563,0.0022495949444195,0,417.779946488413,1,184.489276868466,0,-184.489276868466,0
20,29,0.0243756690450942,0.0325380213895435,0,141.171688003782,1,-38.2594156817821,0,38.2594156817821,0
21,30,0.0107753426186116,0.106096282635609,0,921.622430768183,1,-23.6502378463242,0,23.6502378463242,0
24,30,0.0045190426181765,0.0133642738231628,0,540.518413394182,1,-132.637318803506,0,132.637318803506,0
5,31,0.0089995576907965,0.38404675794399,0,3.51497887320772,1,3.51497887320772,0,-3.51497887320772,0
22,31,0.0303584173147292,0.184359828340621,0,186.853682693991,1,-10.8311905025239,0,10.8311905025239,0
30,32,0.0037586244014956,0.0070709542469443,0,548.252905182674,1,-259.141691265015,0,259.141691265015,0
14,34,0.0011439981871759,0.0045952778710916,0,898.946321259354,1,273.266800001862,0,-273.266800001862,0
27,34,2.4381436037526e-05,0.0095317890124571,0,245.549188051297,1,159.264689837037,0,-159.264689837037,0
33,34,0.0002574732949624,0.0027143363314614,0,1521.04085975446,1,-515.072816296617,0,515.072816296617,0
5,35,0.040743876189347,0.0497815113761588,0,6046.8655906298,1,43.1866190944481,0,-43.1866190944481,0
26,35,0.0056604926751237,0.0632107793737431,0,1381.32261703015,1,-43.1866190944481,0,43.1866190944481,0
27,36,0.0257534225652337,0.0733833288488488,0,1200.82273494114,1,-20.3128081574653,0,20.3128081574653,0
30,36,0.0059466796805085,0.0246835080797232,0,120.936414173523,1,102.854134615184,0,-102.854134615184,0
27,37,0.0004772026913073,0.013514608147503,0,1154.44595346652,1,-138.951881679572,0,138.951881679572,0
29,37,0.0014935238647497,0.0214291049562152,0,479.186452610679,1,-81.9766287671428,0,81.9766287671428,0
34,38,0.00299942629179,0.030909032887759,0,481.316977708527,1,-82.541326457719,0,82.541326457719,0
36,38,0.0002455091377451,0.0055417855160996,0,477.940729272189,1,82.5413264577189,0,-82.5413264577189,0
10,41,0.0024068800251242,0.0574837425288741,0,135.690232984946,1,26.2846901036182,0,-26.2846901036182,0
14,41,0.0109772199294046,0.0493540146159946,0,678.121798624729,1,-98.7556229962352,0,98.7556229962352,0
32,41,0.0007070383749173,0.0052274663135698,0,742.794767777632,1,239.151319593548,0,-239.151319593548,0
14,42,0.0107759998509485,0.0499470861120843,0,774.764249466708,1,-27.1947016704535,0,27.1947016704535,0
37,43,0.148178646454637,0.169141174421666,0,9.24483355833734,1,-3.7413283719659,0,3.7413283719659,0
39,43,0.0655825400738541,0.356093735437313,0,17.9501584585523,1,-0.782757215815914,0,0.782757215815914,0
22,44,0.0014863752538427,0.0258766686434279,0,510.585344287721,1,-87.6419572987883,0,87.6419572987883,0
31,44,0.0157052596289888,0.0022479009368437,0,411.564547263666,1,-120.577140242176,0,120.577140242176,0
40,44,0.0017016192078366,0.0160765845302934,0,110.92394916279,1,-39.0743617704971,0,39.0743617704971,0
42,45,0.206749408995347,0.524153628811237,0,4.40569488612878,1,0.802661715478305,0,-0.802661715478305,0
41,47,0.0011611932267674,0.0105248065222969,0,2065.24740013055,1,354.591588911236,0,-354.591588911236,0
42,47,0.0067013954820387,0.0104585146741113,0,271.984406835277,1,20.683387634269,0,-20.683387634269,0
42,48,0.0400551927144988,0.273064154941991,0,3.80323031419729,1,0.766584246152285,0,-0.766584246152285,0
45,48,0.001045198488602,0.275757521197998,0,4.41406347496282,1,-0.766584246152284,0,0.766584246152284,0
39,49,0.025947902088281,0.233004214335433,0,17.9501584585523,1,0.782757215815914,0,-0.782757215815914,0
40,49,0.0034911594330639,0.148924850002355,0,2.01163922691715,1,1.82336489102697,0,-1.82336489102697,0
43,49,0.0543822971700927,0.106568931732603,0,19.2028757235081,1,4.3269709427509,0,-4.3269709427509,0
40,50,0.0050878794889685,0.0232292284357155,0,88.3632164453346,1,37.2509968794701,0,-37.2509968794701,0
43,50,0.0112682477827649,0.015897454921577,0,410.219207181062,1,66.3557940114556,0,-66.3557940114556,0
46,50,0.0329461458191982,0.920531732920461,0,23.8001501978177,1,-3.04401512433492,0,3.04401512433492,0
45,51,0.0113182772914087,0.0213241361794242,0,1039.20242924015,1,-15.6191439490976,0,15.6191439490976,0
46,51,0.0080617788569512,0.0925003026519242,0,1232.63174074351,1,-25.4551612605297,0,25.4551612605297,0
1,52,0.0090402337875041,0.128630512330057,0,73.0524212678423,1,-7.63971265340655,0,7.63971265340655,0
3,54,0.0037533218095122,0.0239282093133214,0,863.391800674124,1,2.88313894789676,0,-2.88313894789676,0
45,54,0.0126443652750231,0.0145150681725713,0,706.051239008163,1,17.1883899107281,0,-17.1883899107281,0
50,54,0.004531290852562,0.0102429332607716,0,296.10438764922,1,100.562775766591,0,-100.562775766591,0
52,55,0.0754632629020635,0.101063252544346,0,75.423756370947,1,-7.63971265340655,0,7.63971265340655,0
53,55,0.0171322107787705,0.0472102394469464,0,53.63604576392,1,6.18294933510042,0,-6.18294933510042,0
4,56,0.0005055332646195,0.0005600164054882,0,3403.0868600818,1,1290.92052813031,0,-1290.92052813031,0
47,57,0.0008307963588832,0.0982975987510776,0,39.7600956786809,1,3.83529670810383,0,-3.83529670810383,0
53,57,0.0027410374489847,0.0133979625145168,0,537.615797957567,1,133.861056341473,0,-133.861056341473,0
2,58,0.0001325687065438,0.0156660186305232,0,653.12082811323,1,415.26196746413,0,-415.26196746413,0
4,58,2.30465819551855e-05,0.0010553541478027,0,3664.02837123741,1,671.499911338909,0,-671.499911338909,0
22,58,0.0035579743581581,0.0204864146198057,0,227.779629593351,1,-48.9463698951228,0,48.9463698951228,0
42,58,0.003674654993518,0.0118954243092299,0,695.955957065282,1,-49.447335266353,0,49.447335266353,0
49,58,0.0064700323820528,0.0527065820400812,0,23.2060429515889,1,6.93309304959377,0,-6.93309304959377,0
51,58,0.0079656765490926,0.0164543338908342,0,219.815624930503,1,-41.0743052096273,0,41.0743052096273,0
57,58,0.0006989221391951,0.0012304687246259,0,2702.55290186525,1,-960.215388083979,0,960.215388083979,0
53,59,0.0107044295354868,0.0391972034651383,0,168.694043521768,1,-9.50088278143947,0,9.50088278143947,0
55,59,0.110633252029218,0.456015432111078,0,7.48406744804246,1,-1.45676331830614,0,1.45676331830614,0
56,59,0.345901353618643,0.748609195832283,0,2.50984366711524,1,-1.33397359980443,0,1.33397359980443,0
58,59,0.06177107716611,0.164376807449669,0,50.7749384300536,1,-5.98842660244953,0,5.98842660244953,0
5,60,0.0167827543040083,0.53909974083354,0,8.19394799517326,1,5.24866870734508,0,-5.24866870734508,0
7,60,0.0196128007248959,0.681227879352026,0,17.9501584585523,1,-0.481078786029312,0,0.481078786029312,0
9,60,0.0233987239268559,0.0216681741730116,0,155.062837100006,1,-31.7507153943403,0,31.7507153943403,0
11,60,0.0001226558326321,0.0046913235665068,0,566.09173430571,1,157.583486433643,0,-157.583486433643,0
56,60,0.0160169112608508,0.0718872846673015,0,172.577970799201,1,6.55571357740227,0,-6.55571357740227,0
57,60,0.0002719390033016,0.0062276562296032,0,1445.33148575198,1,-111.755702770451,0,111.755702770451,0
68,69,0.0045930292976978,0.0195820969603245,0,68.8642406280375,1,49.6761416176445,0,-49.6761416176445,0
63,70,0.0021425469572741,0.0033377614137049,0,495.896460500868,1,383.049613714585,0,-383.049613714585,0
64,72,0.0007842257297281,0.0184249234211775,0,175.856197133426,1,58.4432130894511,0,-58.4432130894511,0
68,72,0.0031079794378419,0.0182452084965676,0,167.336639174111,1,-58.4432130894511,0,58.4432130894511,0
61,73,0.0115250504318864,0.0300239159130825,0,230.906329671115,1,100.290247709438,0,-100.290247709438,0
62,73,0.0811513421628125,0.567850428116109,0,20.437602644362,1,2.40631482599246,0,-2.40631482599246,0
69,75,0.008427429398637,0.0254386249863554,0,321.597865849542,1,76.2846497469363,0,-76.2846497469363,0
74,75,0.0313677448645364,0.182686690341259,0,51.0237479623148,1,4.46510492308242,0,-4.46510492308242,0
71,76,0.0004369957472589,0.0151384278002615,0,504.509671843921,1,127.504569366971,0,-127.504569366971,0
69,77,0.157881950680371,0.0489893645856293,0,405.708988016141,1,4.19880750264103,0,-4.19880750264103,0
74,78,0.0496588621213134,0.456922854695044,0,19.2117715602014,1,2.06482769787548,0,-2.06482769787548,0
75,78,0.0472262587023486,0.151870547084895,0,8.26707770098505,1,0.841188289595504,0,-0.841188289595504,0
69,79,0.0009649581794693,0.0258501487018285,0,211.170942004254,1,104.714886654635,0,-104.714886654635,0
71,79,0.0056935121342453,0.0140559750632186,0,553.527679510022,1,-127.504569366971,0,127.504569366971,0
74,79,0.0199113131404835,0.0694188705732898,0,4037.16356510606,1,22.7896827123365,0,-22.7896827123365,0
75,81,0.0099248787975832,0.0229230993166243,0,136.757227579303,1,67.6705137477654,0,-67.6705137477654,0
80,81,0.0082011358925144,0.0959907557757859,0,17.5901789795334,1,9.31103138120505,0,-9.31103138120505,0
77,82,0.0001737053980789,0.0030932523139137,0,1533.59141373548,1,481.919604893876,0,-481.919604893876,0
78,83,0.0905420748258249,0.0732211422145929,0,38.369030661488,1,2.90601598747098,0,-2.90601598747098,0
80,83,0.0413023827253659,0.10905357501151,0,38.2850712124026,1,-2.90601598747098,0,2.90601598747098,0
74,84,0.0003249724863753,0.0077783370071102,0,486.332964175076,1,222.533563100554,0,-222.533563100554,0
80,84,0.0438608359648647,0.0509947985668801,0,15.1193508793823,1,5.05504184536788,0,-5.05504184536788,0
80,85,0.245011453043159,0.267754898680031,0,2.68540879064426,1,0.980419359740443,0,-0.980419359740443,0
75,86,0.0100105851442896,0.0601395029986715,0,647.983182898048,1,22.1118167688849,0,-22.1118167688849,0
85,86,0.122479772697582,0.418021749940353,0,4.09690176950657,1,0.980419359740446,0,-0.980419359740446,0
80,87,0.0276949748297986,0.0792384598871441,0,10.4673714113016,1,1.47644725104353,0,-1.47644725104353,0
84,90,0.0759173459811651,0.11568276475284,0,121.495224023503,1,-3.4468101692171,0,3.4468101692171,0
89,91,0.0011336757906009,0.113773914991476,0,75.0309516240815,1,-2.74028058340898,0,2.74028058340898,0
88,92,0.0888938679309631,0.235214278355904,0,31.078982946939,1,-1.10915675956919,0,1.10915675956919,0
90,92,0.0039695722937096,0.025654514272333,0,1345.95369488495,1,-5.48709534459115,0,5.48709534459115,0
62,93,0.0051230917789876,0.012078339919152,0,47.2611172512551,1,-41.8703972382176,0,41.8703972382176,0
87,93,0.016315027041129,0.0831536486881917,0,9.34597743418602,1,1.47644725104353,0,-1.47644725104353,0
88,93,0.100902125889032,0.234951758077744,0,32.5455535172163,1,1.1091567595692,0,-1.1091567595692,0
89,93,0.0087786237561996,0.0160697420928076,0,432.93189530136,1,-24.9782820376109,0,24.9782820376109,0
90,93,0.145624785580632,0.0933056851900208,0,426.786523329537,1,4.08034163002415,0,-4.08034163002415,0
62,94,0.0007089724188238,0.0092206204181373,0,156.520418339624,1,111.188198747784,0,-111.188198747784,0
81,94,4.44397358947126e-05,0.0006815685680095,0,2825.70939612479,1,1286.64898903298,0,-1286.64898903298,0
89,94,0.000473492834801,0.0048918752817211,0,389.210723577666,1,230.904193321871,0,-230.904193321871,0
92,95,0.0831446322242877,0.183981349938332,0,17.4587004699954,1,0.832151308418635,0,-0.832151308418635,0
92,96,0.007926722413469,0.005307445306658,0,337.635359503503,1,180.100153400694,0,-180.100153400694,0
90,97,0.0351673166764686,0.0613567020275889,0,204.318417853723,1,-6.42277077317893,0,6.42277077317893,0
91,98,0.0031060740630199,0.119442744423587,0,88.1204370403206,1,-3.29767895591561,0,3.29767895591561,0
95,98,0.0164794566553327,0.0770602546669843,0,18.0495054888795,1,0.832151308418644,0,-0.832151308418644,0
97,98,0.117796304976506,0.190846523255049,0,38.1278131238235,1,2.46552764749696,0,-2.46552764749696,0
89,99,0.0089741403658207,0.0006393160305106,0,212.214545948047,1,-203.185630700852,0,203.185630700852,0
92,100,0.0003334432277388,0.0011155280855168,0,1406.19928234188,1,1030.8931349644,0,-1030.8931349644,0
97,100,0.0001354663710983,0.0048500639279642,0,1208.84974215722,1,289.336704165525,0,-289.336704165525,0
74,101,0.0013632188327036,0.0120901263124693,0,916.532235565502,1,180.105337071312,0,-180.105337071312,0
91,101,0.205891884421149,0.672679724745057,0,17.9501584585523,1,0.557398372506612,0,-0.557398372506612,0
92,101,0.0053379284138533,0.012336133065169,0,327.411287114522,1,79.9327079343616,0,-79.9327079343616,0
94,101,0.0004925999784575,0.0041042945089784,0,688.867045267037,1,-259.819654701369,0,259.819654701369,0
100,102,0.0045463492890644,0.0401134459470351,0,107.853940894949,1,41.4098989999742,0,-41.4098989999742,0
94,103,0.0001703764266198,0.0005382195261691,0,9095.05011137792,1,1949.42898006694,0,-1949.42898006694,0
62,104,0.0026192299456079,0.025755105629355,0,644.883650207407,1,-32.3721177531878,0,32.3721177531878,0
99,105,0.0001665707829205,0.0143290417349406,0,208.220760643017,1,-83.7357232638948,0,83.7357232638948,0
100,106,7.81642196337293e-05,0.0008831347458978,0,4289.87062946703,1,1282.78123955924,0,-1282.78123955924,0
103,106,0.0001405370349441,0.000626855007167,0,2309.09699014521,1,-1306.20112591228,0,1306.20112591228,0
75,107,0.0163737133214554,0.212800373726993,0,82.5993822198604,1,-9.87376413622713,0,9.87376413622713,0
82,107,0.0025830395126724,0.0156445405743602,0,346.817725979704,1,-118.69699444719,0,118.69699444719,0
104,109,6.23834987006571e-05,0.0258865178522268,0,671.709230840855,1,-32.3721177531878,0,32.3721177531878,0
107,109,0.0007657851103848,0.0060719977008744,0,1424.60335567169,1,301.766455298444,0,-301.766455298444,0
108,109,0.0021865387661616,0.0077559865543976,0,1579.87388108692,1,-269.394337545256,0,269.394337545256,0
100,110,0.0614753322819594,0.214840448175354,0,17.9501584585523,1,-3.96129942928462,0,3.96129942928462,0
102,112,0.0022766569028403,0.186018259696329,0,138.405972321656,1,-11.4458179771691,0,11.4458179771691,0
110,112,0.0031238731411209,0.0348351275215494,0,176.858168265708,1,10.994934604475,0,-10.994934604475,0
61,113,3.90515253942076e-05,0.001984674645315,0,3802.77076851413,1,644.871156676218,0,-644.871156676218,0
110,113,0.0001925112949719,0.0014917056197235,0,704.744115130879,1,243.647403807153,0,-243.647403807153,0
112,113,0.0029525252265918,0.0433809466757137,0,8.24506050923866,1,-0.450883372694133,0,0.450883372694133,0
64,114,0.0007272327968888,0.003387299527226,0,937.147858249451,1,431.647301408275,0,-431.647301408275,0
107,114,0.0001008029048249,0.003459307053339,0,746.783534276606,1,-431.647301408275,0,431.647301408275,0
63,115,0.0032537920755944,0.0060401690540712,0,4303.76288891344,1,-388.246707180643,0,388.246707180643,0
105,115,0.0002422715456966,0.0168911570865781,0,864.394431628279,1,134.830634959823,0,-134.830634959823,0
108,115,0.0022738765383894,0.0014950561639697,0,1813.90228912448,1,284.733415085395,0,-284.733415085395,0
62,116,0.029334242545546,0.0305830558050521,0,1353.03717020501,1,-4.14925934664896,0,4.14925934664896,0
65,116,0.0022050704484222,0.0061766834250848,0,495.371901685156,1,-387.348517616352,0,387.348517616352,0
82,116,0.0001067985590044,0.0031417079966783,0,1645.7204071872,1,483.88232288301,0,-483.88232288301,0
105,116,0.0011685483627437,0.0215215383142599,0,381.06663261736,1,60.738493462766,0,-60.738493462766,0
61,117,0.0008889717381536,0.0009862947056451,0,1057.1523291341,1,-745.161404385655,0,745.161404385655,0
66,117,0.162049299451329,1.0763978167467,0,17.9501584585523,1,0.0,0,0.0,0
67,117,1.82563490461802e-05,0.0008148441420315,0,6374.84003425583,1,1175.8098323644,0,-1175.8098323644,0
74,117,0.0033022930226514,0.0003726731179012,0,632.35521126698,1,-431.958515505161,0,431.958515505161,0
107,117,0.0003754399821206,0.858298478848892,0,17.9501584585523,1,1.31008752641353,0,-1.31008752641353,0
108,118,0.0285469424990793,0.0291581863365023,0,12115.1675352496,1,-15.3390775401387,0,15.3390775401387,0
113,118,0.0201753257211243,0.035276052017998,0,1497.6869852718,1,9.50305005962761,0,-9.50305005962761,0
116,118,0.0377500767290443,0.0166735836745183,0,41.3590812586949,1,5.83602748051115,0,-5.83602748051115,0
111,119,0.0002292367742354,0.00538695103345,0,744.979509572572,1,-262.451547655761,0,262.451547655761,0
113,119,0.0005971450957396,0.0012325856040127,0,1013.44437193672,1,741.122393267663,0,-741.122393267663,0
63,120,0.0038467715463073,0.0136735401210015,0,1356.80617370342,1,-147.287011902264,0,147.287011902264,0
116,120,0.0024377215387401,0.0088358130406856,0,1813.28032225915,1,147.287011902264,0,-147.287011902264,0
121,124,0.0587589241586298,0.138854637491134,0,48.2456050050148,1,-3.93374811104351,0,3.93374811104351,0
123,124,0.0464160702429186,0.147730649109225,0,52.1256440417208,1,3.93374811104351,0,-3.93374811104351,0
122,125,0.0070247218811238,0.0235602524920552,0,207.591929714483,1,26.907056815862,0,-26.907056815862,0
122,127,0.0604196423365509,0.153533086330894,0,17.9501584585523,1,0.916069816042392,0,-0.916069816042392,0
126,127,0.0331173878312728,0.161260955115196,0,17.9501584585523,1,-0.916069816042403,0,0.916069816042403,0
126,128,0.165630557308086,1.41690887691607,0,17.9501584585523,1,0.0,0,0.0,0
123,131,0.0006164731313076,0.0116072525792325,0,363.979954338336,1,28.4248861655153,0,-28.4248861655153,0
126,131,0.0698655786676297,0.301633025249149,0,8.50163954133475,1,-6.16472438614841,0,6.16472438614841,0
129,132,0.0026775225628809,0.0076130969695608,0,1073.37509962169,1,-273.187250043201,0,273.187250043201,0
130,132,0.004874107797146,0.0259481061238826,0,183.334935509139,1,59.068146388351,0,-59.068146388351,0
129,133,0.0015642866817781,0.0042193821497783,0,1498.66143972916,1,324.558875785704,0,-324.558875785704,0
125,134,0.0510322347935929,0.359026885784651,0,56.9546482971294,1,-3.19397387986106,0,3.19397387986106,0
126,134,0.0104502963987622,0.0708288823186129,0,126.181049356965,1,-11.3111874192667,0,11.3111874192667,0
130,134,0.0060028389988288,0.0437753485703928,0,1495.63847584402,1,28.8322964179865,0,-28.8322964179865,0
131,135,0.0947121663807295,0.0221058166841042,0,135.08086222048,1,85.7660423983421,0,-85.7660423983421,0
130,136,0.0430424433168616,0.0478757448813698,0,349.573630002114,1,9.2130509983033,0,-9.2130509983033,0
131,137,0.010349475589449,0.0100402741235512,0,779.270768849569,1,-72.4534658146568,0,72.4534658146568,0
129,138,0.0031664202160141,0.0052978695761026,0,51.3716257425032,1,-51.3716257425031,0,51.3716257425031,0
122,139,0.0004811433887369,0.0044307392324618,0,177.133244987593,1,103.351121991932,0,-103.351121991932,0
136,139,0.163647170679096,0.188055835650453,0,133.042587564339,1,9.52785886332033,0,-9.52785886332033,0
138,139,0.0059275351670702,0.0098113593451154,0,216.764813376997,1,-112.878980855252,0,112.878980855252,0
130,140,0.0191863326825401,0.38850626708683,0,16.4133811539451,1,1.06394101328805,0,-1.06394101328805,0
136,140,0.134125339090595,0.026067166651456,0,13.8562397242311,1,-1.06394101328802,0,1.06394101328802,0
131,141,0.0529627998808966,0.0313502821086933,0,8.9475851956814,1,8.94758519568142,0,-8.94758519568142,0
136,141,0.0412075851781118,0.0577277390091215,0,192.035460995384,1,0.749133148270997,0,-0.749133148270997,0
135,143,0.0009386489067371,0.0021937946031219,0,1536.63505347222,1,526.313361517823,0,-526.313361517823,0
138,144,0.0004289589820228,0.0191087345571453,0,718.838871752251,1,-31.3627973399467,0,31.3627973399467,0
123,145,0.0085384179871985,0.114684256295783,0,91.5287868871501,1,-0.343076416485594,0,0.343076416485594,0
125,146,1.50468109207876,1.23775427017303,0,17.9501584585523,1,0.336798554758263,0,-0.336798554758263,0
143,146,0.104664000535398,0.0296939066088741,0,601.237865350299,1,-14.4349404795794,0,14.4349404795794,0
141,148,0.291379420097265,0.275927523345254,0,76.6897985815126,1,6.62514549361735,0,-6.62514549361735,0
143,148,0.0379814714304987,0.126373216858815,0,78.0943087953674,1,-7.45397275237528,0,7.45397275237528,0
144,150,0.0004266069532596,0.0875239400843734,0,24.6217549618707,1,-1.23053865383138,0,1.23053865383138,0
149,150,0.0121388609759812,0.293832723253806,0,4.25993717887062,1,4.25993717887062,0,-4.25993717887062,0
142,151,0.0090420818893009,0.0123875498637477,0,502.540043961357,1,-127.340724446629,0,127.340724446629,0
143,151,0.0100244752501425,0.0140153239408441,0,681.081317478496,1,-70.106746306562,0,70.106746306562,0
144,151,0.0073420363627416,0.0155727731478475,0,1732.34032546946,1,-30.1322586861153,0,30.1322586861153,0
145,151,0.006729934236145,0.0100847601242183,0,779.831112966647,1,241.677871364127,0,-241.677871364127,0
146,151,0.101511821045968,0.0392916306541426,0,1505.28754736072,1,-14.0981419248211,0,14.0981419248211,0
147,152,0.0603623016225148,0.101809409087288,0,39.2322797558314,1,3.45726359935005,0,-3.45726359935005,0
148,152,0.294616248621584,0.444256553268702,0,17.9501584585523,1,-0.828827258757937,0,0.828827258757937,0
143,153,0.0015694674222994,0.0340431575259102,0,130.060276452918,1,-58.8324290158437,0,58.8324290158437,0
147,153,0.00065140355477,0.0593239488792118,0,110.691145420636,1,-5.7424570450719,0,5.7424570450719,0
125,154,0.0041825003924337,0.056063958204804,0,86.0899596003805,1,-32.3663541582933,0,32.3663541582933,0
149,154,0.0366835457604806,0.0826646083117698,0,14.5065393798772,1,-9.5246696519425,0,9.5246696519425,0
147,155,0.19624735032147,0.0289512935030374,0,26.2104174178249,1,2.92139391098734,0,-2.92139391098734,0
152,155,0.0078058999984931,0.09153295984774,0,23.4430593054878,1,-2.92139391098735,0,2.92139391098735,0
147,156,0.0397067149822957,0.544810434542292,0,4.3883151690946,1,-0.764309171346105,0,0.764309171346105,0
150,156,0.0035105347645657,0.0365389419247166,0,792.686205760747,1,-39.8903863396167,0,39.8903863396167,0
147,157,0.0048458093941648,0.225263651419839,0,6.77962663396093,1,0.12810870608066,0,-0.12810870608066,0
149,157,0.035322565987182,0.363638622179901,0,3.33280796082574,1,0.658396177998977,0,-0.658396177998977,0
152,157,0.133399498823632,0.410834993830377,0,17.9501584585523,1,-0.786504884079633,0,0.786504884079633,0
149,158,0.0278004210080755,0.24370804753158,0,12.0339310567991,1,4.6063362950729,0,-4.6063362950729,0
152,158,0.0003893949400223,0.0557003164798385,0,202.809768554518,1,10.0548659671317,0,-10.0548659671317,0
153,158,0.0008838360821468,0.0044321605744798,0,1531.03027627481,1,282.640122751042,0,-282.640122751042,0
137,159,0.0029302884288238,0.0116383210027162,0,817.864574255443,1,306.126658515878,0,-306.126658515878,0
159,160,0.0098604784810827,0.008093882680578,0,965.622039641352,1,-227.714331351217,0,227.714331351217,0
156,162,0.0260944371535512,0.0131523844758916,0,75.6178774223135,1,-40.7007967979754,0,40.7007967979754,0
158,162,0.0025387785175726,0.010398069111902,0,318.967274143155,1,-179.240712896871,0,179.240712896871,0
160,163,0.0025948559703826,0.0141175293297653,0,1039.33594679209,1,-227.668230064205,0,227.668230064205,0
162,163,0.0067473925640593,0.0202191478729958,0,799.087678467337,1,-131.485145480787,0,131.485145480787,0
156,165,0.0553045790975316,0.181609135388563,0,38.3339020372863,1,0.0461012870127175,0,-0.0461012870127175,0
160,165,0.226179824944234,0.258352287837336,0,39.1276475402251,1,-0.0461012870127231,0,0.0461012870127231,0
158,166,0.0026876738508909,0.028283065821039,0,1557.44832157256,1,-76.8176067490595,0,76.8176067490595,0
122,167,0.289067813763368,1.93080277124603,0,7.39430772595067,1,-1.3112370287545,0,1.3112370287545,0
162,167,0.002348494800723,0.0070324473339793,0,777.367291585924,1,-198.691598899034,0,198.691598899034,0
163,167,0.0243743668652916,0.438049223712546,0,17.9501584585523,1,2.87919559342588,0,-2.87919559342588,0
164,167,0.0128584369895425,0.0230770600719494,0,204.310691369101,1,-50.2378497731534,0,50.2378497731534,0
150,168,0.001243777867137,0.019485303619734,0,207.681534732287,1,-50.2378497731534,0,50.2378497731534,0
164,168,0.0094965142467943,0.0249196893430215,0,223.345829490769,1,50.2378497731534,0,-50.2378497731534,0
162,169,0.0011546723522532,0.0137987435363486,0,614.439293079145,1,132.695496259531,0,-132.695496259531,0
161,170,0.0094396022449877,0.0031532615613641,0,3874.79351267482,1,677.468600945316,0,-677.468600945316,0
143,171,0.0621343666097415,0.131490653617936,0,732.466256932784,1,-40.6935740370503,0,40.6935740370503,0
154,171,0.0073997158849744,0.0314548613323141,0,179.935121195565,1,-85.5427423168933,0,85.5427423168933,0
166,171,0.0349036299727835,0.031608013881766,0,1340.20947016973,1,-76.8176067490595,0,76.8176067490595,0
167,172,0.0025185644291602,0.0044305527143827,0,1629.67615643502,1,-247.361490107515,0,247.361490107515,0
123,173,0.0007807235048318,0.0033684043410664,0,553.955725488782,1,396.978155246933,0,-396.978155246933,0
170,173,0.0031602699986884,0.0007031542125269,0,799.646563412021,1,-435.286089551418,0,435.286089551418,0
122,174,0.0954998006993325,0.892957162444846,0,10.3139921919463,1,-3.49332458992984,0,3.49332458992984,0
171,174,0.0272321532346868,0.0340543684343602,0,408.605666123227,1,22.0821819104744,0,-22.0821819104744,0
123,175,0.016197744894966,0.067532802151815,0,10.6267508329036,1,-4.17331825144693,0,4.17331825144693,0
173,175,0.0026765572703998,0.0422632764368135,0,805.935545662048,1,-38.3079343044871,0,38.3079343044871,0
171,177,0.0719940140215875,0.175258337002071,0,7.49232548498201,1,2.53840355654302,0,-2.53840355654302,0
174,177,0.0123045289310742,0.305308827018083,0,7.338446082147,1,-1.00592693520713,0,1.00592693520713,0
176,177,0.0051349668143218,1.53850737578727,0,17.9501584585523,1,-1.53247662133589,0,1.53247662133589,0
121,178,0.0047500264158993,0.149994144274642,0,50.3932186763756,1,3.93374811104351,0,-3.93374811104351,0
123,178,0.0017277542386582,0.0188984166895373,0,126.603348769704,1,90.8749944367449,0,-90.8749944367449,0
175,178,0.0029459204851273,0.20944837247435,0,165.480590333199,1,9.5452132842968,0,-9.5452132842968,0
176,178,0.0048084295121688,0.185261385811266,0,4.77772811877249,1,4.77772811877249,0,-4.77772811877249,0
122,179,0.0271796892487584,0.190581234460216,0,35.7176240106985,1,-1.81568162300807,0,1.81568162300807,0
123,179,0.0017236593039449,0.0120552727128666,0,237.073493407013,1,128.990125066369,0,-128.990125066369,0
143,179,0.0003783980951081,0.0211053966950783,0,372.371299930949,1,-86.4933053720102,0,86.4933053720102,0
171,179,0.0057695387254844,0.318488956007845,0,17.9501584585523,1,11.0689839014385,0,-11.0689839014385,0
175,179,0.0032734939308314,0.0309462336955118,0,342.12007195739,1,59.3560763744822,0,-59.3560763744822,0
176,179,0.0726331996705555,0.382810114250606,0,4.07493248620153,1,1.88800172415759,0,-1.88800172415759,0
122,180,0.0122629961443799,0.0977566879277854,0,5358.8877837371,1,-23.4109397416983,0,23.4109397416983,0
172,180,0.0005065484994767,0.0094489326467303,0,290.352963567433,1,141.72101018703,0,-141.72101018703,0
174,180,0.002309604940381,0.0423997157638159,0,589.351254620309,1,19.5947842557517,0,-19.5947842557517,0
176,180,0.0001267628233026,0.0457235990722364,0,688.877417985895,1,-26.6775790695868,0,26.6775790695868,0
183,186,0.0006695930749887,0.0217681944610844,0,310.533643081569,1,66.1753759373167,0,-66.1753759373167,0
184,186,0.0188306106212686,0.0105986637742051,0,297.489143229996,1,-66.1753759373167,0,66.1753759373167,0
185,188,0.0001677464047229,0.0024691162732944,0,1914.77490227543,1,-362.428892065631,0,362.428892065631,0
182,189,0.0043379482092899,0.0148338493884076,0,127.596664621437,1,-127.596664621437,0,127.596664621437,0
185,190,4.53634883849422e-05,0.0024566946718513,0,1753.82349617717,1,362.428892065631,0,-362.428892065631,0
187,190,0.0141222674030437,0.0233540381555602,0,395.187874372393,1,-45.6169086701661,0,45.6169086701661,0
189,190,0.0004040308025392,0.0035029026085084,0,616.782953303567,1,379.33064480936,0,-379.33064480936,0
183,191,0.00657631676048,0.0421955023945339,0,58.8193874664025,1,19.6150504831801,0,-19.6150504831801,0
189,191,5.15457984208318e-05,0.0032063264071487,0,1416.12520131046,1,-506.927309430797,0,506.927309430797,0
184,193,0.0003542217020997,0.0431802111999588,0,380.897398476391,1,17.9329572379828,0,-17.9329572379828,0
192,194,0.0082886850177474,0.0224541638987107,0,437.923397843847,1,93.4913134237381,0,-93.4913134237381,0
187,195,0.0024825922174826,0.017964165919349,0,565.155960061428,1,45.6995562850762,0,-45.6995562850762,0
183,196,0.0087434179813752,0.0395223070696575,0,364.113036023486,1,-85.7904264204968,0,85.7904264204968,0
192,196,0.0010903723794584,0.0052194052101502,0,1177.51712054622,1,-461.428674922942,0,461.428674922942,0
192,197,0.0021236549014321,0.0083900291633798,0,1227.87170740029,1,531.991517730682,0,-531.991517730682,0
197,198,0.0004162590619855,0.0040443629812554,0,404.602845061135,1,404.602845061135,0,-404.602845061135,0
193,200,0.0164358272388575,0.0434985760186899,0,110.553986817708,1,10.1161059295814,0,-10.1161059295814,0
194,200,0.0027585693634108,0.0239514997200622,0,408.646304617925,1,93.4913134237381,0,-93.4913134237381,0
199,200,0.0091241628177757,0.0080694911226186,0,499.949571585436,1,-103.60741935332,0,103.60741935332,0
197,202,0.0055965437888753,0.0144640181334971,0,760.458440177066,1,127.388672669547,0,-127.388672669547,0
199,202,0.0001310696181535,0.0868541849018915,0,542.538530354621,1,13.0263248509588,0,-13.0263248509588,0
201,202,0.0073924390725344,0.0063904104814513,0,164.19649132158,1,-143.128065000197,0,143.128065000197,0
193,203,0.0444505808705064,0.235133925531405,0,199.312302625254,1,7.8168513084013,0,-7.8168513084013,0
201,204,0.0012585245214684,0.003016626625635,0,982.051253154671,1,439.945058478761,0,-439.945058478761,0
195,205,0.0018396749960637,0.0170228536320278,0,655.886554617219,1,-108.398001526926,0,108.398001526926,0
198,205,0.0015983467549531,0.0173950091249909,0,1153.13252048777,1,-74.4284182007035,0,74.4284182007035,0
203,206,0.0181635884674449,0.444757746540542,0,5.01643913137678,1,0.836509442481877,0,-0.836509442481877,0
203,208,0.0190928136111882,0.371161645505424,0,5.26434482242287,1,-0.734901107309571,0,0.734901107309571,0
207,208,0.0854903862250399,0.10445773444474,0,5.20936715744452,1,0.734901107309566,0,-0.734901107309566,0
203,209,0.0014416289656087,0.0398829933444598,0,1938.04267427205,1,23.4331333890957,0,-23.4331333890957,0
206,209,0.0016494650359181,0.0537458701858891,0,344.024846915887,1,10.466654395089,0,-10.466654395089,0
205,210,0.0029581286024167,0.0015261400749176,0,595.250976077529,1,-419.40531195181,0,419.40531195181,0
206,210,0.0034153523559506,0.11760374122322,0,505.672681212703,1,-16.5259230523373,0,16.5259230523373,0
201,211,3.83218793773217e-07,0.0028282520729503,0,257.800708521128,1,-225.440592014173,0,225.440592014173,0
205,211,0.0028923962183712,0.0078864172852355,0,245.006032466867,1,225.440592014173,0,-225.440592014173,0
195,212,0.0103681285110286,0.0293427335673996,0,308.078275974709,1,-10.6473155700184,0,10.6473155700184,0
206,212,0.0032476830274436,0.0332642441188983,0,165.653701438467,1,6.89577809973017,0,-6.89577809973017,0
203,213,0.0003881124023543,0.227626726380906,0,91.3289300367781,1,-6.15521207288506,0,6.15521207288506,0
207,213,0.0071631643117169,0.0236541328620643,0,91.8465520650747,1,-44.4555533478989,0,44.4555533478989,0
210,213,0.0087148540542822,0.09166875191705,0,22.3861956078823,1,1.85860007504962,0,-1.85860007504962,0
195,214,0.0016422934009721,0.0181343041867546,0,348.931656316902,1,-32.0668730531129,0,32.0668730531129,0
202,214,0.0059175941895655,0.0874071266636902,0,17.9501584585523,1,-2.7130674796906,0,2.7130674796906,0
205,215,0.012425764558933,0.0731054114978603,0,335.130058784195,1,11.1383002100072,0,-11.1383002100072,0
207,215,0.0004889267320962,0.0053157523502353,0,111.723247064816,1,43.7206522405893,0,-43.7206522405893,0
214,216,0.0039243429065055,0.0260798696911962,0,164.390713677882,1,-40.705895389268,0,40.705895389268,0
195,217,0.0036340515097744,0.0150331162366696,0,260.621110857242,1,-92.7367301385295,0,92.7367301385295,0
212,217,0.012059282995686,0.288335304703483,0,50.0342178662159,1,-3.75153747028825,0,3.75153747028825,0
213,217,0.0113962307880661,0.027412911397543,0,770.413301722949,1,33.5906304176357,0,-33.5906304176357,0
201,219,0.0002857932598089,0.0010095945046033,0,3589.95043215661,1,-953.784943119875,0,953.784943119875,0
214,219,0.0150784411250117,0.031868700831959,0,435.545453589015,1,5.92595485646448,0,-5.92595485646448,0
217,219,0.0023033823261575,0.0566987041261681,0,17.6629097828028,1,17.6629097828028,0,-17.6629097828028,0
218,219,0.032234638110957,0.110151763831011,0,213.235931668388,1,10.9435271804296,0,-10.9435271804296,0
215,221,0.0001016731651773,0.0195682133551911,0,215.432227828231,1,54.8589524505965,0,-54.8589524505965,0
216,222,0.0165902884344696,0.0260056700104759,0,137.667564655409,1,-40.705895389268,0,40.705895389268,0
218,222,0.0549887904592818,0.100844286599921,0,211.601356121338,1,-10.9435271804296,0,10.9435271804296,0
223,224,0.0032708362119781,0.0036265799424183,0,2168.13425613721,1,-246.233986999956,0,246.233986999956,0
219,225,4.03251256072904e-05,0.0021996463751398,0,2379.88612619451,1,-639.918852117245,0,639.918852117245,0
220,225,0.0049429938062729,0.0275903619504282,0,483.894804546136,1,-17.6776509218348,0,17.6776509218348,0
222,226,0.0042507611408854,0.012109335698498,0,168.159836264414,1,94.525090155027,0,-94.525090155027,0
219,227,0.000346018173697,0.0042197142424612,0,865.561682432816,1,-279.333699182934,0,279.333699182934,0
221,228,0.0007469804240407,0.0126919630272933,0,324.514630060676,1,-46.2841131898495,0,46.2841131898495,0
226,228,0.0009143258544596,0.0218680877986015,0,355.026720626811,1,46.2841131898495,0,-46.2841131898495,0
226,230,0.0142646875187997,0.0475597845823434,0,161.337760333291,1,4.27016113369809,0,-4.27016113369809,0
227,230,0.0103256258784141,0.006502637065097,0,300.593971685585,1,33.431262744595,0,-33.431262744595,0
199,231,0.0053266287889635,0.036905732575396,0,143.954570826086,1,75.6664693458804,0,-75.6664693458804,0
223,231,0.0003969684213848,0.0081771793166018,0,461.257066654991,1,-211.295681496752,0,211.295681496752,0
182,232,0.0004211590147052,0.01033133730539,0,325.781909567988,1,172.072445609224,0,-172.072445609224,0
201,233,0.0010193622675135,0.0026203684638221,0,3130.66105661386,1,-365.904368472288,0,365.904368472288,0
226,233,0.0146163621777122,0.0265752797933589,0,85.7975974014671,1,43.9708158314795,0,-43.9708158314795,0
181,234,0.0103292277703443,0.0351492213018558,0,94.535936099004,1,-43.9872961438792,0,43.9872961438792,0
182,234,0.120245543794681,0.237932163415872,0,9.77336305553298,1,-1.83040662861789,0,1.83040662861789,0
184,234,0.0011310692136867,0.0366563174233795,0,92.7511450692999,1,48.2424186993339,0,-48.2424186993339,0
229,234,0.051766076360961,0.292915439852905,0,7.41273357053136,1,-2.42471592683679,0,2.42471592683679,0
229,235,0.0083541357370844,0.295650950055071,0,7.38054730129007,1,2.42471592683679,0,-2.42471592683679,0
232,236,2.307457281537e-05,0.0041559407257183,0,571.017477851444,1,226.719155115343,0,-226.719155115343,0
235,236,0.0003668091742661,0.007091911085813,0,582.16327825609,1,243.710917290149,0,-243.710917290149,0
230,237,0.227246263813142,0.744709979033814,0,17.9501584585523,1,0.404490668804633,0,-0.404490668804633,0
232,237,0.0008379384937802,0.0284868711808684,0,268.178586245561,1,-52.9430965224742,0,52.9430965224742,0
230,238,0.0002226041466502,0.020498883301404,0,214.136713609892,1,37.2969332094885,0,-37.2969332094885,0
231,238,0.0074489714932041,0.014054465957451,0,458.798250893412,1,-135.629212150871,0,135.629212150871,0
182,239,0.0017740051455795,0.0404924316536929,0,1206.17645355914,1,9.83853891114203,0,-9.83853891114203,0
187,239,0.0009265223751195,0.0769867152805883,0,205.03402103657,1,-1.3373899710778,0,1.3373899710778,0
238,239,0.0197401248814978,0.0393459975591032,0,163.657673900853,1,-8.50114894006424,0,8.50114894006424,0
187,240,0.0394509826867582,0.407869600681959,0,17.9501584585523,1,1.25474235616771,0,-1.25474235616771,0
232,240,0.22192181836678,0.44882235271165,0,4.18152464509938,1,-1.70361298364422,0,1.70361298364422,0
235,240,0.364015202026705,0.337603737465558,0,6.53048731329472,1,0.0637587686429603,0,-0.0637587686429603,0
238,240,0.169815331526487,0.727701141415992,0,17.9501584585523,1,0.385111858833543,0,-0.385111858833543,0
241,243,0.0021264323226806,0.0404351324019,0,79.0582173787644,1,0.717463654004113,0,-0.717463654004113,0
243,246,0.005723300112445,0.0204161468681412,0,82.2946283561054,1,0.717463654004113,0,-0.717463654004113,0
245,247,0.0021927809672937,0.0086391552101517,0,5102.89033744192,1,-767.962942473279,0,767.962942473279,0
242,248,0.0025681566562361,0.0092813001423951,0,261.180141593263,1,-159.380921005872,0,159.380921005872,0
242,251,0.0074004060195853,0.0291301755216273,0,143.349714351365,1,37.8183367361658,0,-37.8183367361658,0
244,251,0.0038631078381827,0.032751410771594,0,932.600660548777,1,97.7556281753139,0,-97.7556281753139,0
247,252,0.0013761391034259,0.0004398987270687,0,833.317731795104,1,-767.962942473279,0,767.962942473279,0
241,253,0.0050738477595688,0.059055504421838,0,4638.64592387278,1,12.671166402983,0,-12.671166402983,0
253,254,0.0171785876288441,0.0598641351747655,0,253.104364507547,1,5.55520695241262,0,-5.55520695241262,0
245,255,0.0030691489116753,0.0172717945848584,0,333.680355623824,1,-78.9226125631703,0,78.9226125631703,0
249,255,0.0746642197093835,1.52077832880855,0,17.9501584585523,1,0.0,0,0.0,0
251,255,0.0006718029691686,0.0051191330825763,0,746.359204379808,1,135.57396491148,0,-135.57396491148,0
246,256,0.0048394950172145,0.0169403403168881,0,189.616896744494,1,99.2899340818005,0,-99.2899340818005,0
248,258,0.0013922431183075,0.0081841161460852,0,447.642399761684,1,215.617042999362,0,-215.617042999362,0
254,258,0.0026659570876479,0.0631209962893972,0,218.397150826427,1,5.55520695241262,0,-5.55520695241262,0
250,259,0.001575196870743,0.0321051421617264,0,820.420963638932,1,-105.150797957662,0,105.150797957662,0
253,259,0.0880982448253512,0.395628076876583,0,22.1980705835574,1,2.73972084270446,0,-2.73972084270446,0
258,259,0.0005194724583504,0.001811721999085,0,378.345898154134,1,221.172249951775,0,-221.172249951775,0
257,260,0.0148911588166569,0.023545157642248,0,268.995863495069,1,-109.880900140596,0,109.880900140596,0
259,260,0.0028448925874763,0.0202423292776585,0,329.96637013698,1,110.423993010368,0,-110.423993010368,0
253,263,0.0043536491924308,0.238432730918953,0,25.0053270636516,1,4.37623860786592,0,-4.37623860786592,0
261,263,0.0753098609794991,0.453495810097311,0,52.2120569655026,1,4.31792168097069,0,-4.31792168097069,0
262,263,0.0369052070935048,0.0749275194512986,0,45.3287991732974,1,0.328052286244684,0,-0.328052286244684,0
261,265,0.0011726857722008,0.0059290640442236,0,1197.13548441482,1,-297.812655409225,0,297.812655409225,0
264,265,0.0020978976834172,0.0289407443658639,0,333.843384556038,1,-50.65621941552,0,50.65621941552,0
260,266,0.0037009227983026,0.0158603640992104,0,665.300404876753,1,-89.1827268614719,0,89.1827268614719,0
262,266,0.0013668929814932,0.0162854335577233,0,184.754793415346,1,54.3934193680905,0,-54.3934193680905,0
263,266,0.0219495339260249,0.0954577678003796,0,78.4993054238136,1,9.02221257508131,0,-9.02221257508131,0
262,267,0.0165533474602308,0.0678399171632092,0,117.838054712944,1,-2.57362723266232,0,2.57362723266232,0
261,268,0.0003519298196292,0.0227013793135032,0,244.199688480737,1,-110.23332960657,0,110.23332960657,0
261,269,0.0054647934722274,0.0318079676807645,0,55.7976194983445,1,-34.0617717443722,0,34.0617717443722,0
264,269,0.0423295717991076,0.160885995667532,0,132.34859369669,1,-4.87123892348087,0,4.87123892348087,0
262,271,0.0063734365156183,0.0480353888132687,0,148.760033163593,1,-52.1478444216728,0,52.1478444216728,0
265,271,0.0134485058900833,0.019335888466063,0,195.819820222604,1,61.7705037562094,0,-61.7705037562094,0
268,271,0.0488868137068507,0.223056437198402,0,106.874227980012,1,8.65738696746302,0,-8.65738696746302,0
272,273,0.0373064484950301,0.028863056609641,0,1070.38130535353,1,14.9307763953447,0,-14.9307763953447,0
245,274,0.0028179701471178,0.0044637600454105,0,1834.61101286153,1,-308.439578411165,0,308.439578411165,0
267,275,0.0010376741247095,0.0277414318119628,0,302.300628595762,1,62.7117911218635,0,-62.7117911218635,0
267,276,0.0068368025694605,0.0238013029587326,0,509.531821634505,1,-65.2854183545259,0,65.2854183545259,0
270,276,0.0367242417767459,0.176077677056148,0,17.9501584585523,1,0.0,0,0.0,0
272,276,0.0024434763547113,0.0475024693607138,0,1183.14146360344,1,-14.9307763953447,0,14.9307763953447,0
273,277,0.10897783859227,0.44293332828525,0,13.718837270345,1,-1.1801404289337,0,1.1801404289337,0
268,278,0.0434766643668763,0.0093873101141474,0,353.660651750234,1,49.5960275311496,0,-49.5960275311496,0
278,279,0.263869503125694,1.22875167951263,0,17.9501584585523,1,-1.73472347597681e-16,0,1.73472347597681e-16,0
275,280,0.0021334945015043,0.024875636333017,0,339.095176258788,1,66.4083009205767,0,-66.4083009205767,0
274,281,0.0009609695392997,0.0573262678770765,0,133.56628624042,1,-43.0331373028585,0,43.0331373028585,0
266,282,0.0016710595482302,0.0463038134734715,0,893.172685667502,1,-16.1109168242784,0,16.1109168242784,0
273,282,0.0101743143754357,0.0451929349682582,0,1982.07663781722,1,16.1109168242784,0,-16.1109168242784,0
241,283,0.0440818493539006,0.0369984498875709,0,57.1940962286871,1,57.1940962286871,0,-57.1940962286871,0
245,283,0.0046823227132028,0.0146953157214204,0,856.227562077999,1,-148.949193696652,0,148.949193696652,0
259,283,0.002272545138715,0.0340499182424163,0,181.328298660687,1,8.33717982644922,0,-8.33717982644922,0
281,283,0.0016732316225408,0.0198383517847823,0,193.356949890704,1,83.417917641516,0,-83.417917641516,0
277,285,0.266880842046477,0.368688779631475,0,17.151495890309,1,-1.1801404289337,0,1.1801404289337,0
278,286,0.528383295390601,1.32102129192745,0,17.9501584585523,1,-3.4694469519536098e-16,0,3.4694469519536098e-16,0
279,286,0.143201873101444,1.7588127115093,0,17.9501584585523,1,-8.67361737988404e-17,0,8.67361737988404e-17,0
281,287,0.0026024646630838,0.0141189816384894,0,950.079557475983,1,-126.451054944375,0,126.451054944375,0
278,288,0.0009826999114236,0.0038819102496886,0,3308.89887283964,1,-394.38499072282,0,394.38499072282,0
284,288,0.0015352079506042,0.000346999410628,0,2319.57235347202,1,786.999650772449,0,-786.999650772449,0
287,288,0.0029580171135342,0.0151896763486579,0,276.137150662598,1,-158.668292175757,0,158.668292175757,0
288,291,0.110802294954219,0.497973881423566,0,17.9501584585523,1,-1.3877787807814502e-15,0,1.3877787807814502e-15,0
290,291,0.104540640756333,0.400181556029193,0,17.9501584585523,1,0.0,0,0.0,0
276,292,0.0033744363128411,0.0160436129448598,0,1439.86332251884,1,-80.2161947498706,0,80.2161947498706,0
241,293,0.0183045236083642,0.0800698477025188,0,547.138380474895,1,-1.03267723897974,0,1.03267723897974,0
289,293,0.0106969649457826,0.0815017249214618,0,896.984798167318,1,1.03267723897974,0,-1.03267723897974,0
264,294,0.0072712603476068,0.0382742208954188,0,287.475695031609,1,44.1697014598282,0,-44.1697014598282,0
274,294,0.0001382111796428,0.006419314851344,0,969.622329527107,1,-265.406441108306,0,265.406441108306,0
278,295,0.0072600757645829,0.0865925603079875,0,21.9361417908259,1,21.9361417908259,0,-21.9361417908259,0
285,295,0.0553126207096906,0.44472991602603,0,16.6447913427099,1,-1.1801404289337,0,1.1801404289337,0
287,296,0.142566388685474,0.0170920168669252,0,700.693632922216,1,32.2172372313827,0,-32.2172372313827,0
294,296,0.018567708801493,0.0689771034990535,0,2158.81140737729,1,-28.9647449222896,0,28.9647449222896,0
288,297,0.0008271392381384,0.0120055794874232,0,549.473044682808,1,233.946367873874,0,-233.946367873874,0
292,297,9.76365714548361e-05,0.0014681355936724,0,443.353207949709,1,219.782324304794,0,-219.782324304794,0
289,298,0.0117202207253048,0.301752481600148,0,46.1885215197489,1,0.652621853187679,0,-0.652621853187679,0
244,299,0.0214593036923165,0.0061582195127839,0,876.917278058996,1,-97.7556281753138,0,97.7556281753138,0
289,299,0.0018889493100673,0.019679119838948,0,617.802297219945,1,-70.5820212779624,0,70.5820212779624,0
296,299,0.0339804968505419,0.0609802932997502,0,62994.7696845235,1,-12.8297134283419,0,12.8297134283419,0
250,300,0.0003646700002317,0.0073945632033619,0,879.368899013773,1,-440.274913454613,0,440.274913454613,0
295,300,0.0019123062950168,0.0116003054971909,0,285.44415491167,1,194.498382476135,0,-194.498382476135,0
296,300,0.0386761899237476,0.16950018869214,0,47.2096677346195,1,16.082205737435,0,-16.082205737435,0
297,300,0.0037191597512388,0.0063431138662762,0,2017.32038640989,1,453.728692178668,0,-453.728692178668,0
298,300,5.91864150467282e-06,0.0541270343849542,0,1131.15410476632,1,35.5159727072976,0,-35.5159727072976,0
54,99,0.0004395052180581,0.0044839877608548,0,205.68697851914,1,119.449907436958,0,-119.449907436958,0
56,92,0.0001295987666071,0.000767495975078,0,2434.4284350194,1,1285.69878815271,0,-1285.69878815271,0
57,81,5.33757276088137e-05,0.0008225545771799,0,2144.25829195198,1,1209.66744390401,0,-1209.66744390401,0
47,93,0.0009420752603469,0.0019330417068821,0,736.876804315755,1,371.439679837401,0,-371.439679837401,0
106,132,0.0099872312405403,0.0120067757073297,0,95.6642756145509,1,-23.4198863530468,0,23.4198863530468,0
93,153,0.0005733121408595,0.0043277256088605,0,2166.15736202462,1,277.049804680342,0,-277.049804680342,0
90,145,0.0019087702248128,0.037128620090548,0,1658.28949747738,1,4.38271431852881,0,-4.38271431852881,0
113,158,0.0032029167372745,0.0168128574116104,0,205.058177681086,1,137.442233783387,0,-137.442233783387,0
135,195,0.0002565698257357,0.0024677370744028,0,1011.65816277669,1,-440.547319119479,0,440.547319119479,0
123,190,0.0002645676216261,0.0010738965192769,0,1573.40250585346,1,-696.142628204824,0,696.142628204824,0
122,221,0.0004894218875716,0.0071168427754077,0,329.944084059343,1,-101.143065640446,0,101.143065640446,0
126,204,0.0270199149823097,0.0460372936498536,0,127.534028908396,1,18.3919816214575,0,-18.3919816214575,0
209,255,0.0061885420590582,0.01983390255616,0,932.743533473522,1,-38.0191439503881,0,38.0191439503881,0
210,261,0.0008031155940226,0.0030979478840779,0,776.793338711786,1,-437.789835079197,0,437.789835079197,0
224,250,0.0019694494827053,0.0010566997866229,0,2333.58831311268,1,-585.439773955259,0,585.439773955259,0
222,298,0.0040491316985826,0.0064537104335439,0,161.933070391175,1,-146.174512724725,0,146.174512724725,0
271,59,0.0202107811325159,0.0517497153289072,0,580.381731172842,1,18.2800463019996,0,-18.2800463019996,0
275,28,0.0137231452700182,0.0529158301695503,0,6.58100279889339,1,-3.6965097987132,0,3.6965097987132,0
255,14,0.0079171639784086,0.0105861911470401,0,908.495751231909,1,18.632208397922,0,-18.632208397922,0
269,53,0.0014918315601158,0.0121788385221157,0,838.908988157348,1,150.299080105368,0,-150.299080105368,0
