from_bus,to_bus,resistance,reactance,susceptance,line_rating,line_status,P_from,Q_from,P_to,Q_to
1,3,0.0003827328172746,0.0012288637670407,0,1837.18441393281,1,-509.561365678192,0,509.561365678192,0
3,4,2.76977375915156e-05,0.0040902733543668,0,1703.99486985948,1,-1088.84000408503,0,1088.84000408503,0
4,5,1.21153495998783e-05,0.0001829742983167,0,6890.47463433075,1,-3890.8469195181,0,3890.8469195181,0
2,6,3.87758152957914e-05,0.000898582926916,0,1295.70848428158,1,-756.9889132745,0,756.9889132745,0
4,6,0.0001681768309433,0.001014380117189,0,4400.29105539262,1,870.831372679112,0,-870.831372679112,0
1,9,0.0014472540625888,0.0084222248014696,0,552.696720673874,1,-220.712119002905,0,220.712119002905,0
3,10,0.0001898047996389,0.0011369458737923,0,3007.77469882418,1,562.133329117591,0,-562.133329117591,0
8,10,0.285373049794399,0.421012085209705,0,38.8995330873651,1,4.44864189907628,0,-4.44864189907628,0
4,12,9.17181986212604e-05,0.0026991721470925,0,3166.84749088345,1,679.928014107279,0,-679.928014107279,0
7,12,0.0010400248337146,0.0009426045419039,0,1122.63016718678,1,-692.019113103564,0,692.019113103564,0
9,12,0.0016049480640262,0.0050144541929636,0,862.251749203445,1,-276.342122504648,0,276.342122504648,0
9,13,0.0008770723178569,0.0171089044663505,0,236.929986726703,1,51.5987344667317,0,-51.5987344667317,0
3,15,0.0001889169589045,0.0008043038921154,0,235.926903424179,1,-31.2199789309133,0,31.2199789309133,0
11,16,0.0004794208438158,0.0522377844825551,0,1977.47633396936,1,27.5229967412532,0,-27.5229967412532,0
13,16,0.0808725876133482,0.353721129109393,0,87.4352702173869,1,6.19195532613483,0,-6.19195532613483,0
7,17,0.0128959528603927,0.0137570726583062,0,978.434343603708,1,102.575115654155,0,-102.575115654155,0
8,17,0.0229216701486169,0.481869551096566,0,5.51533610101014,1,1.40876303885139,0,-1.40876303885139,0
13,17,0.0003583016632963,0.0394911417262194,0,71.7631567401304,1,-5.19278618985828,0,5.19278618985828,0
14,17,0.0108825356342378,0.286848327437701,0,37.5222980350074,1,-3.31329583761784,0,3.31329583761784,0
10,18,0.007017281826442,0.0130513482978141,0,638.734749301646,1,-78.0764020998509,0,78.0764020998509,0
11,18,0.0439873010154187,0.0284294783922733,0,2543.89312018598,1,-27.5229967412532,0,27.5229967412532,0
13,19,0.0462354676325998,0.0113682527550029,0,830.836236288834,1,19.321406526581,0,-19.321406526581,0
16,19,0.0016513879116445,0.13301784572272,0,627.469445837895,1,-14.8143640853027,0,14.8143640853027,0
14,22,0.0951841455326675,0.0708635505405813,0,65.6351968974523,1,5.25593811155646,0,-5.25593811155646,0
20,22,0.0254188694860119,0.0434328073244498,0,618.156931063108,1,-14.3759352675844,0,14.3759352675844,0
14,23,0.0013356166187656,0.477076288849703,0,13.5975665675302,1,-1.94264227393862,0,1.94264227393862,0
20,23,0.0024018115553242,0.0316529291190502,0,330.337900390115,1,-60.7725819613851,0,60.7725819613851,0
20,24,0.0636066569801076,0.186706734056461,0,6.3043259365447,1,-1.0320896120972,0,1.0320896120972,0
21,24,0.324940273227568,0.336095924868915,0,15.3611712651685,1,0.0,0,0.0,0
21,26,0.340524275360006,1.27352689400574,0,15.3611712651685,1,0.0,0,0.0,0
24,26,0.156116461478725,0.0582828308658214,0,15.3611712651685,1,0.0,0,0.0,0
8,27,0.0870222754097415,0.139862326482535,0,670.291500903607,1,26.5491431054494,0,-26.5491431054494,0
23,28,0.0047043579691983,0.0045591987037895,0,829.541007448814,1,-149.47690907037,0,149.47690907037,0
25,28,0.0058973101748756,0.0492995309463494,0,159.976576430774,1,-10.9506585587889,0,10.9506585587889,0
18,29,0.0056724992845763,0.0196595665838001,0,44.1011023589579,1,31.3918387481895,0,-31.3918387481895,0
20,29,0.0083923515793114,0.152852582480141,0,142.103323260627,1,-7.5564010605318,0,7.5564010605318,0
20,30,0.0021176224338199,0.0328943988077363,0,138.194917205609,1,-43.0195506651219,0,43.0195506651219,0
22,30,0.0039502878404498,0.0867012364142839,0,169.080991355418,1,-9.11999715602797,0,9.11999715602797,0
24,31,0.176122256887744,0.419723122056606,0,5.9496742736869,1,-1.0320896120972,0,1.0320896120972,0
27,31,0.148819321549093,0.502688746566449,0,29.725046504752,1,-3.40771469911436,0,3.40771469911436,0
29,31,0.0193744224309637,0.119177653857829,0,50.5672355291035,1,4.43980431121156,0,-4.43980431121156,0
25,32,0.0028810668087,0.0814081597733052,0,236.066875876646,1,15.6491995105982,0,-15.6491995105982,0
27,32,0.0004453636845163,0.0818541626280903,0,2926.6630346466,1,-22.9483768471147,0,22.9483768471147,0
23,33,0.0159750310652683,0.0384599568668605,0,15.3611712651685,1,-4.58224685017312,0,4.58224685017312,0
25,33,0.0234640690635815,0.0931522803989939,0,14.278233962397,1,-0.371439287203607,0,0.371439287203607,0
30,34,0.0021289191633243,0.0264976622680245,0,248.982010211882,1,-54.9550967449585,0,54.9550967449585,0
33,34,0.0025719318653854,0.0319267259889077,0,17242.0851236775,1,-24.1622208432619,0,24.1622208432619,0
8,35,0.0235437047978062,0.0212119633663363,0,1000.07152643141,1,-32.406548043377,0,32.406548043377,0
25,35,0.0140137693642841,0.288469932750619,0,34.6625665121948,1,-4.32710166460572,0,4.32710166460572,0
33,35,0.0008414719025087,0.0020865396226584,0,5006.46515835594,1,-581.651216388033,0,581.651216388033,0
29,36,0.0033074097384587,0.0518576851274693,0,37.8047354147831,1,-29.9469509847798,0,29.9469509847798,0
27,37,0.0072250923014451,0.392304245241748,0,39.8917407723359,1,-4.17783506740067,0,4.17783506740067,0
29,37,0.223083649052657,0.442757831846065,0,9.30351561950929,1,1.36228614359216,0,-1.36228614359216,0
30,37,0.0239382914907293,0.306600852054554,0,20.3880210390703,1,2.81554892380852,0,-2.81554892380852,0
28,38,0.0010960317601251,0.0087739061713451,0,1145.98644915714,1,-160.427567629159,0,160.427567629159,0
34,38,0.0040613076241854,0.0144269013433809,0,691.398705715458,1,-79.1173175882204,0,79.1173175882204,0
39,40,0.0023531353905626,0.0144637439888133,0,240.164618474696,1,-48.7401203159559,0,48.7401203159559,0
17,41,0.0008525487571023,0.0037390165039167,0,1661.30834463703,1,496.557354704423,0,-496.557354704423,0
29,41,0.0033415985459213,0.0176312173999441,0,332.181679772775,1,60.3699962784901,0,-60.3699962784901,0
39,41,0.0092098512486477,0.165813428575968,0,158.930701462349,1,10.6856975359287,0,-10.6856975359287,0
35,42,0.0002240752674248,0.0011649626914492,0,1363.82016543675,1,-622.805981284579,0,622.805981284579,0
38,42,0.0111918793184964,0.0580965789285617,0,12.8323451538273,1,-0.453481129362071,0,0.453481129362071,0
33,43,5.63598796196669e-05,0.0013706328119126,0,1008.7837313001,1,600.859751093918,0,-600.859751093918,0
35,44,0.0042075949085385,0.018619327041285,0,86.098502721674,1,38.7049110771754,0,-38.7049110771754,0
39,44,0.0041522025738879,0.0188707609578312,0,91.8947104403183,1,-38.7049110771753,0,38.7049110771753,0
39,45,0.105735771539551,0.0631299858370184,0,73.5624970843252,1,4.658340099267,0,-4.658340099267,0
39,46,0.0009225323756232,0.0083189303403801,0,659.892613477295,1,72.1009938099395,0,-72.1009938099395,0
45,46,0.0176657282792536,0.0773547607096658,0,41.3755380295997,1,3.95220924583798,0,-3.95220924583798,0
47,48,0.100024426310432,1.66311046249984,0,15.3611712651685,1,-3.4694469519536098e-16,0,3.4694469519536098e-16,0
43,49,0.0178411663160021,0.211112729122031,0,3.39351257793993,1,-0.706130853428988,0,0.706130853428988,0
45,49,0.0025650207365359,0.202500316643962,0,3.22397325284115,1,0.706130853428993,0,-0.706130853428993,0
43,50,0.0012339926341382,0.0010759803311617,0,812.505452556617,1,601.332601342312,0,-601.332601342312,0
46,50,0.000130936058086,0.0009697711045578,0,763.912785701727,1,653.10750244433,0,-653.10750244433,0
48,50,0.00186721061391,0.0037011840173809,0,1308.24444095771,1,238.997810587283,0,-238.997810587283,0
43,52,0.0196453569300387,0.144766518884241,0,15.3611712651685,1,0.233280605035308,0,-0.233280605035308,0
50,52,0.0003450250054576,0.0009838430362578,0,3264.3748938665,1,-623.321818436693,0,623.321818436693,0
51,52,6.70254291101127e-05,0.000670521001916,0,2569.62001052396,1,1234.50851619042,0,-1234.50851619042,0
47,53,0.0854618889072765,1.47793323453269,0,15.3611712651685,1,0.0,0,0.0,0
7,54,0.0007933037175379,0.0001631352710395,0,2323.6087375451,1,589.443997449408,0,-589.443997449408,0
29,54,0.0247553552306684,0.170077900035396,0,275.78080053797,1,-12.3896980608561,0,12.3896980608561,0
46,54,1.95288517152394e-06,0.0034651528617334,0,1675.32215508351,1,-577.054299388553,0,577.054299388553,0
4,55,4.75364197945492e-05,0.0007132872282203,0,6490.23475443503,1,1234.39815873808,0,-1234.39815873808,0
51,55,0.0001725728507796,0.0032683959779152,0,2698.345188377,1,-885.802462388509,0,885.802462388509,0
6,56,0.0085490172496059,0.0076448161838733,0,388.290062829628,1,178.537043697493,0,-178.537043697493,0
17,56,0.0016383783691062,0.0041149928779983,0,831.429194603868,1,-401.079558038894,0,401.079558038894,0
18,56,0.0001967370330181,0.0101674908604425,0,258.575750799014,1,-179.545693367322,0,179.545693367322,0
15,57,0.0024734084681453,0.0056832868735854,0,217.873089240141,1,-31.2199789309137,0,31.2199789309137,0
48,57,3.93512409167172e-05,0.0003387590799984,0,1260.29697895043,1,-238.997810587284,0,238.997810587284,0
36,58,0.0021633128775437,0.051112901520663,0,37.7226457597083,1,-29.9469509847799,0,29.9469509847799,0
40,58,0.0029482379232256,0.0342891002693393,0,233.480511737817,1,-48.7401203159559,0,48.7401203159559,0
55,58,0.0043651343311817,0.0020848808707915,0,474.604807974,1,348.595696349575,0,-348.595696349575,0
57,58,0.0020001924674064,0.0097953515500131,0,1794.65032531699,1,-269.908625048839,0,269.908625048839,0
1,59,0.0050090621975477,0.0134907549528382,0,1142.06390338249,1,-159.250249432478,0,159.250249432478,0
16,60,0.016586974857266,0.0274826560114039,0,613.732264749054,1,-74.5166429627032,0,74.5166429627032,0
52,60,0.004964817261323,0.0039783059983642,0,402.400561021373,1,-89.8226227209585,0,89.8226227209585,0
57,60,0.0232612869067185,0.0163510186525919,0,41.8166631857545,1,-0.309164469359535,0,0.309164469359535,0
59,60,0.0005958002322797,0.0049643047724456,0,1298.45820928366,1,264.815931161242,0,-264.815931161242,0
61,63,0.430885006577139,0.832445787720384,0,15.3611712651685,1,0.0,0,0.0,0
63,64,0.0003570183863268,0.0035843875088604,0,1341.19635391889,1,459.505701027399,0,-459.505701027399,0
63,65,0.0075697808727445,0.0288105580799855,0,129.213893585951,1,26.2287770348652,0,-26.2287770348652,0
62,69,0.007895901770626,0.200629571634493,0,28.8565739124241,1,2.40087102259311,0,-2.40087102259311,0
66,69,0.0183345254951829,0.0581279899400576,0,935.508995445637,1,-19.8157994732641,0,19.8157994732641,0
69,70,0.0386951861910504,0.0445302638355785,0,3501.41487102086,1,-17.414928450671,0,17.414928450671,0
63,71,0.0285520946701546,0.25294526498653,0,27.6594534712303,1,-3.07926074511731,0,3.07926074511731,0
62,72,0.073862697058242,0.186931206608624,0,35.0801907056607,1,-2.40087102259312,0,2.40087102259312,0
63,72,0.0043418617007663,0.01431197967291,0,1086.09235817321,1,-127.704550595417,0,127.704550595417,0
67,72,0.0093736610370105,0.151822585874315,0,84.1841391168872,1,-3.82488574145983,0,3.82488574145983,0
71,73,0.014345111758318,0.915929149647047,0,3.18749177772192,1,-0.433355689105847,0,0.433355689105847,0
72,73,0.0011789049309519,0.0270092833128341,0,89.1543246243556,1,24.1360495113989,0,-24.1360495113989,0
72,74,0.0039377945304057,0.0528455513420766,0,2399.63275243697,1,4.61445490238042,0,-4.61445490238042,0
68,75,5.99798046935894e-05,0.0032741708971371,0,1816.66770575572,1,308.089097522845,0,-308.089097522845,0
70,75,0.0029417279390932,0.0125234214388994,0,569.728073333155,1,-75.5794639086019,0,75.5794639086019,0
72,75,0.0003931819267731,0.0096820346927415,0,871.85078094468,1,-81.7515553683636,0,81.7515553683636,0
66,76,0.0338208443179211,0.0699121253893715,0,34.4421526764737,1,-23.9116946517823,0,23.9116946517823,0
70,76,0.0008155779754755,0.0053444310943836,0,320.137146654396,1,47.8304522483333,0,-47.8304522483333,0
72,76,0.0059057129947368,0.0362140485207089,0,1095.36460634008,1,11.3386560304366,0,-11.3386560304366,0
70,77,0.0077399791574016,0.068517238779546,0,2675.44799725574,1,14.3653522446086,0,-14.3653522446086,0
73,79,0.0001957660423751,0.027046724421171,0,59.9097074490584,1,23.702693822293,0,-23.702693822293,0
71,80,0.0129287876853007,0.254944173708146,0,14.9980769235393,1,-2.64590505601147,0,2.64590505601147,0
72,80,0.0028791646595214,0.109026217673566,0,150.93816484941,1,3.43277458298074,0,-3.43277458298074,0
74,80,0.0011331707588203,0.076378559542936,0,25.6237051021069,1,1.70740344187288,0,-1.70740344187288,0
77,80,0.104995217676425,0.334647540105485,0,12.0646823713314,1,-2.28599894724487,0,2.28599894724487,0
74,81,0.0078710986813231,0.154622273330862,0,316.702545619847,1,9.97521832359269,0,-9.97521832359269,0
77,81,0.0004867203733188,0.0462307924107595,0,760.384586787192,1,13.9945253066196,0,-13.9945253066196,0
74,82,0.0078115302848024,0.368357689958512,0,25.7672801449706,1,-7.06816686308512,0,7.06816686308512,0
82,83,0.0030653716554048,0.0159663423509846,0,1487.02228018576,1,-247.658505437844,0,247.658505437844,0
75,85,0.0004941374948306,0.01057373015144,0,364.385891173852,1,150.75807824588,0,-150.75807824588,0
77,85,0.0025563528937042,0.0725305945837011,0,550.026214743205,1,-4.64235145128262,0,4.64235145128262,0
82,86,0.0044665370871897,0.0278403242871424,0,999.567581626284,1,67.964505896287,0,-67.964505896287,0
85,87,0.0023162334229641,0.0121316680859111,0,326.220573085143,1,146.115726794598,0,-146.115726794598,0
78,88,0.426681853580497,1.90537649443932,0,15.3611712651685,1,0.0,0,0.0,0
82,88,0.0011806069300028,0.0118152244949332,0,866.306841044391,1,172.625832678472,0,-172.625832678472,0
65,89,0.0019940446396292,0.0224210152341761,0,348.243554415104,1,45.3914854028431,0,-45.3914854028431,0
81,89,0.0167253613646626,0.0408471789455403,0,239.557869494557,1,44.4302280190108,0,-44.4302280190108,0
84,89,0.0002841688418475,0.0068878407399153,0,727.554808634149,1,225.633409407624,0,-225.633409407624,0
87,89,0.0041740543248901,0.0279717846648952,0,384.680741450452,1,36.676690191062,0,-36.676690191062,0
88,89,0.0011726409117437,0.023561465388375,0,910.973993171965,1,166.426026362111,0,-166.426026362111,0
83,90,0.0050524357238213,0.0248516781569815,0,116.023779751234,1,116.02377975114,0,-116.02377975114,0
84,90,0.0042733271022629,0.0472105106362126,0,146.615639319073,1,-116.02377975114,0,116.02377975114,0
84,92,0.0013259544534659,0.0087634136094373,0,333.082341860316,1,-100.980495748663,0,100.980495748663,0
79,93,0.0022833402370733,0.0148436486675801,0,279.85502658038,1,118.993718867561,0,-118.993718867561,0
91,93,0.358374618274286,0.956598528654656,0,2.36679605483995,1,-0.330771896528918,0,0.330771896528918,0
91,94,0.0001904482219134,0.017264590517863,0,1549.08840197706,1,-102.420888030688,0,102.420888030688,0
87,96,0.0163222743593859,0.0104705475641347,0,395.349410472935,1,109.439036603535,0,-109.439036603535,0
88,98,0.009894563174767,0.252367861346896,0,19.9263964815084,1,6.19980631636075,0,-6.19980631636075,0
91,99,0.0017092172058192,0.0129422518504139,0,402.158916342057,1,123.793968006688,0,-123.793968006688,0
96,99,0.0037429527283284,0.0084925783952374,0,3527.04373292337,1,147.987945031093,0,-147.987945031093,0
91,100,0.0024021331779703,0.0549731669182205,0,2037.39746372336,1,-21.042308079471,0,21.042308079471,0
92,100,0.0012564537350247,0.0058683711827933,0,590.928455564667,1,180.1009452408,0,-180.1009452408,0
96,100,0.0013476981264777,0.0389670126197797,0,117.812493975338,1,-38.5489084275574,0,38.5489084275574,0
81,101,0.0064751844921739,0.127400741253092,0,10.2356242078122,1,1.8645935576955,0,-1.8645935576955,0
98,101,0.0492456577466631,0.336606214822762,0,12.6787204042617,1,2.31519886328759,0,-2.31519886328759,0
95,102,0.0001937790196935,0.0017061653647236,0,1977.56283204584,1,-507.204213074052,0,507.204213074052,0
101,102,0.0231110589595102,0.0647348229074503,0,149.002042747879,1,-50.5335211700331,0,50.5335211700331,0
86,103,0.010633870506674,0.0639551467360029,0,159.275807431191,1,32.6616334029225,0,-32.6616334029225,0
97,103,0.0039477601113484,0.0309361603513366,0,64.6556801277838,1,23.2392872398368,0,-23.2392872398368,0
100,104,0.0820298490852376,0.261167780120327,0,25.5287690993545,1,1.15340370848118,0,-1.15340370848118,0
79,105,0.0012208137891225,0.0237752600547431,0,913.714546897144,1,-95.2910250452675,0,95.2910250452675,0
102,105,0.0095369180644295,0.0594633773791791,0,52.9081034681611,1,4.62288441658074,0,-4.62288441658074,0
80,106,0.0168352434905467,0.124537731744577,0,15.3611712651685,1,-1.95014594339697,0,1.95014594339697,0
98,106,0.0126379464677432,0.0116044210860245,0,204.990887640272,1,-95.9193860925729,0,95.9193860925729,0
101,106,0.0018668689745549,0.0097053374993807,0,244.163112406395,1,-194.985416281001,0,194.985416281001,0
76,107,0.0316826176659584,0.055858849058587,0,872.750206985603,1,3.60242934078492,0,-3.60242934078492,0
97,107,0.0021994748508929,0.0125000702768655,0,65.3221657357903,1,-23.2392872398368,0,23.2392872398368,0
104,107,0.0032948952433445,0.0850698996105028,0,1005.88836711861,1,-22.4323512458015,0,22.4323512458015,0
98,108,0.0068876264827919,0.0224125154907482,0,135.857725168151,1,99.8039935456462,0,-99.8039935456462,0
99,108,0.0011378202142536,0.0073541597800424,0,279.708754942253,1,-203.493543113277,0,203.493543113277,0
104,108,0.0184900137936999,0.0407525267423719,0,9284.79627158141,1,23.5857549542827,0,-23.5857549542827,0
105,109,0.0142571151577727,0.0451734123648483,0,163.847158953425,1,42.2208731161874,0,-42.2208731161874,0
100,110,0.0002017884463142,0.0089997142698692,0,915.984666537259,1,119.35632502529,0,-119.35632502529,0
101,110,0.007387105431433,0.0050833660707323,0,573.747032845218,1,249.698729872016,0,-249.698729872016,0
103,110,0.0008211994179756,0.0534343130105042,0,1404.77812499872,1,31.2876065871251,0,-31.2876065871251,0
103,111,0.0113343630891334,0.086583012494343,0,739.302947224856,1,24.6133140556343,0,-24.6133140556343,0
84,112,0.0868862405890649,0.0774148423109054,0,141.598170443014,1,-8.62913390782122,0,8.62913390782122,0
102,112,0.0608506174818416,0.388828072449185,0,78.1475762185167,1,6.754726761441,0,-6.754726761441,0
104,114,0.134026668144124,1.97133835848353,0,15.3611712651685,1,0.0,0,0.0,0
65,115,0.0194017807042685,0.06432960333096,0,9901.33107828452,1,-21.6947713308865,0,21.6947713308865,0
64,116,0.0046571348490302,0.028380394989192,0,128.391581187725,1,-57.2814658140774,0,57.2814658140774,0
86,116,0.0007543571560503,0.0656231903691238,0,85.2477936441702,1,35.3028724933644,0,-35.3028724933644,0
63,117,0.0174057945267639,0.018300499139542,0,578.703979256231,1,58.666360292559,0,-58.666360292559,0
64,117,0.0062106063400507,0.0263291570318725,0,433.909715084061,1,-21.7790041004581,0,21.7790041004581,0
65,117,0.0204208088593415,0.12557269569585,0,8.11109436762772,1,2.53206296290865,0,-2.53206296290865,0
66,117,0.0035933685648263,0.0372539982493085,0,917.078143776061,1,21.9840181561,0,-21.9840181561,0
107,117,0.0126767443956698,0.0426319846083773,0,207.875121373264,1,53.7033974117843,0,-53.7033974117843,0
111,117,0.0022751399092749,0.0073934750161689,0,579.842893379154,1,-115.106834722894,0,115.106834722894,0
81,118,0.0405167368556977,0.049286638712987,0,1055.74423234733,1,-22.3250779464939,0,22.3250779464939,0
94,118,0.0017605246403783,0.0089974176359115,0,102.420888030743,1,-102.420888030688,0,102.420888030688,0
105,118,0.0057341859302107,0.397165648753041,0,54.9131069076069,1,4.17585855176896,0,-4.17585855176896,0
113,118,0.000963989311231,0.0065011244271245,0,249.421127374682,1,187.408670692696,0,-187.408670692696,0
115,118,0.023916753334677,0.0075082150355948,0,442.681133660628,1,-66.8385632672835,0,66.8385632672835,0
66,119,0.0030763021206466,0.0568125687285665,0,885.115586109301,1,21.7434759689464,0,-21.7434759689464,0
109,119,0.0229948182384652,0.0564405457280698,0,162.741509247709,1,42.2208731161874,0,-42.2208731161874,0
111,119,5.95973980664064e-05,0.0016352653424418,0,785.484420510006,1,-265.846371501562,0,265.846371501562,0
67,120,0.0097804005499948,0.141203913939062,0,87.2219544952907,1,3.82488574145983,0,-3.82488574145983,0
112,120,0.0043551548462339,0.137724032499381,0,33.8980294989426,1,-1.87440714638021,0,1.87440714638021,0
113,120,0.0010327451467119,0.0052949103476421,0,402.596403743519,1,312.232608810952,0,-312.232608810952,0
116,120,0.0025356844941693,0.0030556937280564,0,733.536329123764,1,-238.337996447778,0,238.337996447778,0
119,120,0.0052675352507105,0.0182927708654823,0,426.109896796051,1,-120.09366390942,0,120.09366390942,0
123,124,0.000124328131706,0.0047451694317214,0,2967.67301234405,1,320.981707908394,0,-320.981707908394,0
125,126,0.0099989825703467,0.0829774765428906,0,547.413987923995,1,-24.2513529526,0,24.2513529526,0
123,128,0.0024407049009636,0.0149949964182008,0,2624.9970477252,1,-304.260976937942,0,304.260976937942,0
123,130,0.982771272739563,0.732995693791589,0,3.21085832959843,1,-0.549605203994226,0,0.549605203994226,0
125,130,0.0127107044279961,0.011420005516947,0,596.58044154994,1,36.5976029596448,0,-36.5976029596448,0
127,130,0.0042015980789314,0.0445998436685664,0,249.173673681924,1,91.1385116476007,0,-91.1385116476007,0
127,132,0.0054016717746087,0.0273989688205006,0,42.0462257630633,1,42.0462257630223,0,-42.0462257630223,0
131,132,0.0092263421786922,0.0071944707521433,0,397.793399115007,1,108.701578750069,0,-108.701578750069,0
123,133,0.541912370034145,1.10709123031996,0,13.6361992076664,1,-2.1054532600783,0,2.1054532600783,0
125,133,0.0064317950694693,0.0661614026416534,0,163.743286528028,1,-22.8248752938488,0,22.8248752938488,0
132,133,0.0035529696801139,0.0024886442348123,0,568.046561974114,1,395.665052049616,0,-395.665052049616,0
129,134,0.0003655043269101,0.0053728412626889,0,1397.25867479,1,274.138427525024,0,-274.138427525024,0
132,134,0.0050190218407374,0.0028444971247384,0,899.144053429463,1,-244.917247536525,0,244.917247536525,0
129,135,0.0122665827230783,0.18475663821298,0,5.51460975250647,1,-0.2658727803067,0,0.2658727803067,0
131,135,0.0016638504186764,0.0049451226593268,0,2066.30570734326,1,-290.516574114629,0,290.516574114629,0
128,136,0.0115439060131178,0.0229425088281357,0,138.794457836991,1,93.1189991980866,0,-93.1189991980866,0
131,136,6.723338408738e-05,0.0036831715510458,0,1058.20216409038,1,453.858827488581,0,-453.858827488581,0
135,140,0.0063409825784469,0.218508588514882,0,160.653770117775,1,1.10409009704936,0,-1.10409009704936,0
137,140,0.0101722921854351,0.0696157067526683,0,4346.20025345841,1,34.2434213793003,0,-34.2434213793003,0
138,141,0.0057813321716654,0.0051100231931757,0,407.221072442467,1,-202.916290727562,0,202.916290727562,0
139,141,0.001819463877967,0.0080562342272785,0,338.488815745633,1,198.690166009097,0,-198.690166009097,0
137,142,0.0003331291632866,0.0127679255934521,0,1627.47311552582,1,167.641871831376,0,-167.641871831376,0
133,143,0.0006284588406101,0.0039706058973153,0,591.145660669105,1,370.734723495689,0,-370.734723495689,0
137,144,0.0013921783061923,0.0031129205722416,0,981.796183631352,1,-441.832597258281,0,441.832597258281,0
139,144,0.0021019928225692,0.0110056709600251,0,193.217259077922,1,-165.91284174615,0,165.91284174615,0
121,146,0.0022559304941166,0.0021302671255832,0,1022.66535467622,1,-459.92614975599,0,459.92614975599,0
137,146,0.0012897477539131,0.0044005633346663,0,1826.59272299926,1,460.733261825716,0,-460.733261825716,0
139,146,0.000722508876594,0.0066739173255507,0,882.929495856023,1,236.277055786385,0,-236.277055786385,0
137,147,0.0084129206450116,0.0056298495084711,0,340.164960390775,1,-164.208882338102,0,164.208882338102,0
146,150,0.0073794236014696,0.137796597904199,0,630.345087040967,1,-7.94260939517818,0,7.94260939517818,0
148,150,0.0003531521889705,0.0087856519951946,0,178.46997088309,1,-57.9425446928027,0,57.9425446928027,0
129,151,0.0161795218916655,0.39229163421489,0,52.8679481039067,1,-0.192407743585747,0,0.192407743585747,0
150,151,4.57426068493497e-05,0.0104623397075084,0,1045.70191959011,1,113.095857363693,0,-113.095857363693,0
148,152,0.0336610272856261,0.650613770385013,0,15.3611712651685,1,0.330632907015791,0,-0.330632907015791,0
151,152,0.609277537203293,1.38845805688384,0,15.3611712651685,1,-0.33063290701579,0,0.33063290701579,0
145,153,0.0024812512570503,0.0038788135649078,0,346.26838925125,1,-327.516349497711,0,327.516349497711,0
148,153,0.0026317714237879,0.0027184122037325,0,695.565776081289,1,395.966247840884,0,-395.966247840884,0
147,154,0.0023701119831447,0.0151888777138266,0,904.26223784889,1,-243.354838002257,0,243.354838002257,0
149,154,0.0010446371533046,0.0048948560526089,0,4635.47107337803,1,-319.279223856779,0,319.279223856779,0
148,155,0.0018034334772221,0.0059340152506325,0,416.06881745434,1,-355.152985758347,0,355.152985758347,0
149,155,0.0021464999799105,0.0179166293316982,0,564.542179032334,1,133.537030366802,0,-133.537030366802,0
148,157,0.004991720571622,0.0372018394962028,0,345.640247973379,1,37.6122702768232,0,-37.6122702768232,0
157,158,0.0061028589653136,0.124597814823158,0,153.116997264017,1,9.08787514718182,0,-9.08787514718182,0
147,159,0.0043084199672567,0.017649737573807,0,79.1459556644828,1,79.1459556641555,0,-79.1459556641555,0
150,159,0.0007415269515506,0.0025733863620253,0,1032.84329390965,1,-178.981011451674,0,178.981011451674,0
128,160,0.0072702373844299,0.0749745008987487,0,811.915173590855,1,-11.5392576465645,0,11.5392576465645,0
151,160,0.0262686120775133,0.0115349411860459,0,9990.5485724176,1,11.5392576465645,0,-11.5392576465645,0
141,161,0.0182003838733418,0.31739241242049,0,54.8687492930426,1,-4.22612471846514,0,4.22612471846514,0
146,161,0.0011087661738142,0.0171247223492971,0,889.230680281996,1,-76.9378278331225,0,76.9378278331225,0
149,161,0.003620413913722,0.0202855324258299,0,274.755257124896,1,185.742193489976,0,-185.742193489976,0
159,161,0.0026008836223747,0.0574639468117156,0,1028.52885334895,1,4.13325085460451,0,-4.13325085460451,0
140,162,0.0069750969242586,0.0811333169760272,0,508.277870772921,1,35.3475114763497,0,-35.3475114763497,0
156,162,0.0043747559078366,0.0039276033032872,0,1027.13028468307,1,-261.654357366333,0,261.654357366333,0
155,164,1.7556724894009e-06,0.0010848855237594,0,1100.8204697906,1,-623.288712898652,0,623.288712898652,0
155,165,0.000142974660336,0.0023098735127414,0,749.071349020641,1,401.672757507107,0,-401.672757507107,0
162,167,0.0021346479041853,0.0052860445660466,0,992.946550941302,1,194.352821737725,0,-194.352821737725,0
163,168,0.0005492633713396,0.2400465748901,0,3.30608666932017,1,-3.30608666926931,0,3.30608666926931,0
166,168,0.0081150890405198,0.158683959213648,0,153.019227512888,1,-7.11636456207297,0,7.11636456207297,0
125,169,0.0009213603968176,0.043197738058975,0,206.931896400921,1,10.478625286804,0,-10.478625286804,0
163,169,0.12554330859773,0.633781979125329,0,3.42983126761142,1,3.30608666926931,0,-3.30608666926931,0
167,169,0.0028728375755937,0.0048815124234546,0,1173.83860958511,1,210.931953055973,0,-210.931953055973,0
151,170,0.0006594999047206,0.0184668194145794,0,244.664091922941,1,96.7181129666144,0,-96.7181129666144,0
166,170,0.0018154330180499,0.0178368837322125,0,265.562487837299,1,-92.3211085527643,0,92.3211085527643,0
168,170,0.173732138587247,0.092133641492751,0,120.248840202896,1,-5.61649324810308,0,5.61649324810308,0
167,171,0.024681662612683,0.383433569487729,0,278.412530573338,1,-16.579131318248,0,16.579131318248,0
162,172,0.0002905356694659,0.0017907373395998,0,2423.49992255725,1,-420.659667627708,0,420.659667627708,0
165,173,0.006505668557994,0.0020965952726532,0,1509.3712172909,1,281.618038286296,0,-281.618038286296,0
171,173,0.0107671589383895,0.0085673488395326,0,275.249560057973,1,108.639260908122,0,-108.639260908122,0
165,174,0.0022822461069037,0.0229168272591914,0,777.110761797731,1,390.553376627553,0,-390.553376627553,0
123,175,0.0084765721692739,0.0093667069433007,0,360.822802688726,1,-207.721080097881,0,207.721080097881,0
166,175,0.0054865861280029,0.0624482537605024,0,2369.91742408479,1,2.91741883412291,0,-2.91741883412291,0
166,176,1.15154308159721,1.62293658437434,0,12.110772162331,1,-1.0384899295547,0,1.0384899295547,0
173,176,0.0075929468842346,0.633659648041729,0,39.1210252221155,1,4.75146032136523,0,-4.75146032136523,0
122,177,0.276326694941505,1.9677627391308,0,15.3611712651685,1,0.0,0,0.0,0
126,177,0.0022016612760817,0.066533803443492,0,825.132185008252,1,-24.2513529526,0,24.2513529526,0
127,177,0.0660544169967498,0.039345281888807,0,65.5366872946128,1,0.532915806197898,0,-0.532915806197898,0
157,177,0.0142082577611384,0.0136350553891016,0,285.307499075036,1,28.5243951296413,0,-28.5243951296413,0
168,177,0.164797752175842,0.247515854735632,0,10.6619824958407,1,-4.80595798323921,0,4.80595798323921,0
173,178,7.39777968534127e-05,0.0044451659259228,0,586.627367754704,1,385.505838873052,0,-385.505838873052,0
174,178,0.0352394784201077,0.288166343543016,0,2304.13312755346,1,-23.063650386735,0,23.063650386735,0
175,178,0.089767091571203,0.247817456747836,0,834.890201959745,1,-12.7705380730933,0,12.7705380730933,0
176,179,0.0026000331437198,0.309866466036803,0,17.5385971454319,1,3.71297039181053,0,-3.71297039181053,0
170,180,0.0621124212254692,0.103167215809709,0,42.600736905312,1,-1.21948883425303,0,1.21948883425303,0
171,180,0.160449270504583,0.621663706623721,0,82.2567640219455,1,6.20018545698299,0,-6.20018545698299,0
179,180,0.0161440290239717,0.248490112007288,0,15.4218900015792,1,-4.98069662272996,0,4.98069662272996,0
181,183,0.0150728115621062,0.0383211385749507,0,81.176313582209,1,-19.0442257278143,0,19.0442257278143,0
182,185,0.0356157165498153,0.209823699198992,0,27.6809758012422,1,1.36886434190199,0,-1.36886434190199,0
184,190,0.0831259236021699,0.592600145680302,0,15.3611712651685,1,2.16840434497101e-17,0,-2.16840434497101e-17,0
182,191,0.0010333921229684,0.220020618844872,0,20.0049524559815,1,12.6367407137634,0,-12.6367407137634,0
188,191,0.0016093587284055,0.0055972595468215,0,537.830237576697,1,208.609217824339,0,-208.609217824339,0
189,191,0.0427381861246778,0.124171829074218,0,30.6015307190924,1,6.98805782695585,0,-6.98805782695585,0
182,192,0.0312848937513241,0.0212938243165938,0,153.21391106323,1,88.1269514246841,0,-88.1269514246841,0
187,192,0.0020656005212215,0.0564138279479518,0,2046.38131405959,1,1.85964114645365,0,-1.85964114645365,0
189,192,0.0068619525589033,0.0260786596117517,0,2125.08349232737,1,-1.38288429380975,0,1.38288429380975,0
190,193,0.0015620979131028,0.384307745531878,0,15.3611712651685,1,0.0,0,0.0,0
186,195,0.0001730289934153,0.0106910416002423,0,617.949659258535,1,139.4682850827,0,-139.4682850827,0
191,195,0.0008609038527537,0.0136531281150338,0,296.094810098221,1,171.156260097829,0,-171.156260097829,0
194,195,0.0644965263393746,0.645520363252474,0,13.513202922709,1,13.5132029224617,0,-13.5132029224617,0
186,197,0.0019901517116325,0.0107465260112638,0,636.034705687586,1,-139.4682850827,0,139.4682850827,0
197,198,0.0057271144968541,0.108158508326366,0,4056.23633168327,1,-117.101749542519,0,117.101749542519,0
192,199,0.0307717131603721,0.249833601747295,0,11.6845429036082,1,-1.72997672445167,0,1.72997672445167,0
194,200,0.0154520547669412,0.0011750778929747,0,262.796272576359,1,-4.13612236558549,0,4.13612236558549,0
199,200,0.0569571349528335,0.0483739093299529,0,1287.57731246943,1,-104.50053844194,0,104.50053844194,0
197,201,0.0248089045038398,0.0523486332999346,0,9.00298594132823,1,-2.06814491268396,0,2.06814491268396,0
199,201,0.0337173238722119,0.277873663181773,0,6.56657805737811,1,2.06814491268396,0,-2.06814491268396,0
194,204,0.0006718125053434,0.0143986440430946,0,310.160936639743,1,-241.216608859608,0,241.216608859608,0
198,204,0.0023894619459469,0.0143405199705682,0,263.051682465891,1,241.216608859608,0,-241.216608859608,0
202,205,0.336520087146093,0.173047833791629,0,18.1490416349953,1,-1.1948993296802,0,1.1948993296802,0
191,206,0.0011526746873508,0.0710331329734212,0,1132.73053753609,1,46.5657111388198,0,-46.5657111388198,0
196,206,0.0148664682693845,0.036643987864318,0,225.646423298829,1,44.6778526988946,0,-44.6778526988946,0
199,207,0.0605022101085502,0.139644606833797,0,62.8749252764911,1,13.0755260855143,0,-13.0755260855143,0
205,207,0.0073681201457759,0.0423332438093251,0,94.125625955126,1,-5.00247517663724,0,5.00247517663724,0
199,208,0.0003646150508417,0.0128537786397736,0,377.096215797773,1,162.395647256844,0,-162.395647256844,0
205,208,0.0039654392074068,0.0206322455321162,0,113.158064934584,1,2.40885080421753,0,-2.40885080421753,0
202,209,0.0604488246092035,0.392715907162405,0,6.4361862602835,1,0.470206427824468,0,-0.470206427824468,0
207,209,0.0227169144951958,0.108104574227299,0,81.7088449834555,1,5.57981278841453,0,-5.57981278841453,0
202,210,0.131429331460089,0.597182661359984,0,4.56649535869003,1,0.72469290185573,0,-0.72469290185573,0
205,210,0.204615520841903,0.457236952837077,0,14.3678516584901,1,1.39872504273951,0,-1.39872504273951,0
209,211,0.010057053815069,0.0778456988042116,0,153.469255788811,1,7.63996898610183,0,-7.63996898610183,0
196,212,0.0133164053898492,0.0459877617467609,0,231.543145583726,1,-14.1662865324219,0,14.1662865324219,0
197,213,0.0254562933664784,0.018155673105139,0,183.425408597555,1,-15.1477446062481,0,15.1477446062481,0
203,213,0.0018102213807898,0.0058710892992738,0,1162.18431419931,1,356.784693695454,0,-356.784693695454,0
207,213,0.0009286375572697,0.0073014909990981,0,502.754641827261,1,-194.206448567773,0,194.206448567773,0
212,213,0.0036195550159328,0.0132070215193896,0,548.011194225893,1,-147.430500521432,0,147.430500521432,0
209,214,0.0007620185864337,0.0768615194468025,0,34.5631118463302,1,-1.58994976986284,0,1.58994976986284,0
206,215,0.0015758054225298,0.021515155185777,0,922.549231385573,1,-125.327322764171,0,125.327322764171,0
210,215,0.0122111408846117,0.0197310085198792,0,326.257983040054,1,-36.9968375639522,0,36.9968375639522,0
214,215,0.0160531916244397,0.226209957636579,0,43.7531899760333,1,-1.58994976986284,0,1.58994976986284,0
207,216,0.0215981241137585,0.0839997299068429,0,71.9110194969833,1,5.10823526124614,0,-5.10823526124614,0
196,219,0.0246810850780171,0.568305574804738,0,15.3611712651685,1,-0.288013351540368,0,0.288013351540368,0
210,219,0.0079720823054495,0.574964996656747,0,15.3611712651685,1,0.288013351540368,0,-0.288013351540368,0
218,219,0.0398591551158439,0.931888343337217,0,15.3611712651685,1,0.0,0,0.0,0
210,220,0.0025585468199473,0.022967919183123,0,308.264337033192,1,38.8322421570071,0,-38.8322421570071,0
211,220,0.0279497178237809,0.0713711754498145,0,164.59542329891,1,7.63996898610183,0,-7.63996898610183,0
212,221,0.027674665248383,0.0631783027893381,0,121.798948892103,1,-10.8181623025507,0,10.8181623025507,0
217,221,0.027692440697265,0.184511593228328,0,139.36779591488,1,10.8181623025507,0,-10.8181623025507,0
217,223,0.008100606772208,0.0324918661602781,0,160.374234207879,1,-10.8181623025506,0,10.8181623025506,0
222,223,0.0980847288330974,0.076011179607819,0,119.84106528513,1,9.70451131222374,0,-9.70451131222374,0
207,224,0.0015714423877047,0.0122749120099374,0,218.923008461169,1,146.756961084181,0,-146.756961084181,0
207,225,0.0170470709705675,0.0901295979487682,0,230.923785221359,1,44.8344903428083,0,-44.8344903428083,0
224,225,0.0832241189380398,0.110020291857077,0,222.142745693533,1,20.3552069066527,0,-20.3552069066527,0
225,227,0.0016311782210676,0.0314527886102738,0,146.965406895492,1,30.644304488981,0,-30.644304488981,0
223,228,0.142384074555954,0.59336259477468,0,15.3611712651685,1,-1.1136509903269,0,1.1136509903269,0
227,230,0.0005704653195952,0.0058569375482946,0,871.127438536072,1,-56.4641366003337,0,56.4641366003337,0
208,231,0.0442089013049983,0.226165388607171,0,6.76126588530832,1,6.76126588530431,0,-6.76126588530431,0
226,231,0.0008629229215214,0.0073375614722149,0,508.873094859989,1,258.836426013969,0,-258.836426013969,0
187,232,0.0044075583710269,0.0550918441681491,0,3604.42149872634,1,-1.85964114645365,0,1.85964114645365,0
189,232,0.0181161707679364,0.0434285046254657,0,49.8750107613356,1,-5.60517353314608,0,5.60517353314608,0
197,232,0.0127095170546015,0.0889406456112177,0,757.782416970401,1,-5.15064602124951,0,5.15064602124951,0
222,232,0.0001256100761769,0.0075929697907248,0,454.854006547451,1,215.791857320723,0,-215.791857320723,0
226,232,0.0019212017480404,0.0084465647174041,0,578.048145641646,1,-176.697641118956,0,176.697641118956,0
227,232,0.004011865514966,0.0491411456097567,0,1019.70352573236,1,-134.425932837888,0,134.425932837888,0
228,232,0.0051830086989606,0.0124569781821435,0,974.622255094669,1,125.363352156578,0,-125.363352156578,0
229,232,0.0175445229706607,0.158780193175003,0,137.651512656814,1,-17.4161748196084,0,17.4161748196084,0
224,233,0.0035250289017979,0.0480100103032888,0,579.20500375467,1,-20.0381486319425,0,20.0381486319425,0
182,234,0.214220508038083,0.977849519554662,0,15.3611712651685,1,-3.46308374321865,0,3.46308374321865,0
226,234,0.0015345755151466,0.0797194909717916,0,143.073016785251,1,-82.1387848950136,0,82.1387848950136,0
181,235,0.0055026564400538,0.0665991221801207,0,2757.52496077082,1,-30.4187118659547,0,30.4187118659547,0
212,235,0.0344935644689548,0.0728925405978917,0,252.30163883568,1,18.7725043330156,0,-18.7725043330156,0
233,235,0.0885171607048901,0.348616244536917,0,10.6547034913781,1,3.03514149366378,0,-3.03514149366378,0
183,236,0.0019047571175982,0.0265921373778321,0,232.481777705408,1,24.6032228488572,0,-24.6032228488572,0
229,236,0.0035724959392767,0.0842270063727026,0,299.372241109003,1,31.8609137442202,0,-31.8609137442202,0
230,236,0.0186173923808047,0.0146330835850805,0,349.798707937155,1,-56.4641365930774,0,56.4641365930774,0
185,237,0.035019267497457,0.210943371722132,0,23.4448422457414,1,1.36886434190199,0,-1.36886434190199,0
199,237,0.0021358055771075,0.0116142156934071,0,598.218417939175,1,-74.768756537554,0,74.768756537554,0
228,237,0.0019872809417581,0.0239439229583552,0,238.399410753725,1,19.5633062232912,0,-19.5633062232912,0
229,237,0.0048731568803535,0.0795069833516852,0,604.363064251223,1,-48.5312067594492,0,48.5312067594492,0
188,238,0.0011744286891347,0.0048992594835987,0,2869.10541611241,1,336.570131540762,0,-336.570131540762,0
231,238,0.0023505669633747,0.005022345948831,0,2491.38013911041,1,-358.252411720741,0,358.252411720741,0
233,238,0.0272308920511577,0.0367537215954925,0,309.309523329238,1,-23.0732901256063,0,23.0732901256063,0
234,238,0.371683013868438,0.148540678041669,0,82.3596285479173,1,44.7555703055854,0,-44.7555703055854,0
184,239,0.0262012127561687,0.0859564008692511,0,96.2721922384447,1,-6.49873273892179,0,6.49873273892179,0
196,239,0.0014785327638664,0.0180629147110885,0,176.298366452796,1,-30.2235528149323,0,30.2235528149323,0
229,239,0.0799223689625257,0.37317382346325,0,6.318893077197,1,-1.41915413061518,0,1.41915413061518,0
235,239,0.0745686387946115,0.174299526466384,0,69.1369150910571,1,-7.2451440729234,0,7.2451440729234,0
183,240,0.0046886405740295,0.0338670676570823,0,459.296138199697,1,-43.6474485766715,0,43.6474485766715,0
184,240,0.069171702278039,0.0803340476620742,0,90.465595962171,1,6.49873273892179,0,-6.49873273892179,0
231,240,0.0003242657900646,0.0188984134108016,0,578.528107571205,1,-3.98375436874243,0,3.98375436874243,0
235,240,0.0183576925291314,0.133351687386101,0,9.16416923845987,1,-1.36592196635186,0,1.36592196635186,0
239,240,0.0066330745781793,0.0254286603983822,0,188.949464257622,1,42.498392172844,0,-42.498392172844,0
242,246,0.477291806192088,0.246025743865569,0,63.862343441844,1,3.4778546559555,0,-3.4778546559555,0
243,246,0.0002766041651034,0.0179012905252395,0,1360.08647632827,1,98.006831657398,0,-98.006831657398,0
244,246,0.0009796416134033,0.114972376828536,0,408.670851632749,1,12.0821854190188,0,-12.0821854190188,0
242,247,0.81062154604314,1.11181247432105,0,15.3611712651685,1,0.0,0,0.0,0
242,248,0.0053383735190729,0.0453391188378089,0,132.286227760593,1,-12.5887043338355,0,12.5887043338355,0
243,248,0.0073377904436745,0.0256065375853893,0,126.47980093158,1,12.8110341068098,0,-12.8110341068098,0
244,248,0.0299992443458537,0.167701181839582,0,15.3611712651685,1,-0.222329772974336,0,0.222329772974336,0
242,249,0.0023450094774333,0.0140454715226827,0,909.766881134427,1,-92.2123436524102,0,92.2123436524102,0
245,249,0.0038388148449484,0.0131009476511142,0,558.824022189853,1,-82.0400688447702,0,82.0400688447702,0
243,250,0.0023769578878722,0.0144491270775939,0,685.813806891842,1,-124.394284997755,0,124.394284997755,0
249,250,0.0033060286894041,0.0076196050978046,0,209.767983629675,1,-183.871730232113,0,183.871730232113,0
243,252,0.0002059517617302,0.0035523872477733,0,1576.68334880813,1,613.574327343339,0,-613.574327343339,0
243,253,0.0007668324584731,0.0014253441374983,0,3027.97438597951,1,-692.089092272184,0,692.089092272184,0
245,255,0.0091625258281957,0.0884839641897517,0,5.94897674286758,1,-1.69479781535071,0,1.69479781535071,0
250,256,0.0067332839442476,0.0046613209948934,0,1305.90926841618,1,-110.362395415375,0,110.362395415375,0
251,256,0.0076671288401068,0.0060511569319642,0,2131.83083704271,1,-153.105346812942,0,153.105346812942,0
253,256,0.0056884203460366,0.0418893112795662,0,133.108368063088,1,-31.6395331332455,0,31.6395331332455,0
251,258,0.0013939635786829,0.0052949601282603,0,1344.30847215103,1,306.177213333805,0,-306.177213333805,0
252,258,0.0003928215385435,0.0063919115693609,0,1351.92045092058,1,-304.105643500489,0,304.105643500489,0
255,258,0.144100846666121,0.172671997638328,0,5.09476283062091,1,-1.69479781535071,0,1.69479781535071,0
250,260,0.0040534685732673,0.0065140666722971,0,1162.88505480099,1,-243.164562237553,0,243.164562237553,0
251,260,0.0002439513752016,0.0386922831057247,0,343.457897880814,1,-51.5870333935285,0,51.5870333935285,0
251,261,0.037961830518867,0.121397848470662,0,5.65314979748829,1,2.86824712273201,0,-2.86824712273201,0
260,262,0.0052763430300465,0.0015911099323954,0,512.038642762806,1,-332.703071563581,0,332.703071563581,0
257,263,0.0006343895358389,0.0021161283879145,0,1376.31822874523,1,460.898907086362,0,-460.898907086362,0
259,263,0.0014679419574897,0.0409635305858016,0,83.0237335158953,1,-35.9590731170872,0,35.9590731170872,0
262,263,0.0026997028143601,0.0038289828112008,0,1026.75159071145,1,-424.939833969275,0,424.939833969275,0
254,264,0.0043932352947246,0.0664198822059257,0,837.971618678635,1,-22.4105177299317,0,22.4105177299317,0
261,265,0.0017162010823169,0.0722395280998503,0,84.5083794441426,1,13.9677688428446,0,-13.9677688428446,0
264,265,0.0094483347170753,0.0006813564551272,0,488.292553373212,1,-60.4399799859536,0,60.4399799859536,0
261,266,0.224140840230893,0.078890487365132,0,62.6070870391675,1,-8.63364069595485,0,8.63364069595485,0
262,267,0.0007735502536015,0.0085121796701137,0,1609.19001679293,1,152.093303226032,0,-152.093303226032,0
264,268,0.0029497733945154,0.0034516546984947,0,802.848445117279,1,212.476237078957,0,-212.476237078957,0
265,269,0.004260986442101,0.00734207549317,0,355.691326382774,1,-46.4722111431089,0,46.4722111431089,0
260,270,0.0029847900717454,0.0372171375497827,0,61.8171089727257,1,37.9514759324985,0,-37.9514759324985,0
264,270,0.0057877938673909,0.0517130312738909,0,48.9019129916546,1,-38.3265103927179,0,38.3265103927179,0
267,270,0.0890498793275371,0.962517277964184,0,15.3611712651685,1,0.672369164518367,0,-0.672369164518367,0
261,271,0.0419440348875558,0.216236763467501,0,15.3611712651685,1,-2.46588102415772,0,2.46588102415772,0
266,271,0.0402600775031583,0.0659901194618569,0,109.324158568664,1,2.24121416487221,0,-2.24121416487221,0
270,271,0.121113800414912,1.34044123578352,0,5.3040712138048,1,0.297334704298986,0,-0.297334704298986,0
262,272,0.0080618126776313,0.0113938291894112,0,370.220206799479,1,48.3763950976501,0,-48.3763950976501,0
266,272,0.0274004831998726,0.150924477444084,0,308.213907205589,1,-10.8748548608271,0,10.8748548608271,0
271,272,0.0065222019069013,0.0477095011653225,0,209.667050550085,1,-37.5015402368231,0,37.5015402368231,0
264,273,0.0124692874413917,0.0207032105781976,0,191.824479915649,1,86.571139097261,0,-86.571139097261,0
268,274,0.0003858636443868,0.0027789554877093,0,809.599844421483,1,-448.388735886859,0,448.388735886859,0
267,275,0.003777844472307,0.0078473476060349,0,1624.36601567154,1,151.420934061513,0,-151.420934061513,0
274,276,0.0063211923099238,0.140472711188327,0,165.994811669115,1,8.66656789686066,0,-8.66656789686066,0
274,277,0.0269899361713512,0.305492505870344,0,12.8130446692485,1,-0.589500687666508,0,0.589500687666508,0
275,277,0.0025593594890728,0.0264728020788919,0,81.2898414712788,1,28.2610236521592,0,-28.2610236521592,0
277,278,0.0216324964686071,0.0531874479162171,0,1169.07122014066,1,25.0236754390936,0,-25.0236754390936,0
271,279,0.0041878465043903,0.0145157587366499,0,349.912048790338,1,77.804979200304,0,-77.804979200304,0
273,279,0.0089409879497749,0.0309977341911945,0,338.29221460773,1,-72.4673143647813,0,72.4673143647813,0
276,279,0.0064070682255242,0.217095043280791,0,26.8813047384084,1,-5.33766483552269,0,5.33766483552269,0
275,280,0.0054941747841391,0.0149482471496644,0,287.409280801708,1,111.997089659504,0,-111.997089659504,0
274,281,0.0118747742265721,0.01299184232061,0,796.947315446875,1,135.104976844873,0,-135.104976844873,0
253,282,0.0001212975877135,0.001706944589324,0,2410.46542505078,1,-660.449559138938,0,660.449559138938,0
274,284,0.0998645406748564,0.571014461900918,0,2.5765505449692,1,-0.185648417778241,0,0.185648417778241,0
275,284,0.0152334696572748,0.0736577801456396,0,286.949365375143,1,11.1628207498499,0,-11.1628207498499,0
281,285,0.009248611844254,0.030287346883871,0,1336.83887115415,1,-97.5889317520869,0,97.5889317520869,0
276,286,0.0429751806976869,0.0685228002151664,0,902.203835811917,1,14.0042327323834,0,-14.0042327323834,0
281,286,0.0766538530462066,0.513848196557067,0,5.83679462744753,1,0.820792945825655,0,-0.820792945825655,0
258,287,0.225776763580205,1.56985481867196,0,15.3611712651685,1,0.376772017965226,0,-0.376772017965226,0
273,287,0.0754364795742089,0.359605624493609,0,29.9334532817865,1,-2.71973568067062,0,2.71973568067062,0
274,287,0.0006609691862559,0.0798914304653812,0,1311.68625082426,1,16.6091156871034,0,-16.6091156871034,0
286,287,0.005899481280125,0.290951995933399,0,34.864131234202,1,-2.92178617686623,0,2.92178617686623,0
281,289,5.57851608684678e-05,0.0051351324776739,0,627.411122633661,1,231.873115651135,0,-231.873115651135,0
273,290,0.0629526690332671,0.229787052526251,0,85.7631591514552,1,-15.4647457347418,0,15.4647457347418,0
283,290,0.0029595620423946,0.0199540349910703,0,222.575811008265,1,-83.4085134559402,0,83.4085134559402,0
241,291,0.0001734648099335,0.0002072206823145,0,5778.00628188933,1,-2499.08409691436,0,2499.08409691436,0
285,292,0.0213028236099852,0.25649437708605,0,675.339363831015,1,15.3661878589203,0,-15.3661878589203,0
287,292,0.0156242114926495,0.12464050604092,0,233.506581439084,1,11.3443658475317,0,-11.3443658475317,0
283,293,0.0058920004166981,0.0451892980999777,0,202.316805672972,1,83.4085134559402,0,-83.4085134559402,0
289,293,0.0005006585006799,0.0053126846983039,0,863.575019320117,1,233.197872775268,0,-233.197872775268,0
291,293,0.0011439547082986,0.0032691463386675,0,1569.39378523352,1,-316.606386231208,0,316.606386231208,0
243,294,0.0995541468409716,0.234724943195611,0,3.51280445842297,1,3.5128044583264,0,-3.5128044583264,0
286,294,0.0041798994724614,0.335263817825065,0,26.3780879375229,1,-2.54388111847263,0,2.54388111847263,0
288,294,0.0126045564441335,0.0888178309447977,0,605.161310257839,1,-15.8798267916259,0,15.8798267916259,0
292,294,0.003145697404638,0.0661172438673308,0,842.441549588479,1,-21.4276819949553,0,21.4276819949553,0
277,295,0.0082649744491655,0.0439090983061556,0,492.909019775217,1,2.64784752539911,0,-2.64784752539911,0
290,295,0.0018656692473789,0.039041293859152,0,30.347781014173,1,30.3477810141433,0,-30.3477810141433,0
292,295,0.272991817725964,0.0927687047163876,0,757.841003853602,1,-30.2334387930394,0,30.2334387930394,0
252,296,3.98802846200545e-05,0.0007822414384289,0,6979.8671091158,1,1119.34872828915,0,-1119.34872828915,0
291,296,0.0001447952123958,0.0016086486031569,0,1996.68910746111,1,-1035.0521020212,0,1035.0521020212,0
242,297,0.0012258818331358,0.0117979991236176,0,574.890276188648,1,91.9846401774852,0,-91.9846401774852,0
245,297,0.001938774124719,0.0102544763157861,0,409.494735303475,1,127.319802940203,0,-127.319802940203,0
289,297,0.0109461488468524,0.348976136031933,0,4.18262466821528,1,-1.32475712413302,0,1.32475712413302,0
296,297,9.88470358396193e-05,0.0049142784938136,0,411.675815427836,1,-217.979685993555,0,217.979685993555,0
241,298,0.000380052980749,0.0036057778004579,0,1143.94477720767,1,-287.096458996253,0,287.096458996253,0
291,298,0.0157745726024098,0.034080970196147,0,2106.04416319346,1,-15.1798532652488,0,15.1798532652488,0
296,298,0.0001923739354367,0.0037968274219361,0,1658.50847642479,1,302.276312261503,0,-302.276312261503,0
244,299,0.0042793546729523,1.046735250329,0,3.22571847934238,1,-0.332657541122099,0,0.332657541122099,0
245,299,0.0170190316887402,0.0151730627038164,0,228.403251481346,1,-43.5849362800823,0,43.5849362800823,0
274,299,0.0049094509747759,0.0260457844302349,0,3157.75713236959,1,19.839610778506,0,-19.839610778506,0
285,299,0.0161585018171191,0.0713176637168984,0,2702.10840217156,1,24.0779830426984,0,-24.0779830426984,0
244,300,0.0819252048316241,0.0464189390099422,0,512.293145655897,1,-11.5271981049223,0,11.5271981049223,0
249,300,0.0642537009772843,0.0235577772921481,0,895.881439834326,1,9.61931773493295,0,-9.61931773493295,0
273,300,0.0162275384807345,0.166935639444933,0,245.824402669318,1,-11.8314817085853,0,11.8314817085853,0
284,300,0.000534450055896,0.0397069675599444,0,273.270068242809,1,10.9771723320716,0,-10.9771723320716,0
295,300,0.0805136556211067,0.142526681884394,0,14.0679957927268,1,2.76218974650295,0,-2.76218974650295,0
32,77,0.0175777223087118,0.0967260511416645,0,1749.40494030306,1,-7.29917733651646,0,7.29917733651646,0
23,80,0.0088503519054243,0.156913203042562,0,146.336860176968,1,-2.15841996499423,0,2.15841996499423,0
60,108,0.0014461205982671,0.0244055378678205,0,575.168788908545,1,100.16750100822,0,-100.16750100822,0
9,70,0.0103837872351324,0.03557158525801,0,93.7697491593947,1,4.0312690350109,0,-4.0312690350109,0
63,174,0.0001791602938396,0.0016361642328447,0,930.084531512588,1,-413.617027014288,0,413.617027014288,0
113,166,0.0022200887787404,0.0202973806652326,0,218.369558518612,1,-97.5585442102691,0,97.5585442102691,0
102,136,0.0002275997950893,0.0028580842430136,0,2534.28495305878,1,-546.977826686668,0,546.977826686668,0
68,146,0.041909989884387,0.0418175649944841,0,336.844570549464,1,-101.248254875034,0,101.248254875034,0
146,215,0.0046520122636653,0.0057760284171214,0,563.797172175091,1,163.914110097986,0,-163.914110097986,0
175,206,0.0083156579147886,0.0005950405145154,0,353.400208396307,1,-101.771031872382,0,101.771031872382,0
146,239,0.0038545820896366,0.0138433466609231,0,397.136459411481,1,105.473715502592,0,-105.473715502592,0
179,225,0.31992182357698,0.216209228713659,0,53.5984986346307,1,8.69366701454049,0,-8.69366701454049,0
231,274,1.73472614239839e-05,0.0012351271421906,0,668.819992360216,1,627.833857988757,0,-627.833857988757,0
224,264,0.0002806034502578,0.0057358250006988,0,1288.17140854625,1,222.691403527479,0,-222.691403527479,0
191,256,6.70653436767969e-05,0.0042147882811284,0,1983.84887029741,1,295.107275361562,0,-295.107275361562,0
220,269,0.0025693886372556,0.0205100736586592,0,358.330665391155,1,46.4722111431089,0,-46.4722111431089,0
291,50,5.07667855576109e-05,0.0005117992789174,0,2743.17478143834,1,-1113.56427126966,0,1113.56427126966,0
288,13,0.0555649193536134,0.0505364977654719,0,860.418409345863,1,15.8798267916259,0,-15.8798267916259,0
292,52,0.0003209907073623,0.0165344861828679,0,546.809189879635,1,78.3716744944468,0,-78.3716744944468,0
254,51,0.061831078114106,0.0538944848769531,0,1353.69292839681,1,22.4105177299317,0,-22.4105177299317,0
