from_bus,to_bus,resistance,reactance,susceptance,line_rating,line_status,P_from,Q_from,P_to,Q_to
1,4,0.0121290603878201,0.0257359867077653,0,32.835815496833,1,-10.3436918181072,0,10.3436918181072,0
3,6,0.0003566434358499,0.0025531214404014,0,1142.43041755499,1,600.999260830091,0,-600.999260830091,0
3,12,0.0080736313242435,0.0281167997838845,0,2573.43556781794,1,3.97914930855587,0,-3.97914930855587,0
9,12,0.0961947926475627,0.0920962769801667,0,748.897686264932,1,43.0560292128986,0,-43.0560292128986,0
4,14,0.0786986875562192,0.342255737937397,0,7.15442746079758,1,1.08056658338297,0,-1.08056658338297,0
8,14,0.0012930436487123,0.0016817494532389,0,1475.34964651551,1,251.281815939081,0,-251.281815939081,0
10,14,0.0001817454433367,0.0008863649324892,0,2244.47842063606,1,-538.431464252445,0,538.431464252445,0
9,16,0.0032921572644569,0.0028221714801457,0,221.440938022526,1,-104.169989705694,0,104.169989705694,0
12,16,0.003437434316648,0.0129506698235629,0,1551.05031724688,1,-328.885349106981,0,328.885349106981,0
8,17,0.0001251197105285,0.0004006096224976,0,3564.95350293776,1,1086.77401156558,0,-1086.77401156558,0
11,17,0.0043409055366932,0.0147157130602993,0,8768.79239077877,1,62.3310280616918,0,-62.3310280616918,0
15,17,0.0002614486019892,0.0013241770179957,0,5059.43950688082,1,-931.229549685505,0,931.229549685505,0
10,19,0.0001000691854683,0.0039296942661524,0,2082.65093686223,1,538.431464252445,0,-538.431464252445,0
12,19,0.000331733298274,0.0216947316677092,0,549.751557524384,1,299.705385684677,0,-299.705385684677,0
15,19,3.00324999819173e-05,0.0014467173733747,0,6439.81964729129,1,931.229549685505,0,-931.229549685505,0
12,20,0.0002892817493861,0.0840364928631329,0,668.752116526432,1,76.2151419437583,0,-76.2151419437583,0
13,20,0.0049791138071106,0.0063289168757361,0,787.050886677188,1,164.548582372058,0,-164.548582372058,0
13,22,0.0149778774320975,0.385357769044827,0,22.5513589321137,1,0.401465959759122,0,-0.401465959759122,0
17,23,0.0016535882980908,0.0153288962486779,0,209.696020447624,1,64.2078371600651,0,-64.2078371600651,0
22,23,0.0012766551287328,0.0216726411063026,0,1945.90978484011,1,-28.2486336617034,0,28.2486336617034,0
22,24,0.0149900255310938,0.0192244134694948,0,1001.20640793036,1,27.2060865740494,0,-27.2060865740494,0
18,25,0.193064235523214,0.172953893255814,0,161.403043414999,1,-21.6217128747305,0,21.6217128747305,0
18,26,0.0005373340433701,0.0094342095778361,0,476.30048918204,1,174.904368225704,0,-174.904368225704,0
21,26,0.0167005651366796,0.0393734822929278,0,41.8081832012353,1,3.31497798136787,0,-3.31497798136787,0
26,27,0.112323280378434,1.94094764454368,0,22.5513589321137,1,-0.366314837754866,0,0.366314837754866,0
25,28,0.0975084752227733,1.43757207165301,0,6.34480531294071,1,1.87096493395546,0,-1.87096493395546,0
25,29,0.0313509107403629,0.0917626629038765,0,188.394333227386,1,41.5673872840752,0,-41.5673872840752,0
21,31,0.13274194304716,0.0008151257980669,0,44.7069262717132,1,-3.31497798136766,0,3.31497798136766,0
22,31,0.0344596898511094,0.108415799482645,0,26.7744013091923,1,1.44401304741308,0,-1.44401304741308,0
28,31,0.234998921444731,1.37189775867037,0,5.81391460394036,1,1.87096493395546,0,-1.87096493395546,0
30,32,0.0269373438504422,0.128826207510253,0,22.5513589321137,1,0.0,0,0.0,0
26,33,0.002128624893762,0.0081431920130094,0,484.385402156597,1,178.585661044826,0,-178.585661044826,0
29,34,0.0037483548205873,0.0609125251295601,0,102.218872199224,1,42.6406218033619,0,-42.6406218033619,0
20,35,0.0009771097604068,0.0079393941394618,0,2234.65383994075,1,240.763724315816,0,-240.763724315816,0
32,35,0.0226402005855674,0.013477064639594,0,362.535720960928,1,116.096314089921,0,-116.096314089921,0
34,35,0.0276511905630539,0.0346519982132219,0,121.783458435763,1,42.8953037050249,0,-42.8953037050249,0
13,36,0.0174875200466381,0.0388102653593913,0,172.246087316335,1,-11.2823955501141,0,11.2823955501141,0
27,36,0.0545941353259051,0.467797185777266,0,22.5513589321137,1,-0.366314837754867,0,0.366314837754867,0
29,36,0.0271345256403763,0.187646398252898,0,88.3930452314592,1,3.69285408119068,0,-3.69285408119068,0
33,37,0.0034991922795762,0.0029971718035847,0,1134.67374950268,1,205.791747618876,0,-205.791747618876,0
35,38,6.58131085062938e-05,0.0031017265696885,0,3352.12288638456,1,465.433190638515,0,-465.433190638515,0
34,39,0.0904082263254066,0.88997539918329,0,22.5513589321137,1,-0.254681901663067,0,0.254681901663067,0
37,41,0.0515714073424549,0.044492879036325,0,22.5513589321137,1,6.27826956756061,0,-6.27826956756061,0
39,41,0.0052747726073926,0.0142567086114892,0,588.523698237002,1,109.072248168596,0,-109.072248168596,0
24,42,0.0097645138149303,0.022817598388595,0,21172.6818468147,1,27.2060865740494,0,-27.2060865740494,0
33,42,0.0109336482069581,0.0220625959043485,0,900.998784017939,1,-27.2060865740494,0,27.2060865740494,0
13,44,0.0067685146821538,0.0021757763771318,0,619.218982640207,1,-153.667652781703,0,153.667652781703,0
17,44,9.44394878488777e-05,0.0072064828073698,0,627.865247319817,1,153.667652781703,0,-153.667652781703,0
36,45,0.0773216388650784,0.138789568579561,0,58.9783274314558,1,-12.819663791681,0,12.819663791681,0
43,45,0.0077666756529642,0.208254823336806,0,5.14642563448676,1,-3.41357900668504,0,3.41357900668504,0
11,46,0.0005653148740929,0.0067243778594662,0,520.347537896043,1,304.721401944633,0,-304.721401944633,0
39,46,0.0038765343607455,0.0050856786786678,0,615.457242046381,1,-304.737539864928,0,304.737539864928,0
40,46,0.0637099860674548,0.0474241775027041,0,3.74628302339684,1,-1.67269177132991,0,1.67269177132991,0
43,47,0.0001093763941008,0.0004340219764736,0,951.388457987429,1,-357.297991123269,0,357.297991123269,0
40,48,1.66513041448136,0.22503667230766,0,3.99979510334029,1,1.67269177132992,0,-1.67269177132992,0
45,49,0.134916817704908,0.867749559555606,0,12.4503057678133,1,2.82151769321273,0,-2.82151769321273,0
47,49,0.0005548601175382,0.0084453311895242,0,590.891317879681,1,224.094423345435,0,-224.094423345435,0
4,50,0.0022408690254193,0.0043718253854094,0,2902.09401318789,1,74.6235781041093,0,-74.6235781041093,0
18,50,0.0002784615628682,0.0019083660629044,0,326.337668072831,1,-153.282655350973,0,153.282655350973,0
1,51,0.001142654003931,0.0038652781351378,0,2445.05440620913,1,463.574657177194,0,-463.574657177194,0
43,52,0.13466800012939,0.182266415810885,0,5.28550155520658,1,2.54812524018191,0,-2.54812524018191,0
45,52,0.0782518750739614,0.46787925612023,0,4.33564521945478,1,2.51204115629056,0,-2.51204115629056,0
48,52,0.0577113860584488,0.234693077504195,0,11.9741493224119,1,-5.06016639647248,0,5.06016639647248,0
32,53,0.0050928945469767,0.532302944666599,0,22.5513589321137,1,0.867267493411782,0,-0.867267493411782,0
35,53,0.0032547924607017,0.0167939193133844,0,132.778920541241,1,-65.677848527753,0,65.677848527753,0
49,53,0.0078010913702159,0.0249755753397707,0,149.761100119812,1,64.8105810343412,0,-64.8105810343412,0
36,54,0.0006223490547972,0.0625282944632121,0,15.243385220902,1,4.86380748500266,0,-4.86380748500266,0
1,55,7.95427106059884e-05,0.0007128025100574,0,2398.18241632894,1,1044.57881062404,0,-1044.57881062404,0
48,55,0.0092112663143934,0.0153904153770827,0,216.235942552961,1,-62.336525223245,0,62.336525223245,0
54,55,0.000495819772115,0.0006921186842096,0,1707.78140482393,1,-982.242285400799,0,982.242285400799,0
11,56,0.0035536218823192,0.023997860372595,0,2586.89398199541,1,-0.308386466629975,0,0.308386466629975,0
46,56,0.0036174098692716,0.218772611120885,0,90.1743709858875,1,-9.39999963145605,0,9.39999963145605,0
48,56,0.0085836526981667,0.568963084101571,0,22.3520216068828,1,-4.41541034136386,0,4.41541034136386,0
54,56,0.0003616884047315,0.0059488562429683,0,375.307221425646,1,-375.307221422999,0,375.307221422999,0
32,57,0.0083002016593902,0.0256981133973918,0,293.680581813397,1,-63.5220225946227,0,63.5220225946227,0
50,57,0.001491546164047,0.0063694593420294,0,326.563003525486,1,196.8795688876,0,-196.8795688876,0
54,57,0.0001308148912843,0.0156814331564071,0,274.116579495828,1,-7.03724512550519,0,7.03724512550519,0
56,57,0.0017905954619158,0.0612121499631537,0,813.729645964143,1,34.6711334176298,0,-34.6711334176298,0
5,58,0.0343305417059215,1.62219432409388,0,22.5513589321137,1,0.0,0,0.0,0
18,58,0.0044730874544901,0.228443152105531,0,22.5513589321137,1,0.0,0,0.0,0
1,59,4.56351662787586e-05,0.000372707075701,0,5063.84988448978,1,-1556.81644162592,0,1556.81644162592,0
2,59,1.81231993547238e-06,7.25748977884153e-05,0,6316.24106593752,1,2631.65395085079,0,-2631.65395085079,0
4,59,0.0004618334606563,0.0036494977810342,0,177.119544303848,1,-86.0478364594838,0,86.0478364594838,0
7,59,0.850030146949311,1.51919378280588,0,22.5513589321137,1,1.10781566212137e-10,0,-1.10781566212137e-10,0
8,59,3.44659966795186e-05,0.000264230556345,0,4116.34972439527,1,-988.789671631843,0,988.789671631843,0
54,60,0.013951421492988,0.0385260229250722,0,566.764648114156,1,-26.0178039854355,0,26.0178039854355,0
56,60,0.0022904404497568,0.0472863195940407,0,762.879683635626,1,26.0178039854355,0,-26.0178039854355,0
65,66,0.0087548107920033,0.0620306947420362,0,74.4277913003398,1,1.01148005268486,0,-1.01148005268486,0
64,67,0.0020673760592931,0.0114513852394406,0,370.687428695801,1,-218.14886339774,0,218.14886339774,0
66,67,0.0409116227550348,0.116262541954562,0,16.5958355439602,1,-5.78067844301475,0,5.78067844301475,0
64,70,0.000665535111874,0.0035174105678405,0,4070.49029343217,1,-498.039088765118,0,498.039088765118,0
66,70,0.0206854480239741,0.0693397534212965,0,93.5678695637456,1,1.0704155498758,0,-1.0704155498758,0
64,71,0.0125695110467674,0.0382171129145279,0,1705.57527336415,1,-19.1023495140146,0,19.1023495140146,0
62,72,0.0015154723228906,0.0259782117742718,0,85.6076664532718,1,34.8945491707144,0,-34.8945491707144,0
66,73,0.0747053706494996,0.18751400186915,0,4.31960647986554,1,1.74698185751631,0,-1.74698185751631,0
65,74,0.0077350625801604,0.0524584090420494,0,2480.91120074245,1,-20.1138295666995,0,20.1138295666995,0
68,74,0.0030452438662321,0.0272662935491974,0,939.378529415971,1,20.1138295666995,0,-20.1138295666995,0
65,75,0.0128649587568036,0.038534163161519,0,973.067113005516,1,19.1023495140146,0,-19.1023495140146,0
71,75,0.0336758024426245,0.0221252057570821,0,2744.39575214995,1,-19.1023495140146,0,19.1023495140146,0
66,76,0.0151076946045193,0.124450239989076,0,15.5834650185098,1,3.97476108830747,0,-3.97476108830747,0
73,77,0.032673224921507,0.182079193558711,0,22.5513589321137,1,1.05684728060969,0,-1.05684728060969,0
73,78,0.0320921946600135,0.35273989882833,0,4.10398574502435,1,0.690134576906626,0,-0.690134576906626,0
76,79,0.230889497321027,0.61178623905949,0,22.5513589321137,1,0.0110446759581495,0,-0.0110446759581495,0
77,79,0.0976032545489344,1.68375313400813,0,22.5513589321137,1,-0.0110446759581495,0,0.0110446759581495,0
76,80,0.0024761124233514,0.548926552953379,0,22.5513589321137,1,-0.110331182053022,0,0.110331182053022,0
77,80,0.0617702803400947,1.30256197809794,0,22.5513589321137,1,-0.0659601657479691,0,0.0659601657479691,0
80,81,0.482302907135754,1.8660736757528,0,22.5513589321137,1,0.0,0,0.0,0
76,83,0.287983274667993,0.314693626291013,0,36.4261017624272,1,1.58074814509623,0,-1.58074814509623,0
76,85,0.103060378547543,0.842017639444567,0,22.5513589321137,1,-0.0355881063620528,0,0.0355881063620528,0
76,86,0.0734109906958409,0.113375661522529,0,15.1496656616518,1,2.52888755566818,0,-2.52888755566818,0
77,86,0.0061859674054671,0.183656894609882,0,2.27586949362346,1,1.42309283607587,0,-1.42309283607587,0
77,87,0.0693089464613118,0.570076114124373,0,2.03073457098966,1,-0.289240713760065,0,0.289240713760065,0
78,87,0.0412137755231663,0.03861414965056,0,22.5513589321137,1,-5.59114532803431,0,5.59114532803431,0
80,87,0.348167865515908,0.372721453745985,0,22.5513589321137,1,-0.211879454163044,0,0.211879454163044,0
82,87,0.0207998404636913,0.274526296531885,0,10.6732395370014,1,-3.50374637251166,0,3.50374637251166,0
84,87,0.0041736366124439,0.158539475468438,0,13.5552496863344,1,9.59601186846908,0,-9.59601186846908,0
80,88,0.066670472491016,0.797411883522157,0,22.5513589321137,1,0.0355881063620549,0,-0.0355881063620549,0
85,88,0.0298836644430578,0.0623669938665922,0,22.5513589321137,1,-0.03558810636205,0,0.03558810636205,0
67,89,0.0846143204295745,0.229048383328305,0,22.5513589321137,1,11.2612682389763,0,-11.2612682389763,0
72,89,0.0019584199848325,0.0145106744143387,0,475.851005505987,1,-88.3410461927863,0,88.3410461927863,0
83,91,0.0209401495123238,0.0213413783173821,0,375.66163287636,1,1.41424818981122,0,-1.41424818981122,0
84,91,0.0053814501949656,0.0139338326961378,0,190.45222683387,1,157.064882380234,0,-157.064882380234,0
86,91,0.0020686001853974,0.0609616061481188,0,15.3733197567225,1,3.95198039174406,0,-3.95198039174406,0
82,92,0.256982233178083,0.102598781069215,0,9.81403890721979,1,3.50374637251166,0,-3.50374637251166,0
89,92,0.0264738037682132,0.0675871261787455,0,31.6463199968973,1,-3.41520740801553,0,3.41520740801553,0
83,93,0.0001784769585438,0.0001492148699581,0,3514.54276175058,1,1778.65890873798,0,-1778.65890873798,0
90,93,0.0006127038197942,0.0010245752767147,0,1555.52252207595,1,-895.511554479493,0,895.511554479493,0
84,94,0.0700734924082536,0.487467488152385,0,3.84458005774049,1,3.84458005715158,0,-3.84458005715158,0
89,95,0.0076954287818148,0.0159434443292597,0,137.900582360539,1,-32.8269685925792,0,32.8269685925792,0
69,97,0.0029446715480816,0.0122301535321847,0,775.684211658326,1,-105.299914150359,0,105.299914150359,0
95,97,0.0062738854598367,0.0269114011590876,0,341.673157658941,1,-55.6915204347434,0,55.6915204347434,0
93,98,0.0036555366271807,0.0021037283055759,0,1704.53514824039,1,451.433349076884,0,-451.433349076884,0
64,99,0.0016965345235086,0.0160731158426698,0,1001.81457295624,1,-126.427762944318,0,126.427762944318,0
78,99,0.0804173566688023,0.154199772563123,0,28.2746647233935,1,-5.03943243522218,0,5.03943243522218,0
92,100,0.294052036456094,0.250161153671062,0,11.6543398140802,1,0.0885389644961349,0,-0.0885389644961349,0
94,100,0.0622849011426097,0.182261611022205,0,43.5977775111323,1,5.43580478264333,0,-5.43580478264333,0
100,101,0.0097425180640712,0.0524006744560812,0,1877.42002392501,1,33.0952620300904,0,-33.0952620300904,0
94,103,0.0055814393464539,0.0107565651067577,0,858.548947044334,1,233.323503110563,0,-233.323503110563,0
95,104,0.006296452250896,0.0249438143976347,0,2577.92148220546,1,22.8645518421642,0,-22.8645518421642,0
104,105,0.0052889907869445,0.0252094023285873,0,530.395974323426,1,22.8645518421643,0,-22.8645518421643,0
96,106,0.0036854618286178,0.0108332909128351,0,318.230995255395,1,-188.180352925052,0,188.180352925052,0
102,106,0.0002108340109139,0.0037134145728275,0,456.425823013545,1,196.75429602352,0,-196.75429602352,0
105,107,0.0013204956099031,0.0071448608970503,0,547.532523135776,1,310.795643752928,0,-310.795643752928,0
102,108,0.0050515463506253,0.0094870257067955,0,327.892938757563,1,-261.294147480885,0,261.294147480885,0
103,108,0.0287016459914935,0.0268001678083445,0,102.874547564864,1,-24.7276768885655,0,24.7276768885655,0
99,109,0.0096400027054553,0.107385236913723,0,312.195860319971,1,26.099281735979,0,-26.099281735979,0
100,110,0.0033903954022522,0.0678815418880391,0,5096.7178045545,1,-27.5709182829509,0,27.5709182829509,0
103,110,0.0005662109466842,0.0042167272907587,0,1326.42570516157,1,-804.077931955743,0,804.077931955743,0
108,110,0.0024257195201629,0.0066638977640752,0,2018.33149386517,1,-409.350738265577,0,409.350738265577,0
101,111,0.0133757662457265,0.0240768710439657,0,1849.26155283069,1,33.0952620300903,0,-33.0952620300903,0
109,111,0.004718851261493,0.0814998882267335,0,281.662253937559,1,20.0374323922742,0,-20.0374323922742,0
102,112,0.0018629569279363,0.0602388064324302,0,22.5513589321137,1,-13.5938733691862,0,13.5938733691862,0
105,112,0.0007816454208046,0.0137943355297292,0,501.036921444502,1,122.101545739186,0,-122.101545739186,0
109,112,0.173830740531076,0.266972109266822,0,7.79045387652068,1,6.06184934370478,0,-6.06184934370478,0
111,112,0.0206599145664205,0.257636969462097,0,30.4189436383736,1,-0.0570717587821679,0,0.0570717587821679,0
63,113,0.0001679660828515,0.0056019294356566,0,1056.06732674935,1,-366.151950045762,0,366.151950045762,0
102,113,0.0252581575727273,0.0946492827828114,0,2328.16650872672,1,27.1487764675764,0,-27.1487764675764,0
103,113,0.0227704162401515,0.0576450812866948,0,208.716115641686,1,76.08299836263,0,-76.08299836263,0
107,113,0.0087658438318248,0.0315141506254536,0,149.327249118295,1,90.505659192277,0,-90.505659192277,0
105,114,0.0105393493381353,0.0767801520180677,0,33.9114444040694,1,9.33651792082099,0,-9.33651792082099,0
64,115,0.0028912615220493,0.029535762392933,0,547.994092474796,1,144.882562119161,0,-144.882562119161,0
72,115,0.0030603462026481,0.0236624828423451,0,1439.1139208624,1,123.235595363501,0,-123.235595363501,0
111,115,0.0114780614201503,0.035262026720699,0,171.952142075614,1,53.1897661811468,0,-53.1897661811468,0
115,116,0.0039382105739219,0.0058962307491369,0,481.803229734774,1,297.070665091324,0,-297.070665091324,0
61,117,5.48648048171075e-05,0.0109280738115211,0,419.218341445534,1,-189.245161063247,0,189.245161063247,0
107,117,0.0018924314712819,0.0082668707158346,0,1755.08251280308,1,220.289984560651,0,-220.289984560651,0
116,117,0.0001976522810261,0.0413753090866259,0,127.864990369671,1,-31.0448234974031,0,31.0448234974031,0
108,118,0.0017345872117096,0.0316173780773368,0,851.901132860751,1,123.328913896126,0,-123.328913896126,0
113,118,0.0005666200780058,0.0015918603948604,0,2291.12914872058,1,-721.909798411063,0,721.909798411063,0
114,118,0.0120618125297105,0.0600057923568293,0,1007.56756696014,1,53.4408697940976,0,-53.4408697940976,0
68,119,0.0010623794803984,0.0048062426442723,0,1689.26907931107,1,425.939345335797,0,-425.939345335797,0
105,119,0.0016934410189908,0.0051262683689756,0,1122.56955692456,1,-419.369155570771,0,419.369155570771,0
62,120,0.0027998981649404,0.025957080962731,0,104.136273578476,1,-34.8945491707144,0,34.8945491707144,0
69,120,0.0065489679164289,0.0033368333607404,0,395.678485204657,1,61.1079989388022,0,-61.1079989388022,0
78,120,0.0002398328142198,0.0711887081509039,0,38.8314115568927,1,11.3207123401631,0,-11.3207123401631,0
114,120,0.0122253701771942,0.0424127218935175,0,1146.45335039695,1,-44.1043518732765,0,44.1043518732765,0
119,120,0.0006943571689508,0.151604828434886,0,30.9740579441418,1,6.57018976502599,0,-6.57018976502599,0
121,122,0.147066047766319,0.0650719019067773,0,3.59466270112864,1,-3.57919143042447,0,3.57919143042447,0
122,125,0.0079830585858706,0.326424273800714,0,25.322293224921,1,-2.98200882195347,0,2.98200882195347,0
125,127,0.001972835995678,0.0055327274551888,0,740.35867155816,1,351.965828633555,0,-351.965828633555,0
122,128,0.104009744542805,0.172188625305683,0,17.2095528183933,1,-0.597182608471003,0,0.597182608471003,0
126,128,0.0101279793025991,0.333122615923936,0,15.6179688973627,1,0.597182608471,0,-0.597182608471,0
127,130,0.0032286223888626,0.0053774640002843,0,617.65569129097,1,340.536070615913,0,-340.536070615913,0
129,131,0.0172725402649131,0.0142738155770807,0,1212.26473351947,1,-159.604176751883,0,159.604176751883,0
123,132,0.0014939614521774,0.0353679458941529,0,230.732336524702,1,27.0897281008599,0,-27.0897281008599,0
129,133,0.004266873041369,0.0075618906872666,0,989.299387362247,1,152.806405820482,0,-152.806405820482,0
132,136,0.0038499571924011,0.0523235412526306,0,78.7135574090807,1,10.6425227274624,0,-10.6425227274624,0
129,137,0.0021371858287833,0.0638868392081806,0,13.0353741017048,1,6.79777093140193,0,-6.79777093140193,0
135,138,0.0056454244991024,0.0362946060733311,0,1376.29926273845,1,-29.3400890497139,0,29.3400890497139,0
133,139,0.0279722725461228,0.0432761181601105,0,67.0997686361514,1,-4.32260078800244,0,4.32260078800244,0
137,139,0.0059499032592689,0.123571868510751,0,55.364230569252,1,4.3226007880024,0,-4.3226007880024,0
131,140,0.003686445204841,0.014892778302223,0,247.092756044873,1,83.0913556352568,0,-83.0913556352568,0
132,140,0.0502037572573417,0.258430414615685,0,1856.83740921516,1,16.4472053733974,0,-16.4472053733974,0
135,140,0.0008934219926231,0.0365737392297608,0,892.088119228615,1,29.3400890497138,0,-29.3400890497138,0
138,140,0.000102229323629,0.0041346930342206,0,4062.20120213412,1,517.079193643454,0,-517.079193643454,0
124,141,0.0050988789209266,0.0091552308076474,0,1306.85565878695,1,-113.61678719777,0,113.61678719777,0
138,141,0.0024247074086012,0.16524729869024,0,343.786279431271,1,-5.98726015708524,0,5.98726015708524,0
133,142,0.0039696151825752,0.0071369692959571,0,340.356028469797,1,-76.4520553366239,0,76.4520553366239,0
136,142,0.0237618338948471,0.121184746431421,0,1165.13725003424,1,44.0993821077778,0,-44.0993821077778,0
137,142,0.0024724920588584,0.0324188493560392,0,173.264073326063,1,5.41602402915218,0,-5.41602402915218,0
134,143,0.0012476903500513,0.0096181080904187,0,762.079502812992,1,-227.253216652865,0,227.253216652865,0
136,143,0.0281844947794249,0.102383235641256,0,249.683056208654,1,-33.4568593803153,0,33.4568593803153,0
141,144,0.0007381567024697,0.0152249595045061,0,316.897772050644,1,141.166553248342,0,-141.166553248342,0
142,144,0.0299576547998359,0.0975866019224311,0,6396.12451852494,1,-26.9366491996945,0,26.9366491996945,0
138,145,2.424267139021e-05,0.0061499245950051,0,599.079369120631,1,-540.432022536083,0,540.432022536083,0
131,146,0.0038883251990786,0.0069531763625598,0,806.719490372715,1,-242.69553238714,0,242.69553238714,0
137,147,0.0018999657692436,0.022475030478923,0,189.281235803297,1,-2.94085388575231,0,2.94085388575231,0
147,148,0.0046407246956254,0.0085641467225998,0,804.781966706443,1,325.174634702978,0,-325.174634702978,0
147,149,0.125346973603123,0.132991566258791,0,65.6483178977259,1,-5.27428742130582,0,5.27428742130582,0
146,150,0.0467035452406118,1.53933946706733,0,22.5513589321137,1,0.0,0,0.0,0
146,151,0.0043922988616076,0.0087331618492535,0,1247.52753589603,1,-242.69553238714,0,242.69553238714,0
151,152,0.0052647766728156,0.0447891175211442,0,1028.00083137322,1,22.0884420460134,0,-22.0884420460134,0
126,153,0.0052406196166537,0.113794949168914,0,780.06519606492,1,20.0714436294252,0,-20.0714436294252,0
145,153,6.3380690041034e-05,0.0159488504304132,0,688.505887650635,1,133.714936195369,0,-133.714936195369,0
148,153,0.0019558035045448,0.0202236163426513,0,762.978741955962,1,-371.9767685496,0,371.9767685496,0
151,153,0.0033753731140935,0.0084662857548268,0,285.236602743304,1,202.625446598103,0,-202.625446598103,0
152,153,0.0977096823367294,0.0466537619947359,0,215.142734957604,1,15.5649421267036,0,-15.5649421267036,0
145,154,0.0008022778098436,0.0053985101414979,0,1054.95636683744,1,371.937924954807,0,-371.937924954807,0
152,154,0.0106399731946884,0.0922011581305816,0,79.2808424554995,1,6.52349991930982,0,-6.52349991930982,0
147,155,0.000147253888276,0.0051258040515486,0,885.09118043417,1,-322.841201167424,0,322.841201167424,0
149,155,0.0004072482334825,0.180760909623747,0,72.7192046761552,1,-5.27428742130579,0,5.27428742130579,0
148,158,0.0002966371884141,0.00037109693889,0,419.394520507295,1,311.676916197661,0,-311.676916197661,0
154,160,0.0367328299763873,0.0496053362376101,0,4154.38642037023,1,-22.5153148973728,0,22.5153148973728,0
154,161,6.96452917966976e-05,0.0047280297604732,0,1095.06076288516,1,400.97673977149,0,-400.97673977149,0
156,161,0.0004720547668408,0.0047172483245014,0,1261.83443811465,1,-400.97673977149,0,400.97673977149,0
157,162,0.0039779928640158,0.0093707601644934,0,782.396693990113,1,-111.224133173921,0,111.224133173921,0
160,162,0.0009514225147243,0.0048226037109409,0,1237.01084603597,1,382.011174618422,0,-382.011174618422,0
121,163,0.113038482212608,0.142475687607086,0,3.71827089328998,1,3.57919143042447,0,-3.57919143042447,0
141,163,0.0003470929947522,0.0055261266700316,0,767.309106409478,1,-260.770600603197,0,260.770600603197,0
157,166,0.0046956297138182,0.0266144680730862,0,502.555593133392,1,-131.969073431445,0,131.969073431445,0
159,166,0.0213847626792818,0.0139951422360777,0,577.911568609159,1,130.776164450839,0,-130.776164450839,0
157,167,0.0087263347920306,0.0488571636249622,0,208.812731166876,1,-81.1336748761376,0,81.1336748761376,0
159,167,0.0065482471875642,0.0355280674699777,0,3527.95345894217,1,38.8018989859534,0,-38.8018989859534,0
144,168,0.0126233616916169,0.0168305738127375,0,1359.70668655896,1,114.229904048647,0,-114.229904048647,0
158,168,0.0039105486087643,0.0098715181368759,0,722.340378620898,1,-340.872575825367,0,340.872575825367,0
162,168,0.0032100416657293,0.0135631605053709,0,1493.27645218289,1,270.7870414445,0,-270.7870414445,0
159,169,0.0287764042685355,0.501630005863559,0,11.1629688475792,1,6.91076725651534,0,-6.91076725651534,0
163,169,0.0001352369339143,0.0014894405811236,0,2905.46034546796,1,675.769377954703,0,-675.769377954703,0
164,169,0.122812155176616,0.391651276706747,0,22.5513589321137,1,3.67000205908964,0,-3.67000205908964,0
165,171,0.0373112843487993,0.0503670359642818,0,34.6246420114644,1,-14.9818309517264,0,14.9818309517264,0
166,171,0.0126166917614476,0.212846472047565,0,15.9300110490386,1,-1.1929089806059,0,1.1929089806059,0
130,172,0.001460892768718,0.0012272347116699,0,2323.12764168267,1,-767.042776198389,0,767.042776198389,0
165,172,0.0127767180510567,0.196426462653916,0,6.36458153418672,1,6.3645815345991,0,-6.3645815345991,0
169,172,0.0016635655645595,0.0001667355811026,0,4577.65331106613,1,686.350147270315,0,-686.350147270315,0
164,173,0.0035654372582114,0.414490419789802,0,22.5513589321137,1,-3.67000205908963,0,3.67000205908963,0
171,173,0.0418423709951648,0.0660423614663456,0,87.5678660737205,1,-16.1747399323323,0,16.1747399323323,0
123,174,0.023205664422017,0.0296744163444832,0,614.956429433943,1,68.1084422164837,0,-68.1084422164837,0
165,174,0.0110279584505988,0.0408909805072181,0,287.746430795851,1,36.9304110668722,0,-36.9304110668722,0
167,174,0.0051785463235941,0.0535892421325076,0,161.18560082436,1,45.950998910802,0,-45.950998910802,0
165,175,0.0184396920620692,0.12075851216328,0,149.283626996255,1,-28.313161649745,0,28.313161649745,0
167,175,0.0445004543635831,0.0383088132068474,0,1138.91526421265,1,-64.3897991394367,0,64.3897991394367,0
173,175,0.0013504290827223,0.0804367643862554,0,82.5345768753116,1,-19.8447419914219,0,19.8447419914219,0
123,176,0.013910242444625,0.0365392870512694,0,1454.557642903,1,-33.453882300688,0,33.453882300688,0
124,176,0.017487857767082,0.0561983373520461,0,77.2939726987164,1,-77.293972695936,0,77.293972695936,0
167,176,0.0422727932516258,0.115286892418443,0,148.241019154051,1,-6.77423127664975,0,6.77423127664975,0
126,177,0.0278043436823622,0.0350196882687143,0,818.952349186501,1,-20.6686262378962,0,20.6686262378962,0
170,177,0.0495385918155383,0.698368849821748,0,2.20256018569137,1,-0.729985503808973,0,0.729985503808973,0
172,177,0.0041243308227699,0.0113732593134757,0,400.157684567443,1,-254.050464578972,0,254.050464578972,0
124,178,0.0063820048082569,0.0211797560624882,0,220.88364269164,1,-93.0916890287017,0,93.0916890287017,0
127,178,0.0612978959335906,0.0243663628107651,0,4149.76372849129,1,11.4297580176424,0,-11.4297580176424,0
170,178,0.0125130143779285,0.0495317724392543,0,340.274156050752,1,35.698406882181,0,-35.698406882181,0
177,178,0.0048607044751979,0.0495611367054096,0,1486.59977165587,1,45.9635241288781,0,-45.9635241288781,0
170,179,0.0228741408139629,0.0451761030989869,0,351.959022337082,1,-34.968421378372,0,34.968421378372,0
177,180,0.0020044047015922,0.0079336690762078,0,825.795425792728,1,-309.290353139821,0,309.290353139821,0
179,180,0.0311334670265657,0.0395748330353339,0,340.952043069401,1,-34.968421378372,0,34.968421378372,0
181,183,0.0972188523309845,0.171427642757736,0,22.5513589321137,1,-9.27903823535221,0,9.27903823535221,0
181,184,0.008669344309183,0.108953652579591,0,537.937531677085,1,20.1457573638536,0,-20.1457573638536,0
182,184,0.0133599180520361,0.0236289388823507,0,63.0745533588524,1,-48.1014826864807,0,48.1014826864807,0
181,185,0.0012780255556865,0.0294276058129456,0,2975.88299212482,1,42.949514216247,0,-42.949514216247,0
181,186,0.0003821158887607,0.0073378931595763,0,1677.70567003559,1,173.75056320756,0,-173.75056320756,0
181,187,0.0003842643179868,0.0024010745260262,0,1215.26063364782,1,-610.292866740972,0,610.292866740972,0
186,189,0.0051945535221683,0.0623501137043578,0,210.147280832638,1,-15.4876986597661,0,15.4876986597661,0
183,190,0.019192879899021,0.0096681607937055,0,365.449836466371,1,-365.449836456186,0,365.449836456186,0
184,192,0.0019275586975381,0.0334514923262952,0,1266.25202891,1,-27.9557253226271,0,27.9557253226271,0
190,193,0.0183181133090473,0.351707506966207,0,37.5002773144049,1,15.5561936038662,0,-15.5561936038662,0
191,193,0.0117581869123834,0.0324128942827963,0,1217.87648368237,1,12.3995317187609,0,-12.3995317187609,0
192,193,0.0063438340966549,0.0326399858875179,0,4529.51474198427,1,-27.9557253226271,0,27.9557253226271,0
186,194,0.0021718484330923,0.002240733459651,0,755.446311496414,1,551.51279914142,0,-551.51279914142,0
185,195,0.0002297179071146,0.0189147399406815,0,3213.09068321819,1,42.949514216247,0,-42.949514216247,0
186,195,0.0010633495063789,0.0059551980916304,0,748.256068651671,1,134.557605746992,0,-134.557605746992,0
186,196,0.0013275913491983,0.0059213714716903,0,695.741804441909,1,-340.34421621704,0,340.34421621704,0
189,196,0.0042860756778682,0.0677728036337576,0,213.48339917027,1,-15.4876986597661,0,15.4876986597661,0
191,198,0.005216945366439,0.0243067251928074,0,324.641944341634,1,98.2030808010865,0,-98.2030808010865,0
191,199,0.0021679648077215,0.0222941494322178,0,6994.1682403605,1,-19.5901931182296,0,19.5901931182296,0
197,199,0.0060936604644365,0.0424729418203819,0,352.915214790149,1,-14.5827938586576,0,14.5827938586576,0
191,200,0.0302118664449035,0.597458860109497,0,22.5513589321137,1,-0.333269972041234,0,0.333269972041234,0
197,200,0.0358323708301852,0.228609955593356,0,11.2869869255949,1,-1.66984223835416,0,1.66984223835416,0
199,200,0.0912755635957401,0.118631194970565,0,13.193756163351,1,2.00311221039539,0,-2.00311221039539,0
191,201,0.0028144420041717,0.0190604420242502,0,348.45622331842,1,-94.0842077891225,0,94.0842077891225,0
197,202,0.0182808965229785,0.0388266341883538,0,117.656535640242,1,5.82454108430245,0,-5.82454108430245,0
197,203,0.0178746537534986,0.14205202941625,0,101.973435132937,1,10.4280950127094,0,-10.4280950127094,0
198,203,0.0139768343402812,0.0113961417898916,0,211.405572871126,1,-63.4456634179468,0,63.4456634179468,0
194,204,0.001786037552621,0.002621881891903,0,765.399137031387,1,551.51279914142,0,-551.51279914142,0
195,204,0.0002049335909456,0.0105938139670918,0,287.819920227768,1,177.507119963239,0,-177.507119963239,0
201,205,0.019356819977888,0.0048574075595725,0,394.75429665847,1,-94.0842077891225,0,94.0842077891225,0
206,207,0.0005484227383054,0.0048324391364307,0,1714.20244080043,1,441.642977588147,0,-441.642977588147,0
199,209,0.0005675213143567,0.0240788252655198,0,5351.99786424615,1,-36.1760991872826,0,36.1760991872826,0
206,209,0.0013060487786384,0.0031427762220706,0,425.964542082623,1,273.220655657787,0,-273.220655657787,0
202,210,0.0918582245107836,0.180898842660369,0,48.368537021545,1,6.56005909300465,0,-6.56005909300465,0
191,211,0.0246378470019643,0.11168626863437,0,135.083326816492,1,11.1346244647599,0,-11.1346244647599,0
210,212,0.0363484055508038,1.20941602136086,0,2.16000829484667,1,0.57071106109732,0,-0.57071106109732,0
205,213,0.0001300929084042,0.0068240479390776,0,646.262128985136,1,328.736283191347,0,-328.736283191347,0
212,213,0.0037258227713198,0.0251617141183692,0,301.032022174152,1,-91.1181468174927,0,91.1181468174927,0
188,214,0.0036783695088359,0.0168017610372003,0,779.946260091451,1,-128.450625449798,0,128.450625449798,0
207,215,0.0002828695728402,0.0026328941095774,0,1529.30831344943,1,441.642977588147,0,-441.642977588147,0
213,215,0.0289752815929517,0.296744345257143,0,18.7085893588948,1,3.83325159199988,0,-3.83325159199988,0
208,216,0.112372789122698,0.0695280984952425,0,182.106734834584,1,-14.0597054050628,0,14.0597054050628,0
210,216,0.260306515497874,0.138129340413443,0,43.0576614117296,1,5.98934803190734,0,-5.98934803190734,0
211,216,0.0268896386393414,0.105904058446604,0,163.581365467997,1,11.1346244647599,0,-11.1346244647599,0
203,217,0.0273164510204591,0.0200985093473009,0,118.181433222182,1,-53.0175684052374,0,53.0175684052374,0
209,217,0.0004080248167006,0.0080415687243603,0,2019.94006402782,1,237.044556470505,0,-237.044556470505,0
212,217,0.000700297025443,0.0277758600214523,0,144.77051678021,1,-60.7478421162184,0,60.7478421162184,0
216,217,0.002125467085503,0.014798943791145,0,615.357129789829,1,-123.279145949049,0,123.279145949049,0
188,218,0.0029581940471005,0.0033973332318718,0,574.974641382646,1,-544.205772968997,0,544.205772968997,0
198,218,0.0047025131693557,0.0139308030736026,0,1609.30719085375,1,161.648744219033,0,-161.648744219033,0
213,221,0.0020639441968747,0.0109055245973454,0,976.782432305575,1,251.763202374122,0,-251.763202374122,0
215,221,0.0002137141498175,0.0124322523859988,0,783.132503958223,1,129.350178261712,0,-129.350178261712,0
216,221,0.0245691488088031,0.062514134843289,0,43.6985250332257,1,5.05235245559903,0,-5.05235245559903,0
218,221,0.0027336611646101,0.0106628799680654,0,428.753509913221,1,-178.212837875386,0,178.212837875386,0
215,222,0.0015283217004275,0.0095574864885721,0,1522.60695813573,1,235.312151895566,0,-235.312151895566,0
220,222,0.0060241323165547,0.0040943304336271,0,415.077236677145,1,291.769304821492,0,-291.769304821492,0
215,223,0.0060870866515907,0.148010959263959,0,283.129134922352,1,15.8050560015194,0,-15.8050560015194,0
216,223,0.0248201036217272,0.0451236825930245,0,1643.32509190853,1,23.2040210416897,0,-23.2040210416897,0
219,223,0.0018305598972205,0.0166423173352031,0,551.835269688779,1,105.438468570404,0,-105.438468570404,0
214,224,0.000273540765411,0.0080330519402025,0,417.896094794374,1,-187.88348657931,0,187.88348657931,0
219,225,0.0029472215666413,0.0214538714981755,0,195.123716577005,1,-75.0282551014956,0,75.0282551014956,0
220,225,9.05735231899602e-05,0.0083117122368138,0,1411.49693022333,1,-250.184102351431,0,250.184102351431,0
224,227,0.0039425446041907,0.0048386166066578,0,2157.74864068625,1,-462.464086055556,0,462.464086055556,0
219,228,0.0073528313617215,0.0731667724106558,0,3554.33906381219,1,-30.4102134689089,0,30.4102134689089,0
220,228,0.0015482427132122,0.0538178722816312,0,57.1642406882274,1,-50.0731220853147,0,50.0731220853147,0
227,228,0.010449772204143,0.115149694878728,0,111.541508074926,1,-9.48764748405376,0,9.48764748405376,0
214,229,0.0072582663725429,0.0470880392646319,0,307.396205085142,1,-16.085808799396,0,16.085808799396,0
224,229,0.0091961308336658,0.0467386265387444,0,299.128778270583,1,16.0858087993961,0,-16.0858087993961,0
225,230,0.0003007581194434,0.0065268466149499,0,538.123345189162,1,-325.212357452927,0,325.212357452927,0
226,230,0.0408050438875661,0.15218012794185,0,90.3996921191106,1,16.7975018996232,0,-16.7975018996232,0
227,233,0.0004955792833211,0.0108996378747651,0,2125.95681047244,1,-257.13185769278,0,257.13185769278,0
227,234,0.0023763175847123,0.0120333591316472,0,328.004298841838,1,-195.844580878722,0,195.844580878722,0
230,234,0.0007772967441145,0.0011017509317789,0,529.588198732132,1,220.623446203834,0,-220.623446203834,0
233,234,0.0044806811611496,0.09610448857962,0,76.4296136634372,1,4.64053204806232,0,-4.64053204806232,0
183,235,0.0001953363820427,0.0124746023640583,0,377.842566594967,1,-70.2709135616235,0,70.2709135616235,0
226,235,0.0005129699556212,0.0101394383397794,0,926.992362547461,1,213.099320145716,0,-213.099320145716,0
186,236,0.0001495533164713,0.0019049791765598,0,2248.25173968575,1,-807.540133584011,0,807.540133584011,0
233,236,0.0006601936828648,0.0038880675032847,0,1572.27757343148,1,517.292095745026,0,-517.292095745026,0
235,237,0.0009890466741009,0.0235275277222436,0,873.401854989418,1,54.5424229505296,0,-54.5424229505296,0
183,238,0.0009490269098055,0.0395582785632486,0,31.8433868754847,1,21.3247960747861,0,-21.3247960747861,0
202,238,0.0561155361847579,0.138039384387849,0,23.6592149512605,1,-7.97815890336701,0,7.97815890336701,0
213,238,0.0009523271990687,0.0381317983398989,0,30.7299984464788,1,-17.9783175922676,0,17.9783175922676,0
237,238,0.0122501512514074,0.0943341336542954,0,16.9230868398138,1,4.63168042084845,0,-4.63168042084845,0
186,239,0.0006426419170451,0.0222209048747232,0,27949.7788690327,1,-34.7951629761685,0,34.7951629761685,0
237,239,0.0087767200696199,0.0484498391909463,0,15934.2481165628,1,34.7951629761685,0,-34.7951629761685,0
182,240,0.0004197927263824,0.0030600003548137,0,741.145273461891,1,-564.463027963601,0,564.463027963601,0
183,240,0.0151237797903978,0.0524986035849084,0,1168.36229014012,1,60.8581411894781,0,-60.8581411894781,0
218,240,0.0043487875131304,0.0172934993613744,0,902.360140599668,1,-172.320373574363,0,172.320373574363,0
231,240,0.0920734595346419,0.626531931112801,0,22.5513589321137,1,0.0,0,0.0,0
232,240,0.0001303590393641,0.0020164972842197,0,1480.59060414727,1,663.746796397889,0,-663.746796397889,0
237,240,0.0503729286771161,0.228955045313226,0,92.0749573434082,1,12.1784639505962,0,-12.1784639505962,0
245,246,0.0024050908844513,0.286036676035973,0,100.908294556911,1,11.5997240806297,0,-11.5997240806297,0
242,247,0.0022400864379204,0.02817935102999,0,794.89755936085,1,70.3581782556525,0,-70.3581782556525,0
244,247,0.0074348021864601,0.0057501682959971,0,439.933879860313,1,-39.2009003469994,0,39.2009003469994,0
245,247,9.94874012312642e-05,0.0148714063137337,0,543.626309834972,1,160.403818966494,0,-160.403818966494,0
241,249,0.0043783056777708,0.0538102666605629,0,181.887542488594,1,1.26823233656317,0,-1.26823233656317,0
242,249,0.0032662279841458,0.115503775626826,0,109.816068014002,1,-35.0413759069548,0,35.0413759069548,0
241,250,0.0041589253160995,0.0048508436589212,0,836.655973805233,1,-324.960462864696,0,324.960462864696,0
249,250,0.0300701614096553,0.0486947955400604,0,499.496556138575,1,-33.7731435703916,0,33.7731435703916,0
241,251,0.0024000628106609,0.0164943781788804,0,3177.49504146405,1,-53.946865111793,0,53.946865111793,0
242,251,0.0297795561381335,0.0512439480213467,0,3394.81238940662,1,-97.6793422174268,0,97.6793422174268,0
248,251,0.00078799413198,0.0142724185423758,0,890.21125534926,1,-140.104222062853,0,140.104222062853,0
244,254,0.0017357080816397,0.0114959786273714,0,378.614609802413,1,39.2009003469995,0,-39.2009003469995,0
246,254,0.0001386951614794,0.0004777784111126,0,755.399463839954,1,-536.758589243322,0,536.758589243322,0
253,255,0.0490107967932752,0.0781693290042713,0,18.7977658890417,1,-17.0540910095847,0,17.0540910095847,0
247,256,0.0034788129154963,0.0077981322007097,0,599.153858917971,1,-396.745599697632,0,396.745599697632,0
252,256,0.0008588179175643,0.0039212863006939,0,669.742152193121,1,381.234903016111,0,-381.234903016111,0
254,257,0.0359065239988466,0.317824570672077,0,34.7370183513053,1,-34.7370183466593,0,34.7370183466593,0
257,259,0.0119910084601174,0.032062739259937,0,1032.63511789151,1,-17.8992842452753,0,17.8992842452753,0
257,260,9.00003073453318e-05,0.0026728761759339,0,2470.97001672614,1,-1002.39664736377,0,1002.39664736377,0
254,261,0.0005404744173556,0.0016944067556845,0,3183.70546572491,1,-462.820670549663,0,462.820670549663,0
259,262,0.0168753162495749,0.254864223308232,0,137.711771018135,1,10.6785370652332,0,-10.6785370652332,0
257,263,0.0004868549703383,0.00235883914331,0,1846.16733990147,1,985.558913262389,0,-985.558913262389,0
258,265,0.0021556694543621,0.0177315485475394,0,515.279204735721,1,-104.305170972964,0,104.305170972964,0
260,265,0.0142689563986955,0.0076595648392895,0,488.226927487048,1,-195.596299395286,0,195.596299395286,0
260,266,0.0005421733274148,0.0001216032395121,0,4504.24396525865,1,-806.800347968499,0,806.800347968499,0
264,266,0.0001035650402833,0.0006900039922296,0,6586.94203053772,1,1046.38139517151,0,-1046.38139517151,0
252,267,0.0027416497675477,0.0152193217593684,0,2898.33517351653,1,-277.675884341132,0,277.675884341132,0
261,269,5.66520513924782e-05,0.0017321369758169,0,2948.39929952396,1,-462.820670549663,0,462.820670549663,0
266,269,0.0206081881727267,0.0510549330646186,0,723.975961428185,1,239.581047203013,0,-239.581047203013,0
268,269,0.0003355570927446,0.0059014534289932,0,2945.41258999921,1,223.239623346651,0,-223.239623346651,0
267,270,4.11341674731441e-05,0.0306877108252021,0,347.681517826585,1,79.0538164906099,0,-79.0538164906099,0
264,272,0.0002457252389904,0.0020367059052866,0,1062.86846747278,1,-619.872652768996,0,619.872652768996,0
271,273,4.13601957031468e-05,0.0008486044646764,0,1544.9966814074,1,257.9617041866,0,-257.9617041866,0
272,275,0.001199205487606,0.0018634227431871,0,1287.68771071984,1,-619.872652768997,0,619.872652768997,0
268,276,0.0014382660444084,0.004495741951582,0,1144.67061193791,1,-223.239616711319,0,223.239616711319,0
262,277,0.0003862115227558,0.247813386865052,0,168.989001506483,1,10.6785370652332,0,-10.6785370652332,0
273,278,0.0064048097697321,0.0190373528593352,0,369.283302908888,1,-283.167924311191,0,283.167924311191,0
256,279,0.0146999042972613,0.138756711701384,0,100.513851889385,1,-15.5106964944416,0,15.5106964944416,0
277,280,0.0527086931008733,0.0291986589419688,0,255.459442531205,1,28.4736317571688,0,-28.4736317571688,0
253,283,0.0066046170188229,0.0524289328508914,0,355.968261458107,1,-63.2432074267146,0,63.2432074267146,0
255,283,0.0038436151921821,0.0026313223407541,0,2320.2237276944,1,-753.486942190803,0,753.486942190803,0
259,283,0.0155816944379244,0.0670997988933289,0,788.242584063907,1,-28.5778213105085,0,28.5778213105085,0
274,283,0.0031431891453475,0.0024326993773013,0,2478.77614038574,1,881.310670474204,0,-881.310670474204,0
279,284,0.000973072205755,0.0024107538412643,0,966.090702058171,1,-572.214194571303,0,572.214194571303,0
282,286,0.0133622108309685,0.0201709277066242,0,498.907518711242,1,106.603070022985,0,-106.603070022985,0
279,287,0.0003259587191807,0.00245020424525,0,1335.96350293635,1,602.500483197873,0,-602.500483197873,0
280,287,0.0262326140881572,0.0340322427544526,0,237.472179208864,1,28.4736317571687,0,-28.4736317571687,0
282,287,0.004590857730454,0.0447600881120778,0,1118.75998262593,1,19.9382277952406,0,-19.9382277952406,0
252,288,0.0103612298990969,0.0794799904101287,0,29.7588907712189,1,-29.7588907576769,0,29.7588907576769,0
281,288,0.0032815574145097,0.0097957136552971,0,1944.07107676657,1,372.459212015283,0,-372.459212015283,0
283,288,0.114908271230052,0.163922080435714,0,71.9396796982253,1,36.0026995461757,0,-36.0026995461757,0
253,290,0.0028602339756153,0.0448542517118741,0,291.869149218288,1,80.2972984362994,0,-80.2972984362994,0
270,290,0.0012167344278138,0.0078335031792436,0,463.880491578489,1,57.526410157669,0,-57.526410157669,0
278,290,0.0089636054203835,0.0099265594783988,0,510.481925905354,1,-112.399611989817,0,112.399611989817,0
282,290,0.0108997623591053,0.0100833091110247,0,966.656227887098,1,-126.541297818225,0,126.541297818225,0
285,290,0.0062538795975887,0.0652670681424189,0,1988.71590344158,1,101.117201214074,0,-101.117201214074,0
251,291,0.0012019022539498,0.0026487352061057,0,451.310919745516,1,-287.675230528783,0,287.675230528783,0
255,291,0.0016627933849499,0.0042405958985242,0,2978.33481030352,1,736.432851181219,0,-736.432851181219,0
278,291,0.0089727274515627,0.0150155382715074,0,9764.33167932279,1,-194.971990974563,0,194.971990974563,0
241,292,0.0022625860974516,0.0137664317773036,0,1133.07276299104,1,155.005053596597,0,-155.005053596597,0
285,293,0.0003585788736831,0.0089783663848641,0,627.776739278652,1,266.653244449314,0,-266.653244449314,0
291,293,0.0007010043410209,0.008976619736953,0,636.983824942428,1,-266.653244449314,0,266.653244449314,0
270,294,0.0003876687737895,0.0046179759346623,0,1514.6224100456,1,-428.592548932574,0,428.592548932574,0
243,295,0.0005081263015614,0.0025300066998742,0,1621.67341640691,1,732.054898246523,0,-732.054898246523,0
252,295,0.0001583182440597,0.0375421860500952,0,2008.70829687688,1,-73.8001279173023,0,73.8001279173023,0
277,295,0.0045659080039043,0.0482455719403196,0,381.157167580234,1,-37.0846867957327,0,37.0846867957327,0
241,296,0.0347196832331102,0.17139951366628,0,33.1893436289512,1,-7.26278000201037,0,7.26278000201037,0
291,296,0.0002214416637273,0.0008686227674294,0,3059.25705363906,1,468.510106797797,0,-468.510106797797,0
288,297,0.0007369216634795,0.0035312440346389,0,2700.09548765169,1,378.703020803782,0,-378.703020803782,0
277,298,0.0055065883799886,0.0878912967716673,0,183.656043152275,1,19.2895921037973,0,-19.2895921037973,0
289,298,0.0001503554853382,0.0029661058197494,0,556.73056622196,1,-529.038301757114,0,529.038301757114,0
295,298,0.0004400895047287,0.0134027595939195,0,1241.33714463199,1,259.988188586765,0,-259.988188586765,0
297,298,0.0166616477818403,0.0069742192143882,0,798.438420442239,1,249.760521066552,0,-249.760521066552,0
291,299,0.0255170523391392,0.0383031455789888,0,96.4655740030304,1,51.9287673293887,0,-51.9287673293887,0
245,300,0.0848867372733877,0.0308181160339604,0,113.122070796827,1,-43.2129606473202,0,43.2129606473202,0
295,300,0.0038417487380377,0.11858526663068,0,89.5621043532706,1,30.7141997803622,0,-30.7141997803622,0
297,300,0.0040427406932273,0.151981226511419,0,20.1442082144413,1,12.4987608669579,0,-12.4987608669579,0
57,97,0.003193961093146,0.0040742242616548,0,843.20604150501,1,160.991434585102,0,-160.991434585102,0
19,83,8.20237313943909e-06,0.0002148504506521,0,10176.3685844545,1,1769.36639962263,0,-1769.36639962263,0
37,118,0.0004432042099831,0.0081912274552469,0,1024.13182931839,1,545.140014720841,0,-545.140014720841,0
54,110,0.0001953186532491,0.0003493030995544,0,2329.44436310572,1,1395.46836341974,0,-1395.46836341974,0
103,163,8.14075796335785e-06,0.0005395956098913,0,3597.78709175171,1,911.057705814744,0,-911.057705814744,0
64,145,4.91172623446625e-05,0.0012593379898599,0,2313.5197218364,1,786.15191325245,0,-786.15191325245,0
90,123,1.8779336730529e-05,0.0009983593867315,0,1517.85029248663,1,895.511554479492,0,-895.511554479492,0
116,155,0.0049896502951927,0.0005329459005627,0,1060.67919414676,1,328.11548858873,0,-328.11548858873,0
151,221,7.17498699693616e-06,0.0043998578480036,0,1698.41038219291,1,-467.409421031256,0,467.409421031256,0
145,224,0.0001146366265226,0.005993023835833,0,1053.08806548195,1,-259.93297043381,0,259.93297043381,0
159,186,0.0001212475190794,0.0021601856817091,0,1554.80211956989,1,-685.847369756132,0,685.847369756132,0
180,183,0.0003045938534113,0.0075091839851976,0,1736.25246794092,1,-344.258774518193,0,344.258774518193,0
206,287,6.3783137239363e-05,0.0020312955157186,0,1725.152710499,1,-650.912342750282,0,650.912342750282,0
233,263,0.0073393336507668,0.0056193765639885,0,2712.24483453812,1,-985.558913262389,0,985.558913262389,0
226,241,0.0030735296644767,0.0054100311730197,0,1079.29530644076,1,-229.896822045339,0,229.896822045339,0
230,289,0.0029205181836858,1.39370168639128e-05,0,5637.31408013215,1,-529.038301757112,0,529.038301757112,0
295,3,0.0005156289187058,0.0079835917843492,0,567.008578073744,1,330.467695166361,0,-330.467695166361,0
278,25,0.0428117999380925,0.0260929946604111,0,230.290334236558,1,24.2036786531895,0,-24.2036786531895,0
247,29,0.0003974332169943,0.0355028740822512,0,10.607829996497,1,-10.6078299758342,0,10.6078299758342,0
270,56,0.0007241798288257,0.0106120222993946,0,629.948570705905,1,450.119955265515,0,-450.119955265515,0
