from_bus,to_bus,resistance,reactance,susceptance,line_rating,line_status,P_from,Q_from,P_to,Q_to
2,3,0.0012438734492132,0.0097420466741294,0,14936.6518264717,1,2360.68960922328,0,-2360.68960922328,0
3,9,3.60297728093923e-05,0.0003877987670298,0,3671.03313273268,1,1144.14393814877,0,-1144.14393814877,0
5,10,1.5873749776144e-05,0.0007127447873268,0,1904.59107538956,1,831.634480656294,0,-831.634480656294,0
2,12,0.0001762143570041,8.25257463440146e-05,0,11024.1988503999,1,-4025.66994304311,0,4025.66994304311,0
6,12,2.51538918186877e-05,0.0001296382738697,0,8545.56122193169,1,4060.59775226121,0,-4060.59775226121,0
4,13,0.0091100626617253,0.0154276135245724,0,652.531930958401,1,-20.4749981077676,0,20.4749981077676,0
7,13,0.0026538912976,0.0193014074005283,0,323.851091456496,1,-52.1862644976165,0,52.1862644976165,0
7,15,0.0001003723081289,0.00396795176489,0,404.648872995614,1,236.633377135378,0,-236.633377135378,0
8,15,0.0084170550994279,0.0171048222769142,0,239.696758346583,1,91.9118222700938,0,-91.9118222700938,0
11,15,7.72093719758115e-05,0.0002701966511977,0,742.243148334237,1,246.365088917923,0,-246.365088917923,0
14,16,0.52132354506959,1.20640838023517,0,16.1218912105948,1,0.0,0,0.0,0
8,17,0.002643176694407,0.0207470465237292,0,1260.29428429333,1,-7.47795125512276,0,7.47795125512276,0
8,18,0.0337777040463218,0.0294625887181866,0,105.693399290583,1,-84.4338710149716,0,84.4338710149716,0
18,19,0.0005361574133681,0.0071563160645497,0,848.582404851917,1,367.633628020875,0,-367.633628020875,0
19,21,0.0055302854198295,1.11520666564241,0,16.1218912105948,1,0.0,0,0.0,0
14,22,0.0044544127065617,0.0653532281909241,0,6.42105495365487,1,0.083464207383388,0,-0.083464207383388,0
14,24,0.199975128492213,0.922573168341166,0,16.1218912105948,1,-0.42809177957791,0,0.42809177957791,0
17,24,0.0028499356718257,0.0207799211516698,0,7407.82559951189,1,-7.47795125512276,0,7.47795125512276,0
20,25,0.670850156222657,1.13238893921514,0,16.1218912105948,1,0.0,0,0.0,0
19,27,0.0001315324616155,0.0030765388481031,0,523.412312631303,1,410.51789866429,0,-410.51789866429,0
26,27,0.0001887628860282,0.0030910240049408,0,496.443526619231,1,-410.517898664288,0,410.517898664288,0
9,29,0.0003554238189256,0.003020203589412,0,3855.146801015,1,376.350670927587,0,-376.350670927587,0
23,29,0.0002363381770241,0.0033029164686951,0,579.030528947213,1,-404.814722837904,0,404.814722837904,0
24,29,0.0212825971793225,0.0085666247917858,0,1240.05902944552,1,-4.74508226672228,0,4.74508226672228,0
28,29,0.0103526158232555,0.0678280857415359,0,121.762377660228,1,8.0085953338592,0,-8.0085953338592,0
23,30,0.0020526446500768,0.0026752793155981,0,437.173782607859,1,404.814722837901,0,-404.814722837901,0
11,31,0.0113227950374656,0.005536587970914,0,725.716079970683,1,-252.753291780174,0,252.753291780174,0
22,31,0.0115481137605878,0.195455320847102,0,5.15457950651178,1,0.0834642073834768,0,-0.0834642073834768,0
24,31,0.0110124103496554,0.0628112808055596,0,216.659897719487,1,6.6343841887301,0,-6.6343841887301,0
25,32,0.0001582407661098,0.0101630956357491,0,1521.0928527352,1,194.747581361777,0,-194.747581361777,0
28,32,0.0029861549021953,0.0536482608433126,0,2187.71091797951,1,19.2496607062838,0,-19.2496607062838,0
30,33,0.201015178845855,1.0130037166848,0,16.1218912105948,1,0.0,0,0.0,0
25,34,0.0047825896190045,0.0023051861182677,0,1008.75768947839,1,-286.236249330186,0,286.236249330186,0
28,34,0.0005750548322909,0.004046122978806,0,1568.19612290206,1,-397.01099358813,0,397.01099358813,0
25,35,0.0666017997117126,0.993008840603257,0,16.1218912105948,1,-0.12721663409683,0,0.12721663409683,0
25,36,0.0007214096197653,0.0183394658818741,0,683.610889960384,1,91.6158846025082,0,-91.6158846025082,0
28,36,0.0358242431901001,0.361197837218051,0,26.4394928752881,1,2.03118302164119,0,-2.03118302164119,0
31,36,0.0022333179021386,0.0011891038148332,0,500.002320490184,1,-224.46508107144,0,224.46508107144,0
35,36,0.0010131834285285,0.0138093645105165,0,314.154809647188,1,130.818013447296,0,-130.818013447296,0
11,37,0.0035690264164495,0.0166345265447427,0,127.868061689725,1,6.38820286224515,0,-6.38820286224515,0
32,37,0.0013853898189269,0.0073986635667622,0,2072.85336338268,1,199.159744400005,0,-199.159744400005,0
32,38,0.02108917224533,0.275473020922808,0,129.920082572702,1,-18.2009298186889,0,18.2009298186889,0
37,39,0.0002215905332197,0.0031672239415044,0,5264.73742413079,1,407.826773281023,0,-407.826773281023,0
39,40,0.0011423115046613,0.0029802892872677,0,3555.33269672517,1,407.826773281022,0,-407.826773281022,0
35,42,0.0002130988885437,0.0091333027077922,0,285.857994834774,1,228.768667681414,0,-228.768667681414,0
41,42,0.0177227192093212,0.0152572657405894,0,951.681561609101,1,-124.826628515604,0,124.826628515604,0
14,43,0.0328724382861282,0.0568881117117753,0,2.10183263101907,1,0.344627572194334,0,-0.344627572194334,0
37,43,0.0002174306551732,0.0126103937459864,0,232.000442277464,1,-119.569504516265,0,119.569504516265,0
38,44,0.0147478264824161,0.136303943849464,0,292.956030389508,1,-30.3845503023947,0,30.3845503023947,0
37,46,0.0146048557467665,0.0160336753440869,0,384.611196043598,1,-82.7093215025073,0,82.7093215025073,0
43,46,0.0043099268851361,0.111846950005098,0,21.9198008535163,1,1.62439944096291,0,-1.62439944096291,0
42,47,0.0910073680960121,0.593993186243261,0,16.1218912105948,1,0.107690368603797,0,-0.107690368603797,0
24,48,0.0011332175296211,0.032470637059252,0,280.766064242956,1,-9.79534495670773,0,9.79534495670773,0
38,48,0.507672381233806,0.348578671432031,0,36.5137373688566,1,12.1836204837058,0,-12.1836204837058,0
43,48,0.0080721682828391,0.0060621984187744,0,289.37785691803,1,-120.849276385033,0,120.849276385033,0
44,48,0.0875363175345636,1.53666660794197,0,12.8760256037139,1,5.45888368784536,0,-5.45888368784536,0
13,49,0.0002378192448163,0.0078091468245888,0,457.495511547488,1,-72.6612626053846,0,72.6612626053846,0
29,49,0.015696854031488,0.0234248674412587,0,2067.01945913503,1,-25.2005388431789,0,25.2005388431789,0
46,50,0.505879186041525,0.320376326456217,0,16.1218912105948,1,-0.107690368603774,0,0.107690368603774,0
47,50,0.0157099564582685,0.604183934792084,0,16.1218912105948,1,0.107690368603791,0,-0.107690368603791,0
41,51,0.003136454188452,0.0402405907398233,0,67.454572950727,1,-41.8739927703697,0,41.8739927703697,0
42,51,0.0382172867555552,0.24282640964544,0,16.1218912105948,1,0.903850768827441,0,-0.903850768827441,0
46,51,0.066733601752139,0.176483708757709,0,4.81797870623832,1,0.316999551621588,0,-0.316999551621588,0
49,51,0.00469034597477,0.0315633460235929,0,83.4457922770919,1,40.6531424499208,0,-40.6531424499208,0
44,52,0.0360185999138303,0.20104130949368,0,368.170566092197,1,-35.8434339902401,0,35.8434339902401,0
45,52,0.254099407613362,0.18373748675408,0,16.1218912105948,1,0.0,0,0.0,0
41,53,0.0003245712589389,0.0053355862334216,0,754.783102787306,1,-263.487523232248,0,263.487523232248,0
42,53,0.0297675703365029,0.1267400475443,0,17.8735879235272,1,3.93445205986502,0,-3.93445205986502,0
1,54,0.0130696947761374,0.0228792182762813,0,704.474992952699,1,-25.96510646599,0,25.96510646599,0
3,54,0.0025677326655277,0.000128257655647,0,931.61002258127,1,164.4800503645,0,-164.4800503645,0
49,54,0.0003457476704761,0.0069951885403198,0,481.632654931316,1,-138.514943898485,0,138.514943898485,0
4,55,0.0025797461845601,0.0177752725036419,0,2929.30204175303,1,20.474998107767,0,-20.474998107767,0
5,55,9.1367717372575e-05,0.0006771717530548,0,996.287247336527,1,-913.137737630717,0,913.137737630717,0
28,56,6.07874158213323e-05,0.0016289804987856,0,503.648846717779,1,287.695118508589,0,-287.695118508589,0
55,56,0.000334116373675,0.0008194474081159,0,3843.07418321695,1,-892.66273952295,0,892.66273952295,0
3,57,0.0001956334212316,0.0005806790761958,0,2357.64371033304,1,1036.37114416808,0,-1036.37114416808,0
48,57,0.0037691979634347,0.0062046843291451,0,291.682577080335,1,-113.002117170188,0,113.002117170188,0
53,57,0.0035719788176724,0.0083504214093993,0,393.188445352453,1,-233.587964706395,0,233.587964706395,0
56,57,1.33833790491846e-05,0.0017323170732797,0,1227.06629073686,1,-521.842264188339,0,521.842264188339,0
7,58,0.0030232519141197,0.0316018732311682,0,431.033438622187,1,-184.447112637761,0,184.447112637761,0
56,58,0.0193853589610891,0.0711656290066796,0,109.255110495947,1,-67.0259624850915,0,67.0259624850915,0
52,59,0.0080690529800313,0.0583470645426317,0,624.002671942345,1,147.125810504161,0,-147.125810504161,0
56,59,0.0335081143961262,0.44802864443375,0,222.468390278056,1,-16.0993943409322,0,16.0993943409322,0
58,59,0.0139357788942973,0.0097149368438314,0,251.473075124063,1,-251.473075122852,0,251.473075122852,0
1,60,0.0085312573820558,0.0686747322891749,0,2468.63947142382,1,25.9651064659901,0,-25.9651064659901,0
53,60,0.0255114869119911,0.0059330810286155,0,1691.10509709316,1,-25.9651064659899,0,25.9651064659899,0
63,64,0.0493575876036266,0.281588268767209,0,31.3609571611571,1,-3.24540873943949,0,3.24540873943949,0
61,65,0.0487359456482347,0.154148493937094,0,62.4383162092707,1,4.57196996696103,0,-4.57196996696103,0
62,66,0.0028179200771305,0.062210001711006,0,734.865489199748,1,-13.9835919549583,0,13.9835919549583,0
63,68,0.0020342654572019,0.0018017077880829,0,868.156111007064,1,-454.320841222355,0,454.320841222355,0
62,71,0.0360192322784718,0.115487105659512,0,719.963232589717,1,13.9835919549583,0,-13.9835919549583,0
68,71,0.0227548407324121,0.179438080964757,0,141.594173364136,1,-9.57760371636982,0,9.57760371636982,0
72,73,0.0068375578960245,0.0035988601511377,0,740.790954719817,1,-292.509844402653,0,292.509844402653,0
73,75,0.0072641963543751,0.204905394464423,0,2.62621990809356,1,-1.41384400484816,0,1.41384400484816,0
74,75,0.0827118080596776,0.304497573882842,0,71.2692485597905,1,4.77357979964834,0,-4.77357979964834,0
69,78,0.0344212512065718,0.556979969501674,0,3.08788713675478,1,1.77224319381482,0,-1.77224319381482,0
73,78,0.0010622574493993,0.0095324408627527,0,458.829761486009,1,-226.073923113159,0,226.073923113159,0
74,78,0.0015142315499101,0.0010202607904056,0,1523.7368303226,1,-403.61109169875,0,403.61109169875,0
76,78,0.0236453057276411,0.0332865151962808,0,55.9838817671712,1,-30.1516948012834,0,30.1516948012834,0
77,78,0.0007535378278084,0.043132985439806,0,1001.95454301012,1,-16.5284872091592,0,16.5284872091592,0
70,79,0.0516730914445587,0.148916076673234,0,291.442608728574,1,-12.0773100673465,0,12.0773100673465,0
73,79,0.0862865333085462,0.0511417249851149,0,24.1767642453147,1,-5.65812726180859,0,5.65812726180859,0
74,79,0.181257285806054,0.677833079646764,0,15.521782528063,1,2.14489582546944,0,-2.14489582546944,0
75,79,0.0079777170499377,1.2536270174334e-06,0,612.796070368107,1,269.518098825938,0,-269.518098825938,0
76,79,0.0188515825630978,0.0080635666902152,0,1025.01008880579,1,106.903694140955,0,-106.903694140955,0
77,79,0.0141431555605588,0.0317242358364802,0,45.6180377989483,1,36.33647543599,0,-36.33647543599,0
70,80,0.0012969337136736,0.0080375971472275,0,502.045119157468,1,-257.28070764339,0,257.28070764339,0
73,80,0.0099313808374011,0.184971486630286,0,16.1218912105948,1,-3.02089499484244,0,3.02089499484244,0
73,81,0.0124993240364749,0.0419444241676682,0,140.926064098758,1,-59.7505888777079,0,59.7505888777079,0
73,82,0.0189731440650794,0.0627065241442435,0,74.1605302792306,1,3.40753384971384,0,-3.40753384971384,0
77,82,0.005604168305028,0.0067890603879978,0,573.863302229527,1,243.890584785287,0,-243.890584785287,0
80,82,0.0170036312590738,0.0573821197268678,0,136.399964008957,1,13.4615808102977,0,-13.4615808102977,0
75,84,0.0067079074881851,0.0385289377704055,0,154.705481270738,1,-60.7509133207612,0,60.7509133207612,0
80,87,0.0002459804514951,0.0123146240287849,0,264.902930147354,1,-219.594349049687,0,219.594349049687,0
81,88,0.0078639623506667,0.0432012794581818,0,123.485639195061,1,-59.7505888777079,0,59.7505888777079,0
84,88,0.0041575046429243,0.0556223028967756,0,44.1753286321542,1,-44.1753286313194,0,44.1753286313194,0
83,89,0.0076426900564509,0.0035730253322753,0,1807.44653454224,1,612.415079164023,0,-612.415079164023,0
87,89,0.001727072601339,0.0059326645255093,0,419.918893822225,1,-255.568953525955,0,255.568953525955,0
80,90,0.0114365317392017,0.0307755991696663,0,101.051148427973,1,-49.4202773693937,0,49.4202773693937,0
84,90,0.042339721361519,0.0287383050821997,0,542.856119815129,1,19.1609886336812,0,-19.1609886336812,0
87,90,0.00584841578069,0.0391047922690241,0,1028.53185427275,1,30.2592887357126,0,-30.2592887357126,0
85,91,0.0002347725637406,0.004004627337825,0,1533.51818335292,1,-359.114268230209,0,359.114268230209,0
87,91,0.0128422544627489,0.0271074621184184,0,463.233523212871,1,-87.2389728030204,0,87.2389728030204,0
86,92,0.0358625193245485,0.12842427241182,0,9.52683315001568,1,1.43581283748515,0,-1.43581283748515,0
87,92,0.0114890714368913,0.0115547625834309,0,487.928421487432,1,92.9542885435747,0,-92.9542885435747,0
89,94,0.0295262557542384,0.0264747250394888,0,156.267878974397,1,-7.08934497922424,0,7.08934497922424,0
93,95,0.0883883041763458,0.0177058280978086,0,719.8600623334,1,26.3973042658112,0,-26.3973042658112,0
86,96,0.0249088536767875,0.348546984356206,0,8.38638678588785,1,-1.43581283748516,0,1.43581283748516,0
92,96,0.0192949216627484,0.0626481311032395,0,203.366021222552,1,-10.9315544058353,0,10.9315544058353,0
95,96,0.0004483201382932,0.0653903371635211,0,240.373631496296,1,12.3673672433204,0,-12.3673672433204,0
89,97,0.0024447842308748,0.002490186582754,0,610.341786791432,1,459.806062680012,0,-459.806062680012,0
93,97,0.0231541872346642,0.0626265546513798,0,129.419036250627,1,8.23400217700501,0,-8.23400217700501,0
92,98,1.76877764210926e-05,0.0019209038280137,0,5480.41619634508,1,-780.413575151131,0,780.413575151131,0
74,101,0.0002472748148018,0.0024487199396014,0,926.782246289889,1,353.808345430218,0,-353.808345430218,0
92,101,9.43003949243109e-06,0.0013600436554216,0,3644.45750015384,1,964.723716094161,0,-964.723716094161,0
93,102,0.0011682223543273,0.0326530524006816,0,1319.61581534465,1,-34.6313064428162,0,34.6313064428162,0
94,102,0.0046437459040678,0.0402990012759172,0,51.6459807789312,1,-7.7866372464392,0,7.7866372464392,0
100,102,0.0051809248789081,0.106770764991354,0,1089.64562834697,1,42.4179436892554,0,-42.4179436892554,0
69,103,0.127246359830944,0.242418175741751,0,10.1982650684453,1,-2.31613531207474,0,2.31613531207474,0
97,103,0.0801558887173212,0.174588759121412,0,5.94056403126872,1,-0.397564529399408,0,0.397564529399408,0
99,103,0.0066517562462277,0.240800501514071,0,147.966852399248,1,10.6524116178863,0,-10.6524116178863,0
94,104,0.0003181920076508,0.0212018854203196,0,69.2708821675161,1,0.697292267214777,0,-0.697292267214777,0
98,104,0.0017069500705887,0.0023252886631638,0,1139.15945425567,1,-543.62055946084,0,543.62055946084,0
95,105,0.055779869239774,0.471281100725427,0,8.72186712688641,1,1.5867587600831,0,-1.5867587600831,0
98,105,0.0021700079610929,0.0052417998896483,0,315.214005796349,1,143.721829790255,0,-143.721829790255,0
103,105,0.0046118766822524,0.251577810808003,0,29.3963650416039,1,3.05646453741208,0,-3.05646453741208,0
97,106,0.0021765145390368,0.0080553519660358,0,307.794189837074,1,252.061649939913,0,-252.061649939913,0
101,106,0.0004302460046115,0.0018633945557683,0,1636.58355905851,1,-390.087956056195,0,390.087956056195,0
105,106,0.0024890703003615,0.0089705555346827,0,339.120056584766,1,148.36505308775,0,-148.36505308775,0
88,107,0.0027923476673929,0.0254034810923026,0,433.40907486881,1,-103.925917509028,0,103.925917509028,0
97,107,0.0430392601271237,0.0983963597778271,0,1601.64927821928,1,-41.6009571872558,0,41.6009571872558,0
99,107,0.0155245356442994,0.136951748115872,0,152.800845357859,1,-10.6524116178863,0,10.6524116178863,0
100,107,0.0067390939176389,0.0133314644151565,0,245.894617294838,1,156.17928631417,0,-156.17928631417,0
65,110,0.0784597219550897,0.142712183066256,0,60.7547895451188,1,4.57196996696105,0,-4.57196996696105,0
67,110,0.0525529572166472,0.0422850711788243,0,155.031777686531,1,9.87794184392436,0,-9.87794184392436,0
95,110,0.0043838159655287,0.0348796275423722,0,228.104472274422,1,68.230456345965,0,-68.230456345965,0
101,110,0.0022324354078945,0.0015682935017192,0,781.079959208145,1,-271.480581851128,0,271.480581851128,0
106,110,0.0929754322571183,0.0291260190482386,0,148.137610037571,1,10.3387469714662,0,-10.3387469714662,0
75,111,0.0002741517823635,0.0122371134208344,0,2592.84992490512,1,-205.407449708703,0,205.407449708703,0
108,112,0.0178686997421726,0.697768386050571,0,16.1218912105948,1,0.0,0,0.0,0
109,112,0.021347366466648,0.209821327824544,0,70.8268255143985,1,5.80166244413403,0,-5.80166244413403,0
84,113,0.0324977138789268,0.0802098974498122,0,594.286293787596,1,22.3456939524605,0,-22.3456939524605,0
111,113,0.0005396618684013,0.0259220508051871,0,399.514668483789,1,75.8146774682388,0,-75.8146774682388,0
109,114,0.001268893685665,0.0075294074513512,0,462.840554712811,1,-242.252594714071,0,242.252594714071,0
110,115,0.0063895718027212,0.0131554925399521,0,1182.2825838776,1,-192.960026423294,0,192.960026423294,0
114,115,0.0025278331042655,0.0051305769421528,0,386.425513776334,1,236.318206535955,0,-236.318206535955,0
109,116,0.0019781117324674,0.251483821951404,0,34.7449171346225,1,4.72247718320384,0,-4.72247718320384,0
61,117,0.028041044194462,0.0996016398359933,0,69.4992847809914,1,-4.57196996696103,0,4.57196996696103,0
66,117,0.0005596788120292,0.0019461015083493,0,883.858025862942,1,496.180740376396,0,-496.180740376396,0
76,117,0.008591535846392,0.015891398496292,0,1370.76880193282,1,-123.579668834728,0,123.579668834728,0
77,117,0.0008617972918106,0.0063448652577794,0,571.250095779102,1,-263.698573012118,0,263.698573012118,0
103,117,0.0639167789584348,0.120511787311557,0,15.4741975939422,1,4.88224723900006,0,-4.88224723900006,0
113,117,0.0067580218268441,0.023560703661542,0,667.142134371223,1,-96.6532515204959,0,96.6532515204959,0
116,117,0.013748897148651,0.0854591268645345,0,294.33445288818,1,-12.5595242810927,0,12.5595242810927,0
110,118,0.0147639097321609,0.0354775652668759,0,129.887889161032,1,-7.07180261213818,0,7.07180261213818,0
112,118,0.0268312257876954,0.079065541283738,0,72.8022605731159,1,5.80166244413403,0,-5.80166244413403,0
116,118,0.0246527641578978,0.38452251200436,0,11.5640097398395,1,1.27014016800411,0,-1.27014016800411,0
67,119,0.0114626910809927,0.128668702608753,0,200.30685116492,1,-9.87794184392439,0,9.87794184392439,0
68,119,0.0039895366616014,0.0513947653939526,0,196.497976347653,1,-60.5873028288958,0,60.5873028288958,0
69,119,0.000583149681662,0.277329655695985,0,2.59824438929753,1,0.543892118259914,0,-0.543892118259914,0
116,119,0.0467028429138344,0.1719968328072,0,65.5056856193737,1,-5.51977378450994,0,5.51977378450994,0
63,120,0.0008978985821678,0.161778593046041,0,241.532170606574,1,-11.6166567106763,0,11.6166567106763,0
64,120,0.020687395095979,0.297484054454744,0,31.4457531081498,1,-3.24540873943953,0,3.24540873943953,0
70,120,0.0102318822749943,0.0232029467650993,0,865.043432303812,1,-105.475605453989,0,105.475605453989,0
111,120,0.0020335140391185,0.0188763054081571,0,701.045186146161,1,98.8060358233023,0,-98.8060358233023,0
116,120,0.0227841576273807,0.051260093403044,0,1072.56465499238,1,21.5316350808022,0,-21.5316350808022,0
123,129,0.0094771124456054,0.160389855242909,0,66.7764724782844,1,-1.04065419583967,0,1.04065419583967,0
128,129,0.0496700081316431,0.150571423691874,0,57.4102513655494,1,1.04065419583963,0,-1.04065419583963,0
124,130,0.0005857799474711,0.0036891452105571,0,641.687664364963,1,-387.891083111601,0,387.891083111601,0
128,130,0.0006677784259633,0.135612367461141,0,123.661424600859,1,-4.20515701710562,0,4.20515701710562,0
121,131,0.0021418722774037,0.0071162149901271,0,477.861850266099,1,-244.459665241688,0,244.459665241688,0
122,131,7.6314761359171e-05,0.0012053587132076,0,904.723836480679,1,208.315046540426,0,-208.315046540426,0
124,133,0.0005387228569066,0.0036226698650938,0,658.52966792999,1,387.891083111597,0,-387.891083111597,0
127,133,0.0012409402889413,0.0063531294594583,0,1851.64519003625,1,-326.265382921916,0,326.265382921916,0
131,133,0.0371300594348174,0.0250475815077341,0,172.78304890796,1,-36.1446187012607,0,36.1446187012607,0
126,134,0.0006227426842991,0.0003151658436608,0,793.821671478178,1,-268.347127153231,0,268.347127153231,0
133,136,0.0133593104773415,0.0311396456849483,0,1054.97272383746,1,25.4810814884211,0,-25.4810814884211,0
134,137,0.0010842085329886,0.0113760200977621,0,402.106770190381,1,-179.619794692375,0,179.619794692375,0
134,138,0.0871924413601194,0.741942980038203,0,4.91883054444768,1,-0.907728224951909,0,0.907728224951909,0
132,140,0.0005120061813871,0.0009220980253464,0,2385.07444297433,1,627.639902036904,0,-627.639902036904,0
135,140,7.45562121419333e-05,0.0012975682553439,0,2652.41799784993,1,-627.639902036898,0,627.639902036898,0
136,141,0.0030064848245127,0.0168817572555053,0,557.096962602377,1,-164.405096947015,0,164.405096947015,0
141,142,0.149391829609918,0.779380391287688,0,16.1218912105948,1,-0.389357397719414,0,0.389357397719414,0
135,143,5.91213047312313e-05,0.0013524327794344,0,2613.83587541446,1,627.639902036893,0,-627.639902036893,0
139,143,0.0230099549538979,0.0631455251477104,0,12.9022887637953,1,12.9022887637883,0,-12.9022887637883,0
143,144,0.0001274301353474,0.0051719557114772,0,1970.56536487005,1,330.082333674594,0,-330.082333674594,0
136,146,0.0023061783667117,0.0428834441578644,0,1555.23290823138,1,-22.3377047818098,0,22.3377047818098,0
142,146,0.0191523307556486,0.0949509703124999,0,1819.6539570203,1,22.33770478181,0,-22.33770478181,0
137,147,0.0145822153470823,0.195271886887383,0,520.137828051951,1,-16.9639958223606,0,16.9639958223606,0
142,147,0.0028077432416345,0.103018437924719,0,67.861557709256,1,-6.62421400959787,0,6.62421400959787,0
130,148,0.0002429690733082,0.0035817051739564,0,867.422283863305,1,-393.726856673365,0,393.726856673365,0
139,148,0.0224343055847012,0.0279392169900046,0,659.112596410625,1,-67.276496392235,0,67.276496392235,0
141,150,0.001849118882599,0.0081075032943871,0,540.23514869321,1,-164.015739549296,0,164.015739549296,0
145,150,0.0096633317323418,0.0100873920163586,0,1323.45581416754,1,126.144877558333,0,-126.144877558333,0
145,151,0.0027913085301292,0.0139394780786352,0,1657.6582683387,1,-126.144877558333,0,126.144877558333,0
150,152,0.0043424195510513,0.300338686485556,0,73.630771959678,1,4.95324840047853,0,-4.95324840047853,0
148,153,0.007311137180433,0.0010337058425313,0,1342.39052839866,1,-474.293648408826,0,474.293648408826,0
134,154,0.0104572840543032,0.0045541011354636,0,358.818547475961,1,-192.336405943377,0,192.336405943377,0
138,154,0.0751788338034785,0.22301483510976,0,4.51156502758404,1,-0.907728224951887,0,0.907728224951887,0
144,154,0.0031658231936537,0.0041112087567901,0,1907.41355099304,1,330.082333674594,0,-330.082333674594,0
147,155,0.0022404904057059,0.0044046367347027,0,1221.55606679492,1,327.417862566997,0,-327.417862566997,0
130,158,0.107148114605152,0.7951056026832,0,12.9932481173813,1,1.63061654465945,0,-1.63061654465945,0
149,158,0.430198915025902,0.192323078630518,0,13.3077888624726,1,-1.63061654465946,0,1.63061654465946,0
150,160,0.0102885805129066,0.0863734506262718,0,71.9305785677665,1,-8.72176298188028,0,8.72176298188028,0
151,160,0.0041850641111353,0.017412368116958,0,258.598147745432,1,130.800004149658,0,-130.800004149658,0
156,160,0.0027380538935717,0.0209519545682987,0,218.198293348112,1,-120.544927157221,0,120.544927157221,0
157,160,0.122394903946754,1.00506859497246,0,6.48371903533854,1,-1.53331401055736,0,1.53331401055736,0
151,161,0.020501854432628,0.0126504929134418,0,140.544581820515,1,-53.6074633407134,0,53.6074633407134,0
148,162,0.0058447271090438,0.032603963141225,0,1524.40186762398,1,13.2902953432279,0,-13.2902953432279,0
157,162,0.0182933869933435,0.101006941036232,0,461.620422610511,1,-12.7625768324838,0,12.7625768324838,0
159,162,0.0106515890561961,1.15375128740035,0,16.1218912105948,1,5.55111512312578e-15,0,-5.55111512312578e-15,0
162,163,0.0055759323730794,0.0500583743277129,0,585.015105926109,1,15.7212997796488,0,-15.7212997796488,0
154,164,0.0010947110722063,0.0928432372409948,0,88.8997700236013,1,-46.0271240101644,0,46.0271240101644,0
156,165,0.0018704115530471,0.0209435000165911,0,181.809557491097,1,120.544927157221,0,-120.544927157221,0
161,166,7.57550739438839e-05,0.0039797210678814,0,2427.0197353871,1,383.166041185078,0,-383.166041185078,0
166,167,0.0033582277772619,0.0092395708487566,0,1130.19701820464,1,195.775736097069,0,-195.775736097069,0
159,168,0.151795020689035,0.532837645867259,0,16.1218912105948,1,0.0,0,0.0,0
163,170,0.032411933528208,0.0647947165453674,0,297.723104655719,1,11.4338206217959,0,-11.4338206217959,0
169,170,0.0063925947026653,0.171421542342618,0,176.67008255343,1,10.6541081232999,0,-10.6541081232999,0
139,171,0.0081262160338415,0.0275264857240852,0,120.284500778593,1,45.1965796571962,0,-45.1965796571962,0
149,171,0.0006526623063143,0.0634266664262375,0,14.8434555964572,1,1.63061654465939,0,-1.63061654465939,0
157,171,0.0114054139172876,0.0980233065592874,0,695.652235184253,1,14.2958908430412,0,-14.2958908430412,0
163,171,0.221315930884097,0.599516418248592,0,31.3042325589577,1,3.17498665425621,0,-3.17498665425621,0
165,171,0.0005740826926845,0.0252845064855781,0,564.001436117949,1,-83.3660041365041,0,83.3660041365041,0
170,171,0.0122693783756624,0.0609717695660123,0,553.026967814141,1,19.067930437351,0,-19.067930437351,0
166,173,0.059076250882676,0.678785626826459,0,6.22637638120316,1,1.48513571748861,0,-1.48513571748861,0
169,173,0.0003255189652932,0.0018840959504348,0,2085.74674832949,1,-199.662364768146,0,199.662364768146,0
162,174,0.0427550492111704,0.124097964621767,0,16.1766548946143,1,-4.61127826573058,0,4.61127826573058,0
164,174,0.0034167482418925,0.0352881004561048,0,89.3266642489473,1,-46.0271240101645,0,46.0271240101645,0
170,174,0.0058702517205784,0.0247941947359166,0,451.008858198812,1,-84.7006383936838,0,84.7006383936838,0
125,175,0.025245938830265,0.0289220888153086,0,81.1298176406933,1,9.44798862432137,0,-9.44798862432137,0
123,176,0.0065541031543019,0.0114060571670021,0,145.24362260782,1,-16.2918094302153,0,16.2918094302153,0
139,176,0.0013743906720443,0.0259990967140801,0,75.4979983136481,1,9.17762797125086,0,-9.17762797125086,0
163,176,0.0541726218148881,0.807163784531423,0,13.4559934906375,1,1.1124925035966,0,-1.1124925035966,0
125,177,0.0309750844005622,0.0478388241395646,0,124.668180884877,1,0.542813189275115,0,-0.542813189275115,0
152,177,2.46472242568892e-05,0.0020181441730408,0,953.981543665628,1,515.565205000921,0,-515.565205000921,0
169,177,0.0069619696751927,0.0176076892867939,0,861.131006558474,1,189.008256644848,0,-189.008256644848,0
170,177,0.004456972984694,0.0171186058985314,0,693.447924353951,1,87.7206367014287,0,-87.7206367014287,0
175,177,0.0006615196451576,0.0003119027606031,0,1176.52585459395,1,-792.836911536483,0,792.836911536483,0
122,178,0.0024723614625899,0.0273456432615438,0,168.572985376993,1,-56.8155852666511,0,56.8155852666511,0
128,178,0.0039391254200703,0.431820999348044,0,38.7258213012195,1,3.16450282126601,0,-3.16450282126601,0
176,178,0.0368343026198836,0.119375554245769,0,68.53050000122,1,10.2929023327248,0,-10.2929023327248,0
123,179,0.0124375361886343,0.0249485641095163,0,177.471506075939,1,17.3324636260547,0,-17.3324636260547,0
125,179,0.0204568825924503,0.0700974350520221,0,583.561416362813,1,-9.99080181359626,0,9.99080181359626,0
172,179,0.0120714357840526,0.0220914589570047,0,499.414581425741,1,-163.231447515832,0,163.231447515832,0
127,180,0.0019098122548181,0.0061721146784648,0,1370.15225400812,1,326.265382921914,0,-326.265382921914,0
175,180,0.0043495283003469,0.0057621198622976,0,1151.84243215434,1,802.284900160787,0,-802.284900160787,0
183,186,0.0098195456841239,0.0472502600043614,0,572.923618360969,1,25.9647308406825,0,-25.9647308406825,0
184,188,0.0006664536693986,0.0402487455190263,0,4316.35878667315,1,24.3146855456434,0,-24.3146855456434,0
181,190,0.0326534831825575,0.0406902818241262,0,130.310421144859,1,-48.1490596509637,0,48.1490596509637,0
182,190,0.0013883198102708,0.0243176722124002,0,663.336743477216,1,-92.5713215643244,0,92.5713215643244,0
187,193,0.0954587179965247,0.358522085791347,0,12.3152766251333,1,-0.331353084921915,0,0.331353084921915,0
186,195,0.0032852105978072,0.0202204636363666,0,247.128677634244,1,81.4228250547208,0,-81.4228250547208,0
191,195,0.007964933118179,0.0027269754494283,0,518.289820965032,1,244.936816861866,0,-244.936816861866,0
192,195,0.0005478885036207,0.0043651704824008,0,570.659186329589,1,180.446771182491,0,-180.446771182491,0
194,195,0.0004432651753623,0.0068647365174446,0,990.763647875875,1,300.607918857615,0,-300.607918857615,0
183,196,0.0007843766753934,0.0571881634894062,0,127.588958577523,1,-6.35577789050079,0,6.35577789050079,0
182,197,0.0437618314461917,0.102473518356926,0,2532.33944173823,1,-26.7081215016188,0,26.7081215016188,0
191,197,0.0118310743096505,0.0689323741491495,0,147.145611014924,1,-49.0398900969271,0,49.0398900969271,0
193,197,0.0112376906235382,0.198602745608767,0,27.3292294036991,1,-1.95305136493327,0,1.95305136493327,0
193,198,0.0830569729108018,0.19841309253715,0,2.98822595465312,1,1.62169828001142,0,-1.62169828001142,0
194,198,0.0087874228739136,0.0411693943310125,0,776.860943081594,1,-30.9727910029659,0,30.9727910029659,0
196,198,0.400445085778435,0.933196119281675,0,16.1218912105948,1,-0.109304336764204,0,0.109304336764204,0
190,199,0.0059226848714133,0.0155116010251473,0,1466.58045497253,1,116.7442033909,0,-116.7442033909,0
195,199,0.0065682415747036,0.015004831570687,0,2202.61811357979,1,-116.7442033909,0,116.7442033909,0
200,202,0.0027732885682708,0.0108721493263502,0,1453.96625900051,1,-43.7710860560188,0,43.7710860560188,0
196,203,0.144458032343214,0.354488663351821,0,118.148374522375,1,-6.24647355373664,0,6.24647355373664,0
201,203,0.0023297628780697,0.0135490315252843,0,517.556067180975,1,68.4480585854187,0,-68.4480585854187,0
202,203,0.0092449370421038,0.0212235120357216,0,147.608966435195,1,-51.6272813862917,0,51.6272813862917,0
194,204,0.0194687534472292,0.0165063206394155,0,298.301564612522,1,-129.828518133189,0,129.828518133189,0
198,204,0.0181166662912791,0.155285189925992,0,64.386652465823,1,-5.58881437777201,0,5.58881437777201,0
202,204,0.000952662642166,0.0361796814946617,0,127.755784301743,1,4.11085287946884,0,-4.11085287946884,0
200,205,0.000363725587759,0.0021115266201019,0,1863.87049038134,1,-615.885195985628,0,615.885195985628,0
201,205,0.0019078560203691,0.0020741721625433,0,1422.89398182437,1,577.842548783146,0,-577.842548783146,0
198,206,0.0394332201542034,0.103487292600423,0,1199.52343788899,1,-23.8715826819467,0,23.8715826819467,0
201,206,0.0163280967636439,0.0108708763521598,0,234.993925175518,1,52.3693859788057,0,-52.3693859788057,0
203,206,0.0379201211932479,0.0125660136072206,0,73.1840274120721,1,-28.4978032968578,0,28.4978032968578,0
204,209,0.0024543735447167,0.0080173096035358,0,414.177055714809,1,-235.092679867263,0,235.092679867263,0
208,209,0.0766615385218955,0.170060098682461,0,10.5074547819531,1,2.26959695076803,0,-2.26959695076803,0
192,210,0.0448225489685529,0.353384015190734,0,155.40297316061,1,-10.2932142576835,0,10.2932142576835,0
203,210,0.0024326589336415,0.0242691958131674,0,282.055537055865,1,42.2712226344133,0,-42.2712226344133,0
207,210,0.0467680122700332,0.0722016352067595,0,3.33234077295845,1,-3.33234077264128,0,3.33234077264128,0
197,211,0.0179047751687667,0.0189194131591433,0,403.518364688421,1,-77.7910107538991,0,77.7910107538991,0
203,211,0.185716861026803,0.0216016348336492,0,16.1218912105948,1,-3.19911569216398,0,3.19911569216398,0
205,211,0.0152826893499323,0.810916891220098,0,16.1218912105948,1,-0.419582028759508,0,0.419582028759508,0
209,211,7.08322338571603e-05,0.0135314394159164,0,94.7661828352583,1,42.2174668758414,0,-42.2174668758414,0
209,212,0.0040390761379705,0.0839819870810886,0,667.567573689385,1,13.7900745268591,0,-13.7900745268591,0
209,214,0.008330754795947,0.0338831619892931,0,144.314834901484,1,-15.1974013349983,0,15.1974013349983,0
212,214,0.0036160855846009,0.0062175344182083,0,571.903641048932,1,-269.086386898376,0,269.086386898376,0
213,214,0.0006242802440538,0.0044954537320038,0,584.31507428785,1,284.283788233375,0,-284.283788233375,0
186,215,0.0022691514342658,0.0322297920396877,0,133.961163715396,1,-55.4580942140382,0,55.4580942140382,0
210,215,0.132560808158542,0.136986940301683,0,74.9298443353109,1,7.23666200588766,0,-7.23666200588766,0
212,215,0.0087709817007769,0.0355251683226228,0,46.107717715308,1,42.2086143400589,0,-42.2086143400589,0
208,216,0.015093094061021,0.182172203607629,0,1235.23371585435,1,-15.7371614977906,0,15.7371614977906,0
213,217,0.0001599510938609,0.000687504819819,0,2139.69579391166,1,-937.403708083113,0,937.403708083113,0
208,218,0.0622315395169076,0.104543736531172,0,283.668237937126,1,13.4675645470225,0,-13.4675645470225,0
210,220,0.0009994396779368,0.0055902058539142,0,1957.25343816676,1,-389.749377082538,0,389.749377082538,0
213,220,0.0001790217139149,0.001960435049437,0,1221.51917889858,1,653.11991984974,0,-653.11991984974,0
216,220,0.0519783051472736,1.26757668399409,0,26.1159904428685,1,2.16185723431815,0,-2.16185723431815,0
217,221,0.0001411823679555,0.0013582006798492,0,1636.27463581714,1,-725.638196210655,0,725.638196210655,0
219,221,0.0002032255514026,0.00144068801135,0,1528.38814012329,1,725.638196210657,0,-725.638196210657,0
205,222,0.0058166263669815,0.0543262040685584,0,745.784626256201,1,-37.6230651737257,0,37.6230651737257,0
216,222,9.08006142146717e-06,0.0223249434251523,0,588.312683863537,1,94.9804065794212,0,-94.9804065794212,0
183,223,0.0132046278946403,0.0398830237563065,0,160.729716768978,1,-14.6754289430651,0,14.6754289430651,0
220,223,0.0001610385517065,0.0139610160119461,0,274.214178360022,1,225.296605341539,0,-225.296605341539,0
220,224,0.214274189745461,0.0118325657375075,0,27.7414462432013,1,3.94359880361286,0,-3.94359880361286,0
219,226,0.0009197890040011,0.0011529093054795,0,1770.29820587728,1,-725.638196210655,0,725.638196210655,0
207,227,0.0089684464649032,0.039059200097384,0,3.64836476921656,1,3.33234077264137,0,-3.33234077264137,0
220,227,0.013040390441886,0.0702503171011847,0,790.122061587558,1,36.292195856371,0,-36.292195856371,0
225,227,0.200582361164857,0.14661423283324,0,61.7589874520849,1,6.96387350608185,0,-6.96387350608185,0
224,228,0.120528624930296,0.161066433777399,0,28.4068612012054,1,3.94359880361277,0,-3.94359880361277,0
225,228,0.0219373834770726,0.214700087432312,0,28.5469883003009,1,-3.94359880361276,0,3.94359880361276,0
223,230,0.0076812620032503,0.0414173462947121,0,130.791708287913,1,-54.8006534342984,0,54.8006534342984,0
225,231,0.115530826001504,0.927035943254656,0,2.27416526427561,1,-1.12810922059484,0,1.12810922059484,0
182,232,0.0002007271568221,0.0135644889914946,0,886.976933479483,1,-194.729799850708,0,194.729799850708,0
215,232,0.0765841795289689,0.0863318465346052,0,126.421954179395,1,-6.01281786809196,0,6.01281786809196,0
227,232,0.0114275978147266,0.0005025664973571,0,1302.4881706337,1,201.906612173389,0,-201.906612173389,0
225,233,0.0321669468572439,0.431106186282971,0,5.57166675220054,1,-1.89216548187424,0,1.89216548187424,0
231,233,0.0235832262697029,0.121592721622546,0,5.20924568391775,1,1.89216548187425,0,-1.89216548187425,0
229,234,0.0020728583244989,0.0264532844109675,0,371.281711020833,1,-77.8519743379659,0,77.8519743379659,0
230,234,0.0017327624313459,0.0263111089118494,0,395.948669536837,1,77.8519743379659,0,-77.8519743379659,0
227,235,0.0116342959601701,0.0236569099198083,0,3497.48010154184,1,30.5869673322185,0,-30.5869673322185,0
229,235,0.0081233861295323,0.0538677436749677,0,1569.38825747298,1,-31.7509617867991,0,31.7509617867991,0
232,235,0.182109881620835,0.534471302313339,0,6.65869654077323,1,1.1639944545806,0,-1.1639944545806,0
185,236,0.0292080434584082,0.166960733727704,0,790.942023950187,1,-33.9973943750228,0,33.9973943750228,0
229,236,0.0059383901935221,0.190988536727649,0,9519.50375020232,1,33.9973943750227,0,-33.9973943750227,0
231,237,0.0013458917182103,0.0227051191043367,0,305.513569670613,1,56.9029230691738,0,-56.9029230691738,0
230,238,0.164784381892376,0.231264502937926,0,3.71484930858324,1,-3.71484930781627,0,3.71484930781627,0
237,238,0.0190639538725829,0.0153993576507376,0,617.098804571329,1,-114.171388847526,0,114.171388847526,0
181,239,0.0017714604537958,0.149591232595389,0,232.659872714176,1,-16.0002030692586,0,16.0002030692586,0
183,239,0.120345314061005,0.227760186815694,0,37.8318599790838,1,-4.9335240071166,0,4.9335240071166,0
184,239,0.028397127805799,0.0648021670094978,0,2090.25602982036,1,-24.3146855456434,0,24.3146855456434,0
189,239,0.002617346975653,0.0234743894394435,0,674.301154311782,1,-97.1906424384461,0,97.1906424384461,0
197,239,0.060858199838148,0.57216339081217,0,5.93302463642511,1,0.089947790419842,0,-0.089947790419842,0
222,239,0.0024871833005485,0.0562595334466052,0,219.431688581409,1,57.3573414056954,0,-57.3573414056954,0
231,239,0.0162171887459136,0.0249938582225997,0,212.382754764472,1,84.9917658643498,0,-84.9917658643498,0
181,240,0.108645460654175,0.233084794107836,0,72.1660510555165,1,-8.2582446767077,0,8.2582446767077,0
187,240,0.19586837111905,0.04045506013594,0,9.98400649224774,1,0.331353084921826,0,-0.331353084921826,0
190,240,0.559454418837677,0.756973879205331,0,5.05243900090073,1,0.0453483898782137,0,-0.0453483898782137,0
237,240,0.0048593678398017,0.16505693185326,0,30.3910517481331,1,7.88154320190775,0,-7.88154320190775,0
242,244,0.0426152691999731,0.247115597560266,0,16.1218912105948,1,0.639589093871429,0,-0.639589093871429,0
242,247,0.0329091804375405,0.0831501420469355,0,4368.70387665391,1,14.6445612444603,0,-14.6445612444603,0
245,249,0.0030909166789759,0.0439681868667744,0,978.888630713497,1,74.8514793248477,0,-74.8514793248477,0
243,250,0.056279509136368,0.525814587920953,0,11.3769651845354,1,1.0705252679839,0,-1.0705252679839,0
248,250,0.0311025494810187,0.0748783313940165,0,11.774307310739,1,3.08564700224006,0,-3.08564700224006,0
247,251,0.0504995470998153,0.123063275645964,0,39.755235999723,1,-8.32540797654715,0,8.32540797654715,0
248,251,0.064638065379091,0.188756524505247,0,44.162299861547,1,2.15204938662504,0,-2.15204938662504,0
245,252,0.0455392547815542,0.2255179558348,0,16.1218912105948,1,6.17335858992214,0,-6.17335858992214,0
251,252,0.0581477418659489,0.216998316518316,0,16.1218912105948,1,-6.17335858992212,0,6.17335858992212,0
245,253,0.0018432283005975,0.350691939699476,0,74.5277281307121,1,4.67619476133012,0,-4.67619476133012,0
248,254,0.0015448858248129,0.0154274038071144,0,974.520535958735,1,-110.481387197414,0,110.481387197414,0
244,255,0.0041387315014869,0.377919172684528,0,5.99484103937073,1,-0.188068362523969,0,0.188068362523969,0
247,256,0.0306153159302268,0.11279840782093,0,5.59593070135917,1,1.53195788653191,0,-1.53195788653191,0
250,256,0.0004952867974685,0.0275881943228495,0,78.3085361371748,1,49.7502531356316,0,-49.7502531356316,0
255,256,0.023890706074338,0.0513789762796609,0,114231.779589475,1,25.3707265379201,0,-25.3707265379201,0
247,257,0.331623095254778,0.0993777564103902,0,1364.57667372207,1,21.4380113344756,0,-21.4380113344756,0
248,257,0.0011196621624042,0.0331367064351057,0,1077.64156019011,1,107.470753460693,0,-107.470753460693,0
256,257,0.0586975666953269,0.995506899961715,0,17.3496804514616,1,1.96649471535202,0,-1.96649471535202,0
258,259,0.0037410796530876,0.0251518629789999,0,487.252563022605,1,87.1462541730816,0,-87.1462541730816,0
254,260,0.0155984937293526,0.0814850764996802,0,4928.09414768447,1,-10.0813018969067,0,10.0813018969067,0
255,260,0.0041068890438832,0.0047979964287226,0,2073.25609686311,1,-588.988021283023,0,588.988021283023,0
246,261,0.0001740422093252,0.0008928825253803,0,982.065881233863,1,-782.597282622956,0,782.597282622956,0
253,261,0.0074680224028732,0.0105288999709778,0,605.913144185719,1,120.718378957439,0,-120.718378957439,0
255,261,0.0006459848527358,0.0008339195221025,0,2514.39232071104,1,342.109135413034,0,-342.109135413034,0
244,262,0.0003634232248715,0.0194379426023258,0,272.810876736202,1,-130.905874988441,0,130.905874988441,0
253,262,0.0028370085119293,0.0128205618040954,0,1141.64369112556,1,-116.042184196109,0,116.042184196109,0
249,263,0.0018283304692919,0.0239343924446524,0,148.645104201245,1,-70.063484311145,0,70.063484311145,0
256,263,3.5427189170066e-05,0.0102221635537966,0,363.044863577167,1,-226.46958301869,0,226.46958301869,0
260,263,0.000628985643121,0.0142052998474498,0,663.366454117593,1,127.732274684403,0,-127.732274684403,0
254,264,0.0001846642049866,0.0187905062607546,0,390.490562255216,1,-43.826407123034,0,43.826407123034,0
262,265,8.68661908603835e-05,0.0058384875129694,0,508.857249466626,1,-252.13815465035,0,252.13815465035,0
263,265,0.000374607698141,0.0178323448987618,0,670.493939465853,1,-164.53722535642,0,164.53722535642,0
262,266,0.0256352649945436,0.254575372988603,0,81.3828994689464,1,5.19009546580049,0,-5.19009546580049,0
258,267,0.0001595126656774,0.0008047992785102,0,1628.98980087661,1,-790.275523912669,0,790.275523912669,0
260,267,1.06283513378924e-05,0.0004178400181236,0,2164.81174151224,1,-1425.46159121169,0,1425.46159121169,0
264,268,0.0055241414486607,0.0085254807894586,0,416.803415501627,1,-43.8264071230341,0,43.8264071230341,0
268,269,0.0003291898030584,0.0050129051032299,0,2579.01563790258,1,340.520210884375,0,-340.520210884375,0
266,270,0.0239606313994013,0.006413147729594,0,792.981353648716,1,-115.256563493822,0,115.256563493822,0
268,270,0.0031729087909742,0.0059991837895364,0,1142.19975006292,1,218.41224706403,0,-218.41224706403,0
267,271,1.09725642044192e-05,0.0002881591866308,0,3099.76029209904,1,-1426.9647688352,0,1426.9647688352,0
268,271,0.0008020981732953,0.0010713063959469,0,4091.76000607986,1,-589.114368670185,0,589.114368670185,0
267,272,0.0006039780212181,0.0014733364992824,0,1608.69547938242,1,-788.772346289163,0,788.772346289163,0
269,274,0.0006327135940347,0.0079524703315249,0,1037.80604629632,1,268.559925616694,0,-268.559925616694,0
269,275,0.0017374516498206,0.0075308916604926,0,404.097373808747,1,129.809107147746,0,-129.809107147746,0
273,275,0.0030467643655631,0.0149041541811814,0,397.116906741479,1,-129.809107147745,0,129.809107147745,0
255,276,0.0051128314817623,0.0336115184068096,0,498.697048868535,1,-25.0032930435506,0,25.0032930435506,0
273,276,0.0057125768832363,0.0699592119703183,0,1160.60116063721,1,-32.2762223497189,0,32.2762223497189,0
273,277,0.0034865453224588,0.0147018053702202,0,341.978717779652,1,214.830754507981,0,-214.830754507981,0
270,279,0.0004844932078212,0.0107612589279755,0,163.697051956882,1,103.155683570207,0,-103.155683570207,0
274,279,0.0168377222539611,0.058409045536934,0,1805.12416165339,1,-24.351195909974,0,24.351195909974,0
278,279,0.0135968779489635,0.0111312316543208,0,747.924522703638,1,-78.804487660233,0,78.804487660233,0
263,280,0.0032034039751983,0.21921454696614,0,26.3650416019627,1,-2.26882619446174,0,2.26882619446174,0
276,280,0.0269705656595418,0.008949298989548,0,220.826066128458,1,-74.6928025723555,0,74.6928025723555,0
274,281,0.0108618279413908,0.0115888426885719,0,437.227505746361,1,142.894860005126,0,-142.894860005126,0
277,281,0.0021675282749898,0.015948595459979,0,381.705341173581,1,-142.894860005127,0,142.894860005127,0
273,283,0.0067372953279008,0.0363185293716342,0,134.713912980054,1,-52.7454250105164,0,52.7454250105164,0
278,283,0.0418905777466069,0.555376868640229,0,10.3316020692716,1,-1.06943369257791,0,1.06943369257791,0
280,283,0.0058196012097534,0.327301466964989,0,28.5416770979624,1,3.08837917978764,0,-3.08837917978764,0
277,284,0.0067266471169903,0.0111578272662127,0,649.24521079622,1,168.946490046165,0,-168.946490046165,0
278,285,0.0006769458511472,0.0201322385403382,0,649.925094732084,1,79.8739213528112,0,-79.8739213528112,0
282,286,0.0066553873224696,0.0846759004841303,0,1440.03400427334,1,106.87439934501,0,-106.87439934501,0
285,286,0.0291295887327459,0.355970609613355,0,75.9224662621264,1,1.14352437741835,0,-1.14352437741835,0
244,287,0.0078345371963646,0.0174957688419926,0,331.837595765372,1,131.733532444837,0,-131.733532444837,0
277,287,0.0122351752870527,0.144778024921057,0,291.23318634518,1,-15.1968249722106,0,15.1968249722106,0
285,287,0.0037146408881844,0.0685294765174489,0,9.80439898550109,1,9.80439898486098,0,-9.80439898486098,0
282,288,0.0055346566401061,0.128780585764015,0,177.187907996252,1,57.801423241799,0,-57.801423241799,0
285,288,0.0159095363135928,0.0842459951894171,0,300.84386663463,1,-14.2312259203971,0,14.2312259203971,0
283,289,0.0005929988182138,0.152463704214551,0,520.451983474106,1,-19.8206936888448,0,19.8206936888448,0
274,290,0.0069699073337323,0.0748628179250913,0,4101.70633403857,1,-5.24471487567588,0,5.24471487567588,0
288,290,0.0054950611243374,0.063390864098567,0,5981.48930181773,1,-4.04809245961846,0,4.04809245961846,0
241,291,0.0012350897923372,0.0044653511114819,0,2819.83985626644,1,350.124035767956,0,-350.124035767956,0
286,291,0.0089152018143782,0.0144905770780863,0,733.649120030704,1,-258.512122627949,0,258.512122627949,0
290,291,0.008503218032929,0.0205583841104701,0,384.803717298806,1,-91.6119131400059,0,91.6119131400059,0
250,292,0.0439671179114933,0.0221257829557252,0,50.5377577392953,1,-45.5940808654078,0,45.5940808654078,0
292,293,0.146574743506537,0.0803525289536824,0,34.0878901899269,1,-0.546909241444227,0,0.546909241444227,0
293,294,0.481830555883938,0.405593939846975,0,16.1218912105948,1,-0.0487608882898116,0,0.0487608882898116,0
289,295,0.0013493182430294,0.022893022370137,0,257.400872201663,1,-60.4996238931892,0,60.4996238931892,0
245,296,0.0104442400912425,0.0383361704340796,0,342.057339764819,1,-85.7010326760998,0,85.7010326760998,0
286,296,0.0027696214004958,0.056619695478192,0,269.569500004227,1,-141.684235505921,0,141.684235505921,0
246,297,0.0043477857877458,0.122650164687041,0,757.909379989134,1,32.5055210610026,0,-32.5055210610026,0
241,298,0.0139661457997795,0.047937024909484,0,72.5704189669895,1,19.0069807369209,0,-19.0069807369209,0
289,298,0.0319088757720729,0.0473383066362289,0,57.1510653570925,1,26.0401908870424,0,-26.0401908870424,0
292,298,0.0013533154629232,0.026848549968117,0,1876.69578178142,1,-45.0471716239632,0,45.0471716239632,0
242,299,0.179188959992649,0.114898152625488,0,244.813001652863,1,-12.1616494803494,0,12.1616494803494,0
248,299,0.010424655345233,0.531769083935123,0,20.4803302110287,1,-2.22706265214423,0,2.22706265214423,0
289,299,0.0037626318351763,0.139057285420565,0,890.071457666364,1,14.638739317302,0,-14.638739317302,0
293,299,0.248688037682712,1.45016585905065,0,16.1218912105948,1,-0.250027184808319,0,0.250027184808319,0
242,300,0.0459351837467831,0.346863356028444,0,40.5349744353162,1,-3.12250085798229,0,3.12250085798229,0
243,300,0.110804702943808,0.502709695209434,0,9.38402610966515,1,-1.0705252679839,0,1.0705252679839,0
261,300,0.0015102978494144,0.0045512445489054,0,1242.05099532375,1,-319.769768252476,0,319.769768252476,0
293,300,0.0369015347606349,0.194707111030326,0,23.3550126632369,1,-0.24812116834606,0,0.24812116834606,0
294,300,0.221506461439101,0.585178738185332,0,16.1218912105948,1,-0.0487608882898116,0,0.0487608882898116,0
295,300,5.09010794437188e-05,0.0115182762378788,0,946.787471440971,1,324.259676435077,0,-324.259676435077,0
30,76,0.0146329331114201,0.0517747045408792,0,903.740492177729,1,-39.8391993632625,0,39.8391993632625,0
9,78,3.83891060865239e-05,0.0006387262226234,0,1437.45248925514,1,767.793267221197,0,-767.793267221197,0
31,110,0.001131405274373,0.0116458207124488,0,21.5703623137437,1,-21.5703623126181,0,21.5703623126181,0
19,74,0.0006085880115088,0.0169970334909947,0,1053.95082811115,1,-42.8842706434144,0,42.8842706434144,0
97,137,0.000247658818089,0.0124152772603714,0,220.296142348256,1,162.655798870015,0,-162.655798870015,0
115,178,0.0111087303569783,0.0226524428475434,0,98.5967163514909,1,43.3581801126605,0,-43.3581801126605,0
92,122,0.009062040613708,0.0355193544723567,0,730.62385887073,1,24.877940078806,0,-24.877940078806,0
101,165,0.0001071809823809,0.0002668075072665,0,977.628375791465,1,-365.193639125459,0,365.193639125459,0
150,202,0.0010186044970795,0.0294232008849988,0,222.539049399944,1,-3.74534245080422,0,3.74534245080422,0
122,223,0.0183841452326693,0.0194314561863951,0,399.990304723142,1,-163.621680244117,0,163.621680244117,0
142,181,0.0039140951928642,0.0294253305309191,0,193.516661368564,1,54.8981515973525,0,-54.8981515973525,0
166,227,0.0026752377041331,0.0127746251965701,0,916.442434208066,1,185.90516937052,0,-185.90516937052,0
190,277,0.0077534204190949,0.0049067670122923,0,306.443386137638,1,-203.975949439153,0,203.975949439153,0
201,260,0.0001234322114121,0.0079967797508497,0,3285.57432126909,1,-698.659993347367,0,698.659993347367,0
209,255,0.0003304526312335,0.0129877586610702,0,725.795987269462,1,-234.69048230091,0,234.69048230091,0
231,249,0.0037413216214082,0.0162362779570123,0,397.5321446459,1,-144.914963635993,0,144.914963635993,0
286,18,0.004209492616387,0.0048937595480516,0,1485.28950554433,1,901.020465285193,0,-901.020465285193,0
266,59,0.0041577532643803,0.0209346174832354,0,1415.81753249139,1,120.446658959623,0,-120.446658959623,0
276,42,0.0364563206305451,0.57258611646741,0,619.085254014827,1,17.4132871790865,0,-17.4132871790865,0
271,2,0.0003549956961725,0.0059961309587813,0,5538.16771399854,1,-2016.07913750538,0,2016.07913750538,0
