from_bus,to_bus,resistance,reactance,susceptance,line_rating,line_status,P_from,Q_from,P_to,Q_to
4,5,0.0001851582177073,0.000793125414545,0,1868.96808892794,1,-787.070140580252,0,787.070140580252,0
3,6,0.001560390766864,0.007996155738201,0,716.251502222489,1,-111.418327973383,0,111.418327973383,0
3,7,0.0060166594851463,0.0460136195999584,0,1521.16366247543,1,-43.9671727046466,0,43.9671727046466,0
5,8,0.0014854547327076,0.0060368417878353,0,1832.11336298004,1,-559.263639516594,0,559.263639516594,0
7,11,0.197342935414396,0.0952037271467923,0,112.386274027604,1,16.8099306420933,0,-16.8099306420933,0
8,11,0.0011448986444765,0.0101109982806229,0,1437.10750908135,1,-241.308019011503,0,241.308019011503,0
5,12,0.0014426215678727,0.0961217470333637,0,196.557125005869,1,-33.1343283892719,0,33.1343283892719,0
8,12,0.0872397413278659,0.0057721579761544,0,191.639227684961,1,33.1343283892718,0,-33.1343283892718,0
4,13,2.00675364766596e-06,0.0008102513934702,0,1230.93217100056,1,787.070140580249,0,-787.070140580249,0
5,14,0.0005292549624161,0.0022511563255347,0,636.986249883908,1,-227.316618523609,0,227.316618523609,0
9,14,0.0002036208538466,0.0012264808791576,0,808.829541271357,1,227.316618523611,0,-227.316618523611,0
7,15,0.0001229795683699,0.0048556055077495,0,419.113670865356,1,-62.484180815416,0,62.484180815416,0
11,15,0.0085821331919705,0.0078186737091511,0,243.693028918179,1,-243.48970855411,0,243.48970855411,0
7,16,0.0274990851280264,0.0262675837045463,0,50.8714067606027,1,3.39426782922096,0,-3.39426782922096,0
10,16,0.0123314579643681,0.0109105333266899,0,188.894215413544,1,-124.946738650921,0,124.946738650921,0
16,17,0.0008976656690187,0.0479642762941637,0,116.926226390997,1,24.7448891971015,0,-24.7448891971015,0
18,19,0.0005707335790665,0.0023619549750324,0,6733.05427034985,1,-2879.20728117634,0,2879.20728117634,0
16,21,0.0003804485958478,0.008657942325296,0,640.347352804274,1,-226.107024925736,0,226.107024925736,0
21,22,0.319951238069135,1.72339304443643,0,51.1496962619386,1,0.398181349722581,0,-0.398181349722581,0
6,23,0.0031172213431215,0.0186167991716677,0,606.191764306794,1,-66.1201617542956,0,66.1201617542956,0
22,24,0.0020974190435765,0.0674154345875313,0,108.367108973753,1,8.07718487824486,0,-8.07718487824486,0
23,24,0.0105149875097316,0.0667233896689036,0,113.062216810452,1,-8.07718487824489,0,8.07718487824489,0
15,25,4.57231376011777e-05,0.0529661929456458,0,381.146685157011,1,25.0109460675573,0,-25.0109460675573,0
17,25,0.0069558705405925,0.030522633157008,0,2691.24439612254,1,-8.34442600921688,0,8.34442600921688,0
18,25,0.0003590634280058,0.0066649631948123,0,318.03237881415,1,59.7577237612256,0,-59.7577237612256,0
20,25,0.004484858626476,0.0187310249851403,0,455.400340146344,1,-76.4242438195664,0,76.4242438195664,0
20,26,0.0001687682895849,0.032076678526053,0,1255.9061016308,1,-123.086528532772,0,123.086528532772,0
21,26,0.0025669655971933,0.0792520212027545,0,5.69399854146963,1,4.70771391875406,0,-4.70771391875406,0
22,26,0.004409078606143,0.0757511840718825,0,104.379182210813,1,-4.13362680817598,0,4.13362680817598,0
23,26,1.34706060055128e-05,0.0043160482548642,0,2608.09757616429,1,-323.58099947707,0,323.58099947707,0
18,27,5.97241347339873e-05,0.0014238753597135,0,519.792599440747,1,269.285090203481,0,-269.285090203481,0
22,28,0.0120269655919231,0.3861485698369,0,8.62052407970139,1,-3.54537672034631,0,3.54537672034631,0
26,29,0.0003024871693208,0.0025038918611388,0,1167.38859630222,1,-446.093440899263,0,446.093440899263,0
27,30,4.69728565620569e-05,0.0041813677079251,0,2748.29022746613,1,362.565653913092,0,-362.565653913092,0
21,31,0.0239541387868613,0.0021117566922001,0,917.63171958721,1,-88.6710228932241,0,88.6710228932241,0
23,31,3.20413214156657e-05,0.0081904077287972,0,331.653707771669,1,-238.930556597847,0,238.930556597847,0
28,31,0.0422138751271921,0.697626553055538,0,51.1496962619386,1,0.710362232327625,0,-0.710362232327625,0
27,33,0.320773246213301,0.678268076564839,0,51.1496962619386,1,0.0,0,0.0,0
28,34,0.115878913789349,0.262841706028122,0,11.0433419986612,1,-4.25573895267394,0,4.25573895267394,0
6,35,0.0016413891849979,0.0207535916950841,0,244.788570207819,1,-45.2981662190878,0,45.2981662190878,0
27,35,0.0007186499899438,0.0087307644225612,0,1319.12778046081,1,-93.2805637096106,0,93.2805637096106,0
35,37,0.0148934531992327,0.0220968095731918,0,42.7593257325237,1,-42.7593257325237,0,42.7593257325237,0
7,38,0.0001756012814174,0.004608383642474,0,3490.23665766776,1,-406.682047128386,0,406.682047128386,0
32,38,0.0006657687290052,0.0282055064506122,0,703.696092494954,1,185.151831179793,0,-185.151831179793,0
34,38,0.0003956228477215,0.0075336847051134,0,1209.97137857533,1,238.358839231502,0,-238.358839231502,0
36,38,0.0750818336039345,0.0837342188099079,0,1731.45559440178,1,7.42457932952128,0,-7.42457932952128,0
35,39,0.024842431406913,0.0562771461537929,0,127.949371557212,1,-62.5476483566782,0,62.5476483566782,0
36,39,0.0071618866042638,0.112072894164813,0,341.187416558758,1,-7.42457932952128,0,7.42457932952128,0
32,40,0.0202498510002066,0.0311832128313011,0,1451.81864652327,1,192.098813886364,0,-192.098813886364,0
39,40,0.0028186782829122,0.0577861802651167,0,280.21514024476,1,38.4476437575025,0,-38.4476437575025,0
32,42,0.132206767257218,0.0719616573988586,0,105.892051151567,1,26.6534185822184,0,-26.6534185822184,0
41,42,0.0065567940634082,0.0871334929803499,0,119.57750280826,1,-24.0583299698669,0,24.0583299698669,0
34,43,0.0015125514735481,0.0341564600693354,0,3510.09513495354,1,107.307683370653,0,-107.307683370653,0
39,43,0.0017344035697903,0.0490835318588938,0,1967.57995908383,1,67.7073466077153,0,-67.7073466077153,0
37,45,0.0170094122506072,0.246505999485369,0,5.68857208628453,1,-0.804123601373261,0,0.804123601373261,0
40,45,0.143766579529146,0.192998569727105,0,5.74223548537324,1,0.804123601373269,0,-0.804123601373269,0
37,46,0.0049157749919518,0.0230428115351394,0,386.009054536104,1,-165.241606783342,0,165.241606783342,0
41,46,0.0002727471774411,0.0160163692946917,0,627.484105124485,1,-92.2972917687586,0,92.2972917687586,0
42,46,0.0239346460471081,0.238149407591895,0,26.7097699859935,1,2.59508861235154,0,-2.59508861235154,0
29,47,0.0032706593855636,0.0015916473062077,0,2550.25447953099,1,199.647447734571,0,-199.647447734571,0
9,48,0.0406902283228555,0.571940824965043,0,40.6988733844193,1,-12.130788570526,0,12.130788570526,0
37,48,0.051301982169273,0.602582488421357,0,6.8085220300943,1,0.731144778361895,0,-0.731144778361895,0
38,48,0.0048909908164296,0.064401724229643,0,692.850395233776,1,24.2532026124305,0,-24.2532026124305,0
41,48,0.0044114352750793,0.0589240061201044,0,119863.852318208,1,47.0086627731905,0,-47.0086627731905,0
44,48,0.0655325785425233,0.221433355536348,0,13.3990405869949,1,-1.24553407528799,0,1.24553407528799,0
11,49,0.0036349853233204,0.0372889557560957,0,910.462736705989,1,-35.4817814710645,0,35.4817814710645,0
35,49,0.0019215114799468,0.0132513125432167,0,208.218389431884,1,6.43095992199312,0,-6.43095992199312,0
40,49,0.0201554500905439,0.0536724853926941,0,42.6510070522797,1,25.7763232867235,0,-25.7763232867235,0
40,50,0.014783701798847,0.0031187352756011,0,611.63910210813,1,203.96601075577,0,-203.96601075577,0
41,50,0.0005276207101817,0.037666593138688,0,254.052348233355,1,69.346958965435,0,-69.346958965435,0
1,51,0.0012787695402874,0.0144440654573926,0,1417.38659034655,1,-140.624563844759,0,140.624563844759,0
37,51,0.0086523026680537,0.0126663032001819,0,392.621068819051,1,122.555259873829,0,-122.555259873829,0
47,52,0.0068270676852044,0.005886223483528,0,1589.91927921502,1,354.427129086417,0,-354.427129086417,0
49,52,0.122064463628645,0.163313286663957,0,16.6952043937638,1,-2.97354935045062,0,2.97354935045062,0
50,52,0.0135684252853545,0.172601942488136,0,34.56790380538,1,1.51645584669355,0,-1.51645584669355,0
51,52,0.0005774715286308,0.0028554232885121,0,1512.14037117457,1,-352.970035582659,0,352.970035582659,0
47,53,0.0068541794649649,0.0034604440360758,0,436.756386714216,1,225.353988563164,0,-225.353988563164,0
1,54,0.0014442168215736,0.0113756351825027,0,578.621980163863,1,-227.78141796623,0,227.78141796623,0
2,54,0.19602822046731,0.756963871151382,0,51.1496962619386,1,-1.31842791309513,0,1.31842791309513,0
3,54,0.0517610227691915,0.0416252404094693,0,1782.48624684576,1,-42.846802472835,0,42.846802472835,0
44,54,0.0655441654595514,0.221572696485004,0,13.0402368549014,1,1.245534075288,0,-1.245534075288,0
49,54,0.0087867574048868,0.0344250306985207,0,1522.29175559173,1,-1.09539959763973,0,1.09539959763973,0
50,54,0.000119842159683,0.0026109760107817,0,616.504443529419,1,271.796513874512,0,-271.796513874512,0
20,55,0.170458908102616,1.56545226690645,0,51.1496962619386,1,-0.794450685742561,0,0.794450685742561,0
49,55,0.0143555995519695,1.17298203916976,0,51.1496962619386,1,0.794450685742562,0,-0.794450685742562,0
53,56,0.0019405720690101,0.0075144680073885,0,453.625243701185,1,225.353988563164,0,-225.353988563164,0
23,57,0.0001269458968697,0.0024770982499553,0,1152.24359228162,1,504.468579198866,0,-504.468579198866,0
1,58,0.0050429478343692,0.0200620676548345,0,200.613007293665,1,-37.8676378489048,0,37.8676378489048,0
2,58,0.413188469322374,0.632156596864193,0,51.1496962619386,1,1.31842791309513,0,-1.31842791309513,0
51,58,0.0129522081751512,0.475406456715147,0,2.67452676478759,1,2.67452676478759,0,-2.67452676478759,0
3,59,0.021443368442287,0.481912038705917,0,3.36545892117146,1,0.0729677053257688,0,-0.0729677053257688,0
58,59,0.779009270060011,0.175183394960884,0,3.50867129809544,1,-0.0729677053257716,0,0.0729677053257716,0
3,60,0.0131262212277371,0.103440882532084,0,249.525453814402,1,-2.54268991403095,0,2.54268991403095,0
10,60,0.0607945132280364,0.0548490154450294,0,12.2815013776719,1,5.60950635259905,0,-5.60950635259905,0
56,60,0.0029293337932032,0.0070173970076402,0,455.514334462325,1,225.353988563165,0,-225.353988563165,0
62,64,0.0134532546493671,0.0832447811867235,0,937.340516819731,1,-20.2020841941988,0,20.2020841941988,0
63,64,0.0158756717213059,0.0292735996202449,0,936.885457689923,1,20.2020841941988,0,-20.2020841941988,0
61,65,0.0004985013104288,0.0011732573971511,0,3410.04060243948,1,517.860530640293,0,-517.860530640293,0
62,65,6.77654999813944e-06,0.0011119283097451,0,764.829283261837,1,-522.951461454032,0,522.951461454032,0
63,65,0.116802541566326,0.529418757042884,0,11.8475653742451,1,3.19524241508307,0,-3.19524241508307,0
66,67,0.0013031982632759,0.0407276590039415,0,743.2108800734,1,8.76393641584436,0,-8.76393641584436,0
61,69,0.0028334773065696,0.0179192691624742,0,853.678075803028,1,-197.078242681603,0,197.078242681603,0
68,69,0.0010850327326486,0.0085306152320945,0,276.847811584199,1,-104.196405612739,0,104.196405612739,0
66,70,0.0203174108751073,0.0022776055638659,0,446.893753590972,1,-133.014627344852,0,133.014627344852,0
68,70,0.0005648626675022,0.117771525864447,0,26.4759498384004,1,3.83234738317196,0,-3.83234738317196,0
69,70,0.0008019425188679,0.0103744944291575,0,356.323374557817,1,129.182279961679,0,-129.182279961679,0
63,71,4.83703906197397e-05,0.0201247433380446,0,249.196714288028,1,-55.8392139531605,0,55.8392139531605,0
68,71,0.0183114618126309,0.0077875597176406,0,308.556521859213,1,55.8392139531605,0,-55.8392139531605,0
68,73,0.0687578013725497,0.229932012195684,0,54.2370196917975,1,5.85267574415606,0,-5.85267574415606,0
72,74,0.0120661065796782,0.221186823069052,0,7.17088627697737,1,1.69123809569787,0,-1.69123809569787,0
73,74,0.0004652571831513,0.0176094785132143,0,1070.8192912508,1,109.438880328985,0,-109.438880328985,0
66,75,0.0018643288473623,0.0103962165571552,0,227.298947928924,1,124.250690929007,0,-124.250690929007,0
72,75,0.0082872947664689,0.0416775117126725,0,1247.73289353558,1,-20.4610630820604,0,20.4610630820604,0
73,75,0.0556833896233696,0.0424777163714012,0,2020.90144093467,1,16.4866639214607,0,-16.4866639214607,0
77,78,0.0049386199411968,0.0090642530325204,0,2338.52334740933,1,197.41197454987,0,-197.41197454987,0
72,79,0.0098038811860505,0.0988811425839511,0,1535.75506438257,1,18.7698249863625,0,-18.7698249863625,0
74,79,0.0133021073774689,0.0133348382987273,0,1102.57947882248,1,111.130118424682,0,-111.130118424682,0
75,79,0.0277368006459986,0.0481346440794978,0,135.01303518073,1,56.2743942291322,0,-56.2743942291322,0
73,80,0.0101783604371652,0.0152341383613696,0,126.269388630545,1,-109.856675901878,0,109.856675901878,0
77,80,0.0057419378584719,0.0005143563432019,0,4594.0707696996,1,404.413945458197,0,-404.413945458197,0
76,81,0.0196978901783848,1.28201924426782,0,51.1496962619386,1,-0.145927388424467,0,0.145927388424467,0
77,81,0.0363605234518914,0.741141618327488,0,51.1496962619386,1,0.145927388424467,0,-0.145927388424467,0
77,82,0.0005295185429246,0.0023902933144287,0,1080.21936386954,1,-622.125287998824,0,622.125287998824,0
73,83,0.0050235003614049,0.0604480354320449,0,149.398750360776,1,-10.2161926044115,0,10.2161926044115,0
76,83,0.0099200783211476,0.145726342866962,0,60.3427492924228,1,6.64808644821572,0,-6.64808644821572,0
80,83,0.504366720229301,0.295961774075456,0,33.8825575172252,1,3.56810615619584,0,-3.56810615619584,0
82,84,0.00064549211582,0.0023882892312352,0,970.670963201633,1,-622.125287998824,0,622.125287998824,0
84,85,0.0009227486083774,0.0039989554124595,0,606.385018743893,1,258.517512919854,0,-258.517512919854,0
76,86,0.0384793790763746,0.284641555587467,0,30.0402388590759,1,1.35792835331693,0,-1.35792835331693,0
67,87,0.0175789383767326,0.052378604944615,0,5076.11972539005,1,-3.91400186136288,0,3.91400186136288,0
69,87,0.0035150376543947,0.0112447203454377,0,600.148366475526,1,159.637616642084,0,-159.637616642084,0
77,87,0.0004670796941731,0.0715554285499135,0,10874.1075171557,1,20.1534406023348,0,-20.1534406023348,0
76,89,0.0182154956469776,0.261601912140126,0,22.5987504499235,1,3.68249532994175,0,-3.68249532994175,0
80,90,0.000402478222026,0.0140669557993131,0,122.688060026221,1,-55.6041332441151,0,55.6041332441151,0
85,90,0.0080300639110053,0.0094687159873319,0,480.891418026867,1,144.149326084836,0,-144.149326084836,0
89,90,0.0475302429634082,0.203042982284472,0,120.791336681705,1,-9.02641591774673,0,9.02641591774673,0
76,91,0.0376751072520806,0.134619980080021,0,687.598670039631,1,19.2431412122023,0,-19.2431412122023,0
87,92,0.0520247473537923,0.282079865655498,0,51.1496962619386,1,-0.456689459875848,0,0.456689459875848,0
89,93,2.16425013195795e-05,0.0004243107489199,0,5184.74495630037,1,-2068.69811404592,0,2068.69811404592,0
90,94,0.0027881805447126,0.0291507486403898,0,447.871685686699,1,79.5187769229742,0,-79.5187769229742,0
91,94,0.0247932173919746,0.0143599039132155,0,461.097365027539,1,-79.5187769229742,0,79.5187769229742,0
86,96,0.0001231396013425,0.0030051649494751,0,1735.02319095915,1,-547.882285714798,0,547.882285714798,0
95,96,0.0005261197778284,0.0224439852402522,0,245.385520957983,1,-37.7532090592945,0,37.7532090592945,0
88,97,0.00117951662068,0.0056239490513171,0,983.158883812316,1,-292.218273132665,0,292.218273132665,0
89,97,0.0055881080192523,0.139723716576576,0,128.42995008108,1,9.44479822206229,0,-9.44479822206229,0
95,98,0.0132775226899016,0.017581266804477,0,285.110503628351,1,-274.520765398993,0,274.520765398993,0
92,99,0.448421289836016,0.184135282182421,0,51.1496962619386,1,-0.456689459875853,0,0.456689459875853,0
95,99,0.163253264370474,0.592575185018304,0,2.27238555327892,1,2.27238555327892,0,-2.27238555327892,0
97,99,0.0544085537211249,0.743005495579165,0,5.68967770026705,1,-1.81569609340306,0,1.81569609340306,0
100,102,0.0032073134931928,0.0163159819615393,0,364.570589193032,1,-79.9134702371796,0,79.9134702371796,0
95,103,0.0004801804005389,0.0047399557090269,0,1763.78185553654,1,338.349230981333,0,-338.349230981333,0
80,104,0.0001739901714857,0.0053594811608569,0,1901.99788999026,1,346.593296644237,0,-346.593296644237,0
89,104,0.0003215113685186,0.0003894813865933,0,11542.6747773553,1,2071.96222707155,0,-2071.96222707155,0
100,104,0.0001252990835246,0.0003943156512176,0,6131.59047753188,1,-2421.55722320196,0,2421.55722320196,0
98,105,0.0004001440579725,0.0113424661150095,0,914.591737636732,1,185.627410071358,0,-185.627410071358,0
100,106,0.0088436142420145,0.0368596271751831,0,12.2505026954393,1,-12.2505026954393,0,12.2505026954393,0
102,106,0.0336934310042553,0.199661411954891,0,67.9806668261713,1,4.26881573392823,0,-4.26881573392823,0
68,107,0.0112680684535262,0.0318248346978844,0,305.760241886655,1,54.724468531282,0,-54.724468531282,0
86,107,0.0004733650224931,0.0029052987605648,0,1429.80253015134,1,549.240214068115,0,-549.240214068115,0
106,107,0.0103622355689874,0.0365107954810052,0,46.2637748845714,1,-7.98168696151111,0,7.98168696151111,0
100,109,0.0094665027716846,0.0036223595263069,0,527.66140609042,1,239.426928341369,0,-239.426928341369,0
101,109,0.0001964443372851,0.0064230850781133,0,610.32842040194,1,-274.361363670285,0,274.361363670285,0
108,109,0.0011194811679688,0.045671043429634,0,961.371028320074,1,34.9344353289163,0,-34.9344353289163,0
105,110,0.0021838539387317,0.0184925104074487,0,177.487747093168,1,130.747116507074,0,-130.747116507074,0
102,111,0.001479704552846,0.0145441428918009,0,499.233706993874,1,-84.1822859711076,0,84.1822859711076,0
104,112,0.0016622725060292,0.13419650561128,0,3.00169948618058,1,-3.00169948618058,0,3.00169948618058,0
108,112,0.0022421721027528,0.0314637145225764,0,4075.78564287152,1,-20.0063408454781,0,20.0063408454781,0
111,112,0.0008965780165744,0.0265585152458818,0,181.716318160524,1,44.0743930445878,0,-44.0743930445878,0
61,113,0.0080325892851411,0.0049663154544472,0,320.782287958689,1,-320.78228795869,0,320.78228795869,0
69,113,0.0142728478706503,0.0663796854710625,0,885.34303595927,1,29.2015852247732,0,-29.2015852247732,0
87,113,0.0132791242175402,0.0112300355153603,0,282.95876508344,1,12.7614633567652,0,-12.7614633567652,0
62,114,0.0004865458618149,0.0024636262136369,0,823.77330784583,1,283.169233830795,0,-283.169233830795,0
105,115,0.0010923205894438,0.0463824036335502,0,66.4619755131679,1,54.8802935642841,0,-54.8802935642841,0
107,115,0.117174497917849,1.84754878010197,0,51.1496962619386,1,-1.39120622898157,0,1.39120622898157,0
112,115,0.049413367824135,0.193515074226496,0,14.0785334921557,1,-10.1057376846801,0,10.1057376846801,0
100,116,0.0329926662910994,0.0090558997808777,0,1047.21153812177,1,-79.9871420281967,0,79.9871420281967,0
110,116,0.0087650192425146,0.0339625842049004,0,14367.0485821538,1,79.9871420281968,0,-79.9871420281968,0
108,117,0.0815070218204507,0.149274313963623,0,57.0058878198909,1,-8.56584124078374,0,8.56584124078374,0
110,117,0.0129808259114016,0.167416576491758,0,48.7122001558095,1,8.56584124078375,0,-8.56584124078375,0
63,118,0.0749962462886985,0.0497256181305974,0,260.488704599801,1,-2.93947479040224,0,2.93947479040224,0
65,118,0.0892892641435276,0.969457042664026,0,51.1496962619386,1,-1.89568839865857,0,1.89568839865857,0
67,118,0.0033875482481751,0.017171270696744,0,90.6545779858008,1,17.5411009754336,0,-17.5411009754336,0
108,118,0.0196034527725247,0.0540576261967569,0,140.512390038814,1,-6.36225324265436,0,6.36225324265436,0
111,118,0.0010727714689694,0.0099790588598332,0,872.578654776024,1,145.915155880239,0,-145.915155880239,0
115,118,0.0359855310299618,0.0106963189361967,0,387.747590457487,1,209.526107156657,0,-209.526107156657,0
62,119,0.0024705918915206,0.0059069424201326,0,879.555552377135,1,-124.240093001537,0,124.240093001537,0
112,119,0.0085578555702639,0.0330918002768459,0,123.390320468873,1,59.5597519842211,0,-59.5597519842211,0
67,120,0.0041539653115043,0.0663119269930747,0,142.864102926939,1,-4.86316269822615,0,4.86316269822615,0
110,120,0.0278866728664636,0.0413589939072124,0,2431.34927021991,1,42.1941332380934,0,-42.1941332380934,0
111,120,0.009648069013613,0.0304360660435925,0,89.730711406305,1,27.3493704774495,0,-27.3493704774495,0
119,120,0.0040069304643248,0.0356999139832528,0,133.149733128954,1,-64.6803410173166,0,64.6803410173166,0
122,124,0.0003913681720994,0.0061928191644932,0,738.762592389963,1,278.851802450693,0,-278.851802450693,0
123,125,0.0130028241697114,0.107187360517861,0,16.3800426945563,1,-2.61834365760436,0,2.61834365760436,0
127,128,0.0045157624046274,0.0608041109245349,0,909.366049076582,1,-46.3146707817412,0,46.3146707817412,0
127,130,0.0019244109922083,0.0151400027034797,0,10607.4667326099,1,54.8814157590597,0,-54.8814157590597,0
122,131,0.138474238741483,0.77162331189656,0,15.3614858861138,1,-3.85311703247359,0,3.85311703247359,0
126,131,0.0167636922388249,0.0951473736388449,0,147.49092543185,1,14.4963764518764,0,-14.4963764518764,0
128,131,0.12242031872907,0.714930882767789,0,26.0877438314828,1,-4.15894631678579,0,4.15894631678579,0
129,131,0.0349665228674564,0.206773244801612,0,36.8397745342697,1,-6.48431310261698,0,6.48431310261698,0
122,132,0.0032906374539722,0.0428638542265009,0,446.159364265177,1,-143.659862653757,0,143.659862653757,0
126,132,0.0053798149193476,0.0972243176954155,0,200.369685710041,1,-18.5691026832126,0,18.5691026832126,0
122,133,0.0110080247055435,0.0264427367166227,0,625899.449809011,1,50.7613300615645,0,-50.7613300615645,0
129,134,0.0772544668770392,0.0420762466974452,0,33.6800634487045,1,6.48431310261697,0,-6.48431310261697,0
128,135,0.207752343942354,0.365894258334613,0,39.6575951307065,1,-1.35423028477899,0,1.35423028477899,0
133,136,0.004327853605673,0.0081590790279664,0,877.256159905793,1,-405.762583400865,0,405.762583400865,0
135,137,0.0330650121512135,0.219895579085846,0,40.738458335823,1,-1.35423028477898,0,1.35423028477898,0
133,140,0.0318937569027241,0.24543247520113,0,54.060866296571,1,4.81210344090455,0,-4.81210344090455,0
140,141,0.0008808313910401,0.0012970973771173,0,2627.16525556366,1,579.315801133453,0,-579.315801133453,0
133,142,0.0016445658797922,0.0252097287033795,0,8712.26582769336,1,-25.6848477373702,0,25.6848477373702,0
134,142,0.0054989179164592,0.0166735501570515,0,123.206955388768,1,123.206955388768,0,-123.206955388768,0
137,142,0.0003873896093842,0.0032907374894188,0,2849.48023816263,1,452.132857807791,0,-452.132857807791,0
138,142,0.000289994740242,0.0081891286549112,0,3093.54136072646,1,-544.338372387693,0,544.338372387693,0
134,143,0.0016664741685574,0.0239327505289903,0,1398.93190417126,1,10.3594158312462,0,-10.3594158312462,0
136,143,0.0013309994290861,0.011443300433397,0,162.078868650734,1,74.8711362287891,0,-74.8711362287891,0
127,147,0.0005510245211466,0.0046326664568243,0,1120.49396943747,1,289.401931996403,0,-289.401931996403,0
138,147,0.0003098350994171,0.0012962059810795,0,2077.32743662436,1,-767.924374911642,0,767.924374911642,0
141,147,0.0189674441516953,0.51509929437405,0,11.2179943206133,1,1.71284507143055,0,-1.71284507143055,0
139,148,0.0094699004994484,0.049865968302629,0,691.902974251856,1,-9.76450999564553,0,9.76450999564553,0
143,148,0.274659117030754,0.309938303621498,0,2.73324044154165,1,-2.73324044154166,0,2.73324044154166,0
122,149,0.0014082562672523,0.0203588982531123,0,687.192577314979,1,43.2704795496366,0,-43.2704795496366,0
134,149,0.251344344299603,0.336060764599976,0,138.91492713992,1,6.6668782373234,0,-6.6668782373234,0
144,149,0.0001083489507056,0.0019535200031495,0,1509.18959250395,1,-476.137544912048,0,476.137544912048,0
122,150,7.31433061097694e-05,0.0014097828946806,0,2480.55515755134,1,-499.34783495457,0,499.34783495457,0
146,150,0.0445778038772261,0.0528365770061621,0,8.01806390929991,1,-0.83644675263761,0,0.83644675263761,0
132,151,0.0151799394586601,0.0182643969429178,0,322.804855682543,1,119.287183340922,0,-119.287183340922,0
134,151,0.0023287867591843,0.0245302364251205,0,229.448198552159,1,-106.789432903735,0,106.789432903735,0
145,151,0.510922987864828,1.4338101268568,0,51.1496962619386,1,0.0,0,0.0,0
148,151,0.0543078843089572,0.161658168472924,0,250.313653711724,1,-12.4977504371872,0,12.4977504371872,0
142,152,0.0047349094328247,0.113980189460028,0,225.833095744715,1,5.31659307149654,0,-5.31659307149654,0
143,152,0.0006821374164607,0.0161898384626267,0,255.814180023726,1,149.004224272945,0,-149.004224272945,0
147,152,0.0006229557170261,0.0185087310907922,0,288.906727511279,1,-154.320817344442,0,154.320817344442,0
139,153,0.0002656401367018,0.0063644056399729,0,734.63526986701,1,344.820148670999,0,-344.820148670999,0
144,153,0.0006847960911252,0.0031562394673714,0,916.378048417546,1,-344.820148670998,0,344.820148670998,0
122,155,0.119241815142954,0.230576350139898,0,29.4103863119235,1,-1.83876131390774,0,1.83876131390774,0
150,157,0.0004066317585019,0.0016334337321231,0,2534.34957649251,1,-500.18428170721,0,500.18428170721,0
154,157,0.0281711123510068,0.164098771652903,0,93.7552690674949,1,-6.47879270739158,0,6.47879270739158,0
149,158,0.0030579138464466,0.0010429492145627,0,632.96767343112,1,-426.200187125089,0,426.200187125089,0
156,158,0.0123970593558662,0.183216065931856,0,59.2203549175513,1,4.92728630672716,0,-4.92728630672716,0
155,160,0.0207400568381644,0.0801723277775565,0,33.8728433810924,1,-1.83876131390774,0,1.83876131390774,0
159,160,0.0111799144212962,0.0124317632800607,0,996.776691235966,1,-247.176208152229,0,247.176208152229,0
156,161,0.0314617369444647,0.110286732391205,0,56.5426784818001,1,-4.92728630672717,0,4.92728630672717,0
163,164,0.0073045731536114,0.0361939253423804,0,616.6051174424,1,104.229027188136,0,-104.229027188136,0
159,165,0.357568763873535,0.359031684056253,0,23.337226757014,1,-1.14058156873932,0,1.14058156873932,0
162,165,0.0025094782974326,0.0142501763969775,0,549.58614687153,1,95.4177215849944,0,-95.4177215849944,0
163,165,0.0023467012703762,0.0144114207053199,0,504.670011703235,1,-94.2771400162552,0,94.2771400162552,0
159,166,0.000131310211582,0.0183479433373889,0,232.356756525355,1,-55.2418215266353,0,55.2418215266353,0
162,166,0.138258762969097,0.267259728701047,0,51.1496962619386,1,2.8274011870762,0,-2.8274011870762,0
162,167,0.0205433660632019,0.0112862623390625,0,479.215326687304,1,-11.2020774571201,0,11.2020774571201,0
166,167,0.0033160192819293,0.0160836282442139,0,237.276536488973,1,-54.8433503757392,0,54.8433503757392,0
161,169,0.014451709701257,0.286114926645416,0,26.8755492454349,1,-2.74693471470389,0,2.74693471470389,0
168,169,0.0661900994574692,0.263993796767838,0,24.1531784349312,1,2.74693471470389,0,-2.74693471470389,0
161,170,0.10765779865212,0.35071424471401,0,16.5117463472052,1,-2.18035159202328,0,2.18035159202328,0
168,170,0.129788909194908,0.342344964054726,0,14.1113064457387,1,2.18035159202328,0,-2.18035159202328,0
123,171,0.0076048000247345,0.047749041220595,0,1462.6195329068,1,7.95195407658524,0,-7.95195407658524,0
147,171,0.0060707751289225,0.0048723439660791,0,561.491280081031,1,-322.488780499367,0,322.488780499367,0
162,171,0.0001059998730104,0.0030589655303279,0,1427.00359579563,1,605.934843266203,0,-605.934843266203,0
163,171,0.0082552332793329,0.0029771438574666,0,799.12124989107,1,-290.497582206984,0,290.497582206984,0
122,172,0.000378217940252,0.0121439376978484,0,459.994937711075,1,275.815963892814,0,-275.815963892814,0
171,172,0.303946840067015,0.848189169993425,0,51.1496962619386,1,0.900434636437503,0,-0.900434636437503,0
121,174,0.0055670654572514,0.0022738230979861,0,1085.89611870543,1,135.512790359314,0,-135.512790359314,0
123,174,0.0187920045746601,0.046950605962194,0,269.050765662378,1,-5.33361041898091,0,5.33361041898091,0
166,174,0.0127200642264359,0.192582286808113,0,2.42893003617991,1,2.4289300361799,0,-2.4289300361799,0
168,174,0.0085799174819876,0.166292586303899,0,563.742723704259,1,26.9193568896122,0,-26.9193568896122,0
172,174,6.01997817994442e-05,0.0038949733626172,0,453.434387780347,1,-357.859528492696,0,357.859528492696,0
121,175,0.0006994393884546,0.0055816827924384,0,1379.04510344114,1,-129.166389711533,0,129.166389711533,0
173,176,0.0003359841635697,0.0031039009217873,0,867.962663026069,1,-337.873029314879,0,337.873029314879,0
137,177,0.0001072264150718,0.0033143082207759,0,3811.57702432537,1,-453.48708809257,0,453.48708809257,0
173,177,0.0153413519400849,0.700349425177389,0,51.1496962619386,1,0.0190460945217436,0,-0.0190460945217436,0
176,177,0.0004838316638598,0.00179742467385,0,3251.84581137657,1,590.880577049617,0,-590.880577049617,0
128,178,0.0016557274986695,0.034018605430931,0,1116.90841770648,1,-40.8014941801765,0,40.8014941801765,0
168,178,0.0033343378639695,0.0277696995034714,0,1028.44680035016,1,40.8014941801764,0,-40.8014941801764,0
121,179,0.0042109885331153,0.0533618768799037,0,88.4178130947447,1,-6.34640064778016,0,6.34640064778016,0
125,179,0.0425748431232103,0.235473619571844,0,16.9792696588939,1,-2.61834365760435,0,2.61834365760435,0
126,179,0.259267605608751,1.39005112020514,0,18.9319500440944,1,4.07272623133631,0,-4.07272623133631,0
127,179,0.0002400900366129,0.0050591761628048,0,1722.78588680171,1,-297.968676973721,0,297.968676973721,0
133,179,0.0003024769393671,0.0009549802316134,0,411.814655620153,1,-34.9932881725863,0,34.9932881725863,0
173,179,0.0040752875625132,0.0107095839484601,0,840.863771716294,1,337.853983220358,0,-337.853983220358,0
130,180,0.0129669285596176,0.0081282340714647,0,2919.13293655265,1,54.8814157590595,0,-54.8814157590595,0
172,180,0.0001306583461369,0.001172166290483,0,1384.81814552161,1,634.575927021946,0,-634.575927021946,0
182,184,0.0251339777825471,0.0920427411526492,0,1066.40269001927,1,-25.8871341174478,0,25.8871341174478,0
181,185,0.0006643747869351,0.0151916143846806,0,716.391531123213,1,-181.149467851603,0,181.149467851603,0
186,190,0.0009744414136407,0.085427173546141,0,28.5724229207194,1,-5.88356437523095,0,5.88356437523095,0
181,191,0.0054177185412002,0.0578986149085311,0,124.211271907094,1,-17.1825937749687,0,17.1825937749687,0
182,191,0.0011478038938596,0.0035381761777374,0,3584.4290498482,1,450.408074097847,0,-450.408074097847,0
188,191,0.0064409132960879,0.0237513914708546,0,428.415922062737,1,242.263526887537,0,-242.263526887537,0
187,194,0.00085590167568,0.0034331250223073,0,710.202585243944,1,403.96251797626,0,-403.96251797626,0
189,194,0.0225761388011863,1.44319865746071,0,51.1496962619386,1,0.0,0,0.0,0
190,194,0.0165492547152153,0.154752121743177,0,25.6044363328786,1,-5.88356437523094,0,5.88356437523094,0
192,194,0.0002875991553465,0.0036688055811199,0,682.675700672308,1,-398.078953601029,0,398.078953601029,0
192,195,0.0002765997410186,0.0002854566706549,0,1699.73035399652,1,773.92771015931,0,-773.92771015931,0
195,196,0.0032848096093952,0.0092189004924164,0,273.830967353571,1,22.1794162321063,0,-22.1794162321063,0
188,197,0.0118345936591761,0.0115184262327344,0,412.382939453623,1,-242.263526887537,0,242.263526887537,0
192,197,0.0014301714227053,0.0141989041391789,0,315.646775714594,1,-315.646775714594,0,315.646775714594,0
192,199,0.014912770465038,0.120967941950838,0,195.899626578624,1,-16.9361982451156,0,16.9361982451156,0
197,200,0.0004500451069391,0.005566725119902,0,1044.86461465435,1,-567.223035763577,0,567.223035763577,0
192,202,0.001296858204446,0.0135624623843105,0,397.436936038563,1,-360.849778434528,0,360.849778434528,0
199,202,0.0303097107943648,0.0727189754003768,0,475.300441087191,1,-39.1269883074741,0,39.1269883074741,0
198,204,0.0003655410457253,0.0045097930435131,0,1667.59244895127,1,413.093966794811,0,-413.093966794811,0
203,204,0.0005214652577622,0.0034345317421643,0,1666.17795442784,1,-452.776147887792,0,452.776147887792,0
197,205,0.0291675408497068,0.313936310860162,0,31.6092989218807,1,9.31273316144598,0,-9.31273316144598,0
204,206,0.0935487353834539,0.672233577743921,0,51.1496962619386,1,0.0983745495550151,0,-0.0983745495550151,0
199,207,0.0003983958126638,0.0456205126278936,0,5725.12679391502,1,-21.3369960926553,0,21.3369960926553,0
198,208,0.0387276374594953,0.0284899561730166,0,438.508550766893,1,-8.28405163692638,0,8.28405163692638,0
201,208,0.0065676340488937,0.0150334981886178,0,317.367747687303,1,68.7267882906636,0,-68.7267882906636,0
202,208,0.0028232887611374,0.0069816169599866,0,1111.91533780224,1,-9.69300705874341,0,9.69300705874341,0
207,208,0.0014952560972257,0.0382177930501065,0,2065.45133087632,1,-50.7497295949939,0,50.7497295949939,0
201,210,0.0010218787977669,0.0079206484349332,0,231.887237963887,1,168.090454582797,0,-168.090454582797,0
204,210,0.004619510526736,0.0452683274029676,0,45.2556381372625,1,-39.7805556425363,0,39.7805556425363,0
184,213,0.0050783061419566,0.0953390054914585,0,981.329873811863,1,-25.8871341174478,0,25.8871341174478,0
185,213,0.0011110534211581,0.117232738594461,0,9888.67761346837,1,-39.9828162276481,0,39.9828162276481,0
203,213,0.0076009280735234,0.0385538848884361,0,634.275622895637,1,-27.857571741862,0,27.857571741862,0
205,214,0.0863434624143184,0.29457623937057,0,33.9295191498689,1,9.31273316144598,0,-9.31273316144598,0
209,214,0.0244668704202767,0.067233874299343,0,1026.12061732614,1,-24.900487769128,0,24.900487769128,0
211,214,0.0593810297283823,0.0713870621438603,0,755.274917965789,1,15.587754607682,0,-15.587754607682,0
207,215,0.0174443422765086,0.0958282194529639,0,33.3170788434751,1,17.3108390668341,0,-17.3108390668341,0
209,215,0.0045744241872957,0.0517879377628076,0,119.604899658292,1,-81.5345812829322,0,81.5345812829322,0
210,215,0.0038380512223973,0.02572076064698,0,179.196882058829,1,128.30989894026,0,-128.30989894026,0
192,216,0.0010704176437791,0.008279666897448,0,462.055573566432,1,276.09590806689,0,-276.09590806689,0
211,217,0.0423881470455449,0.330239100488539,0,7124.76050119361,1,-15.587754607682,0,15.587754607682,0
213,218,0.0026837177301836,0.0039793744437335,0,1049.46882055896,1,-326.272767760046,0,326.272767760046,0
212,219,0.0241048205632014,0.0816031009392363,0,1066.93072942984,1,-39.1966475824942,0,39.1966475824942,0
217,219,0.006158518719758,0.0486251007332397,0,68.4611201417216,1,43.3292330835362,0,-43.3292330835362,0
212,221,0.0468360509007544,0.0334892045664561,0,187.434575240975,1,-42.0684101760941,0,42.0684101760941,0
220,221,0.0348367482026332,0.047275657375839,0,228.863619626782,1,-18.2239023244729,0,18.2239023244729,0
212,222,0.0097373970512212,0.0167413928058993,0,917.418268987733,1,81.2650577585884,0,-81.2650577585884,0
216,222,0.0174751711819206,0.0085572935714143,0,999.408879179841,1,-81.2650577585885,0,81.2650577585885,0
219,223,0.0515092773302315,0.421739401714991,0,28.0955421109221,1,4.13258550104196,0,-4.13258550104196,0
220,223,0.0510113105100059,0.219814743179341,0,31.9385658108989,1,-4.13258550104196,0,4.13258550104196,0
192,224,0.0031488388100547,0.0527618163500832,0,1906.45205945174,1,53.1301495160839,0,-53.1301495160839,0
193,224,2.36815432813539e-05,0.0107099390672707,0,1004.3430258882,1,-180.611434420666,0,180.611434420666,0
220,225,0.0018447880156388,0.0112359369116252,0,702.821433598676,1,164.533119520146,0,-164.533119520146,0
206,226,0.278761591591822,0.307149184275955,0,51.1496962619386,1,0.0983745495550151,0,-0.0983745495550151,0
217,226,0.0917474615050122,0.154619068669363,0,194.751463789375,1,14.9335776405079,0,-14.9335776405079,0
218,226,0.0031496130971265,0.0213067799339531,0,207.736700902364,1,42.8807833370366,0,-42.8807833370366,0
220,226,0.0062981740317395,0.0395904150065815,0,331.369004524236,1,-61.8621909778049,0,61.8621909778049,0
224,227,0.0020729970653994,0.0056124228652092,0,1214.94076925485,1,-187.899145553033,0,187.899145553033,0
217,228,0.252241775936812,0.804608560243791,0,13.6178004977236,1,2.51411051704543,0,-2.51411051704543,0
221,228,0.0027815588679343,0.0310776581165435,0,262.838902133869,1,-60.292312500567,0,60.292312500567,0
224,229,0.0024306791933728,0.107893271564805,0,997.442459856277,1,17.990178126506,0,-17.990178126506,0
207,230,0.0242241107166111,0.391462753064315,0,15.6586146015482,1,12.1018944355045,0,-12.1018944355045,0
209,230,0.0080723556492996,0.0343056800263504,0,260.437044931139,1,-33.3453175134156,0,33.3453175134156,0
227,230,0.0023614046368357,0.0250529529582979,0,452.683775742166,1,-1.33216086237629,0,1.33216086237629,0
225,231,0.0336091730679024,0.136261136125284,0,2.59171965140943,1,2.59171965140944,0,-2.59171965140944,0
183,233,0.0394312612721285,0.719733947331201,0,51.1496962619386,1,0.0,0,0.0,0
226,233,0.0314208599452563,0.20837567924399,0,282.365529802041,1,13.5531074991292,0,-13.5531074991292,0
228,233,0.0047969946943759,0.0163668343387043,0,748.837834491328,1,190.035466840763,0,-190.035466840763,0
231,233,0.0010246406907929,0.0068152865553574,0,1281.00793086065,1,-268.051274617984,0,268.051274617984,0
196,234,0.0038595405563905,0.0088784982521616,0,257.478408773436,1,22.1794162321066,0,-22.1794162321066,0
224,234,0.335562060821277,0.283405836167074,0,55.3990553205113,1,-7.69543300156431,0,7.69543300156431,0
225,235,0.0015464436221631,0.0085397911674415,0,306.070121567415,1,231.605339717087,0,-231.605339717087,0
231,235,0.0010618289569483,0.0055481115496142,0,1808.01572590147,1,292.840285509757,0,-292.840285509757,0
182,237,0.0866580304111775,0.329661840566286,0,6.32295595564782,1,-6.32295595564782,0,6.32295595564782,0
185,237,0.0061720166258828,0.0136077176345028,0,189.953003662536,1,-141.166651623954,0,141.166651623954,0
230,237,0.0798156936245823,1.03763340237805,0,51.1496962619386,1,-1.28234833318778,0,1.28234833318778,0
186,238,0.0048235672596646,0.0964485007116412,0,27.4634104558183,1,5.88356437523094,0,-5.88356437523094,0
230,238,0.003986156609921,0.0561306025835988,0,6436.30929916184,1,-21.2932356070996,0,21.2932356070996,0
231,238,0.0008558317518542,0.0614728025920821,0,107.772886763394,1,-22.1972912403635,0,22.1972912403635,0
232,238,0.0025606157609231,0.0842998664814381,0,1295.74440281065,1,-21.9361843011719,0,21.9361843011719,0
182,240,0.0002937305727519,0.0165931692447509,0,741.987536044188,1,-340.78617624329,0,340.78617624329,0
233,240,0.0013247291296477,0.0158619279599084,0,546.640323642841,1,-204.475406872455,0,204.475406872455,0
236,240,0.0078683972017896,0.0634611866434367,0,2395.31090510154,1,-30.3049396371476,0,30.3049396371476,0
239,240,8.69560136907544e-05,0.0015854212854647,0,2017.37224321838,1,575.566522752893,0,-575.566522752893,0
241,245,0.0014303682723609,0.0310232392169742,0,697.438337535552,1,-126.713090333271,0,126.713090333271,0
243,246,0.0034874852260533,0.555803020163363,0,51.1496962619386,1,0.0,0,0.0,0
243,248,0.0118969641780734,0.0454189688625863,0,103.788736645239,1,-24.5824038008406,0,24.5824038008406,0
241,251,0.0272642884843613,0.142099137973392,0,14.2423407944342,1,7.63656842862077,0,-7.63656842862077,0
247,252,0.0055572941019897,0.0014890628774691,0,1130.14290927395,1,191.361139646565,0,-191.361139646565,0
249,252,0.0068208420052431,0.0142736812724216,0,1869.45193670179,1,-185.751690036381,0,185.751690036381,0
251,252,0.0017992571235111,0.0270599210298522,0,495.074917889304,1,-77.8357731193289,0,77.8357731193289,0
249,253,0.0094268464138759,0.0245720931998881,0,414.933816469706,1,78.185627160202,0,-78.185627160202,0
250,253,0.0029360617205284,0.0106678185014323,0,572.717574589855,1,-160.621105583195,0,160.621105583195,0
251,253,0.0008540082503958,0.0299181263958154,0,405.106989043211,1,82.4354784229929,0,-82.4354784229929,0
251,254,0.123818789875974,0.170682888106991,0,50.8892104432921,1,3.03686312495669,0,-3.03686312495669,0
247,255,0.00170339363264,0.0059119572046441,0,469.226147888189,1,213.633717121277,0,-213.633717121277,0
249,255,0.0055916185624486,0.0120364087276128,0,493.755476845907,1,-139.021184259225,0,139.021184259225,0
254,255,0.0055794985965562,0.0220676842863891,0,756.750274042713,1,-74.6125328620527,0,74.6125328620527,0
245,256,0.0358996701633157,0.497661838877042,0,56.2880859949075,1,8.7807612071129,0,-8.7807612071129,0
252,256,0.0022728433286744,0.0558673588438701,0,1213.0239190096,1,26.1311679856827,0,-26.1311679856827,0
249,257,0.0001928569583835,0.0228116689138992,0,888.632945407535,1,105.266457510485,0,-105.266457510485,0
250,258,0.0076790665226414,0.0069109236223815,0,254.746002003066,1,-214.140668395069,0,214.140668395069,0
254,258,0.0070478032288531,0.0121001769678834,0,596.785083724084,1,180.29004847884,0,-180.29004847884,0
249,259,0.0026169816632341,0.0136470454390594,0,967.058571800449,1,161.801972756716,0,-161.801972756716,0
257,260,0.126026743801311,1.20773792966397,0,8.86921410357655,1,1.4092707978427,0,-1.4092707978427,0
254,261,0.0171444454563466,0.0473622374942632,0,714.741683304425,1,30.6961962801265,0,-30.6961962801265,0
259,262,0.0043028695541985,0.0135451747344771,0,824.630606514559,1,165.277171153442,0,-165.277171153442,0
262,263,0.0080560912652131,0.166668954786891,0,179.189328609834,1,-18.0493107522953,0,18.0493107522953,0
256,264,0.0010536423344991,0.0570629735226152,0,1709.1070074159,1,34.9119291927955,0,-34.9119291927955,0
258,264,0.04138130832782,0.0400008658138439,0,1058.93418204197,1,-33.8506199162293,0,33.8506199162293,0
261,264,0.101862643576255,0.590170240722487,0,6.77322850796887,1,-1.0613092765663,0,1.0613092765663,0
257,265,0.0329768748459784,0.186289979055014,0,261.273711866434,1,11.6993158803365,0,-11.6993158803365,0
260,265,0.0521734975209258,0.338781953982376,0,9.32565657331644,1,1.40927079784269,0,-1.40927079784269,0
263,265,0.19158939557607,0.581968218909399,0,26.5480248083211,1,5.39926666981506,0,-5.39926666981506,0
262,266,0.013277557691598,0.16035300130749,0,68.5412809564285,1,-10.6482437910859,0,10.6482437910859,0
263,268,0.00274087286665,0.0098786498304041,0,625.906395383298,1,145.417723135915,0,-145.417723135915,0
267,268,0.0002922942545196,0.003900231265915,0,445.823465708563,1,351.178787211849,0,-351.178787211849,0
261,269,0.0014026572044374,0.0503452138056882,0,930.238476662414,1,31.7575055566928,0,-31.7575055566928,0
262,269,0.0063305022150002,0.0451758938944892,0,1850.28325847265,1,-31.453457711513,0,31.453457711513,0
267,269,0.0517861569975994,0.42212342332773,0,19.7646974705057,1,3.60195460689631,0,-3.60195460689631,0
263,270,0.0064895079854756,0.0158562731780463,0,802.111064939379,1,-171.168007265082,0,171.168007265082,0
262,271,0.112219683984558,0.0183160558562161,0,138.560335916594,1,-10.9386754289499,0,10.9386754289499,0
269,271,0.0205526134852654,0.111584321700421,0,141.131379637252,1,10.93867542895,0,-10.93867542895,0
263,272,0.130819920013962,0.856400057972702,0,6.39246526301965,1,2.30170670705607,0,-2.30170670705607,0
266,272,0.231086573731925,0.547781738564484,0,2.5800452507732,1,1.22384483272742,0,-1.22384483272742,0
266,273,0.003541336226003,0.226757301578858,0,90.1934974669081,1,-11.8720886238134,0,11.8720886238134,0
270,273,0.0301984377193104,0.111419805829033,0,102.051394275661,1,11.8720886238134,0,-11.8720886238134,0
259,274,0.0642660415522157,0.399524166071847,0,5.88212222872922,1,-3.47519839672561,0,3.47519839672561,0
269,274,0.0587550050776327,0.313706586861659,0,17.4371541027354,1,-7.032672976874,0,7.032672976874,0
270,274,0.0188922656017298,0.517226893977507,0,15.4800310369014,1,4.05085768037702,0,-4.05085768037702,0
270,275,0.0002220735500319,0.0105659133644348,0,300.294584013107,1,-49.4039045157907,0,49.4039045157907,0
272,276,0.0792600679059995,0.340239331862128,0,14.4583288859262,1,3.52555153978347,0,-3.52555153978347,0
275,278,0.0236632044523989,0.0381913301572878,0,169.693918651765,1,-68.1585819755131,0,68.1585819755131,0
274,280,0.0090791817288775,0.0156440703183664,0,1843.38934707311,1,229.788138346447,0,-229.788138346447,0
279,280,0.0008938391262791,0.0238368337876627,0,1187.02559807475,1,77.5829183254381,0,-77.5829183254381,0
267,281,0.0071443910354428,0.0050982018088426,0,640.872280816346,1,-133.489991554146,0,133.489991554146,0
276,281,0.0069589600784428,0.0207860683280076,0,935.525480168172,1,-182.065200315942,0,182.065200315942,0
277,281,0.000675112295798,0.003407056518482,0,892.15878081254,1,357.242820607119,0,-357.242820607119,0
279,281,0.0071829226253796,0.0351043636773216,0,185.097716898898,1,-49.5756929645151,0,49.5756929645151,0
279,283,0.010828906424271,0.034035536943881,0,63.3751948269364,1,-25.9713665974546,0,25.9713665974546,0
275,284,9.12734676210695e-05,0.0396587003112702,0,2045.92612245107,1,18.7546774597227,0,-18.7546774597227,0
277,284,0.0391521982629946,0.0197431085564432,0,566.340474042085,1,-33.5025665267139,0,33.5025665267139,0
278,284,0.0230510466273811,0.22693776884856,0,57.1385876703725,1,14.7478890669913,0,-14.7478890669913,0
243,286,0.0037989967550372,0.0263334010443812,0,172.634161410209,1,-4.16412907331205,0,4.16412907331205,0
274,286,0.0021865832787728,0.014805548729981,0,442.344859668421,1,-107.603666936979,0,107.603666936979,0
278,286,0.0001079288458086,0.040336423809005,0,123.346150202603,1,89.9223367207516,0,-89.9223367207516,0
285,287,0.0004162441087989,0.0095893633924499,0,347.406116270075,1,-223.692785607246,0,223.692785607246,0
279,288,0.423222134609948,0.0668334326261254,0,52.1643057030143,1,-2.03585876346863,0,2.03585876346863,0
285,289,0.0555495246953166,0.147459845529325,0,157.913069355125,1,19.6749148680949,0,-19.6749148680949,0
288,289,0.0001008550708306,0.167356377645025,0,2.7626227103294,1,2.76262271032941,0,-2.76262271032941,0
281,290,0.110674737109541,0.1877734119683,0,57.6027838014341,1,4.79848147379798,0,-4.79848147379798,0
288,290,0.027441131251628,0.146553131676188,0,52.6147987013287,1,-4.79848147379798,0,4.79848147379798,0
243,291,0.0001548817154424,0.0325032509395564,0,58.4239418180402,1,28.7465328741527,0,-28.7465328741527,0
281,291,0.0021919088347071,0.0436909624750498,0,94.4475776035173,1,-12.6865457012809,0,12.6865457012809,0
283,291,0.000577632111554,0.0543160150987877,0,55.5672266845794,1,-25.9713665974546,0,25.9713665974546,0
282,292,0.004351617129923,0.0076885203798354,0,1868.87121121873,1,401.675062479336,0,-401.675062479336,0
287,292,0.0030502941459169,0.0081311992757864,0,697.462682664864,1,-295.491461675056,0,295.491461675056,0
286,293,0.848732492800258,0.0087858287065779,0,867.003521178187,1,-21.8454592895391,0,21.8454592895391,0
287,293,0.0005589589498529,0.0201390798385427,0,59.0642553047089,1,59.0642553047089,0,-59.0642553047089,0
244,294,0.0072369199209881,0.569270327437397,0,23.4300885502299,1,0.0785110476455075,0,-0.0785110476455075,0
274,294,0.0130718174353117,0.12620587439519,0,949.065537986886,1,-12.8129318107472,0,12.8129318107472,0
287,294,0.0328293467577686,0.106600395368762,0,230.555664098793,1,12.7344207631017,0,-12.7344207631017,0
248,295,0.0031627467303903,0.0392812547256408,0,93.9497447477743,1,39.0596246870925,0,-39.0596246870925,0
292,295,0.0370351042259907,0.580884058515191,0,18.2490427383703,1,7.42246138003177,0,-7.42246138003177,0
241,297,0.002198517484128,0.152434120108573,0,24.9527923851119,1,14.3344294816639,0,-14.3344294816639,0
289,297,0.0021640629116554,0.0285304211833427,0,711.933294058035,1,-81.9015981131078,0,81.9015981131078,0
296,297,0.0015593774618827,0.0254932446723475,0,429.224297341971,1,67.5671686314439,0,-67.5671686314439,0
295,298,0.0155826986155192,0.1392456377644,0,257.873067772739,1,-18.2743672692721,0,18.2743672692721,0
296,298,0.355022957999223,0.219243867440928,0,53.718286468173,1,-7.40214208896986,0,7.40214208896986,0
296,299,0.0018965715976981,0.0096589804140056,0,225.611437957727,1,-179.194013960711,0,179.194013960711,0
298,299,0.0030149946031949,0.0096454733264693,0,431.566740801492,1,-11.1925261276993,0,11.1925261276993,0
242,300,0.0019043187705411,0.017260527996504,0,285.446119168084,1,-135.028768161164,0,135.028768161164,0
244,300,0.033354190082036,0.199174731680094,0,25.0808160414796,1,-0.0785110476455131,0,0.0785110476455131,0
249,300,0.0009733551704937,0.041877734841631,0,3754.46342307544,1,-20.4811831317971,0,20.4811831317971,0
293,300,0.0124073729198423,0.0927892437892475,0,1158.69233640044,1,1.16029729209146,0,-1.16029729209146,0
295,300,0.0321407622367487,0.0979058397311918,0,17.7191070080035,1,-6.24811218229554,0,6.24811218229554,0
296,300,0.0392270643028013,0.695998484201827,0,2.55969783690886,1,0.445439183148291,0,-0.445439183148291,0
299,300,0.0029118162914085,0.0127369768035651,0,1246.72455349433,1,160.230838047662,0,-160.230838047662,0
18,111,7.32209820647366e-05,0.0006605093874339,0,2173.81547418758,1,1225.2787805419,0,-1225.2787805419,0
18,93,3.00016135948868e-06,0.0005267734402545,0,3196.89782714829,1,1324.88568666973,0,-1324.88568666973,0
43,69,6.3128024210203e-07,0.0015966626479631,0,660.038794127236,1,370.635855072487,0,-370.635855072487,0
60,107,0.0006171958217008,0.0063809850053851,0,293.082573733577,1,228.420805001733,0,-228.420805001733,0
118,157,0.0015868994973743,0.0030868416005535,0,674.571955323967,1,327.48993806219,0,-327.48993806219,0
62,167,0.0012977660675785,0.0023085861548251,0,1327.08286051084,1,311.193093005753,0,-311.193093005753,0
62,146,0.610871289155217,0.654136770589762,0,8.2440221520947,1,-0.836446752637615,0,0.836446752637615,0
111,176,4.19523543684166e-05,0.00068183039556,0,3529.88699097499,1,923.757575168523,0,-923.757575168523,0
162,191,2.18874540660975e-05,0.0025644075625397,0,890.223820028386,1,-675.489007210414,0,675.489007210414,0
136,203,0.0003584602805633,0.0091587651370067,0,2436.64889877477,1,-480.633719629654,0,480.633719629654,0
176,213,0.0209378277626744,0.81790122845311,0,51.1496962619386,1,-4.99603119597617,0,4.99603119597617,0
174,181,0.004234416304872,0.0098864505182198,0,613.291863109743,1,-198.332061626571,0,198.332061626571,0
187,292,0.0014977888685417,0.0423359401144779,0,434.039089114778,1,50.0108164885426,0,-50.0108164885426,0
201,245,0.0009888295741665,0.0314483111367252,0,849.287154675175,1,135.493851540384,0,-135.493851540384,0
237,292,0.0023108407361425,0.0074931117199421,0,198.173933940852,1,-148.77195591279,0,148.77195591279,0
234,298,0.0216019417361999,0.0286231907763357,0,192.034039656325,1,14.4839832305424,0,-14.4839832305424,0
299,51,0.0003971075495717,0.0013889199529941,0,1208.79436583007,1,-350.617378136074,0,350.617378136074,0
277,1,0.000470729272535,0.002971719585944,0,1191.38751434338,1,-323.740254080403,0,323.740254080403,0
247,7,4.43571361103897e-05,0.0030834478507077,0,1643.30626990065,1,-404.994856767841,0,404.994856767841,0
248,3,0.0039367816591258,0.0019018791442818,0,423.32767868291,1,-200.702025359571,0,200.702025359571,0
