from_bus,to_bus,resistance,reactance,susceptance,line_rating,line_status,P_from,Q_from,P_to,Q_to
2,6,0.0145046996677193,0.0373681158814928,0,180.99922585238,1,-41.4835011215391,0,41.4835011215391,0
7,9,1.66278336935771e-05,0.0001492220831829,0,4953.52625247255,1,-1609.53660861152,0,1609.53660861152,0
4,10,0.0006347034073143,0.0114387678078036,0,798.730653152382,1,278.617026845734,0,-278.617026845734,0
5,11,8.2743861846242e-05,0.0061250586838928,0,116.823678143663,1,-85.1923471344085,0,85.1923471344085,0
5,12,0.0006301393596634,0.0043258643993915,0,1389.08437977738,1,-538.277419154163,0,538.277419154163,0
12,13,0.0045699359908647,0.0152344145685752,0,463.213573918246,1,-165.199443776591,0,165.199443776591,0
5,14,0.0014594831091293,0.0010389669557851,0,3530.40748767198,1,836.095062904779,0,-836.095062904779,0
13,15,0.0088373411993702,0.0142475184047522,0,344.95503494575,1,241.5577206172,0,-241.5577206172,0
8,17,0.0010342134586283,0.0023286274643054,0,1172.50940741401,1,-671.117416029702,0,671.117416029702,0
16,17,3.18580306698541e-05,0.0023050574714113,0,1187.64125282107,1,671.117416029702,0,-671.117416029702,0
14,18,0.0034156008695854,0.075478769471354,0,60.7852513316831,1,-12.4139635457834,0,12.4139635457834,0
11,19,0.0805766598222223,0.171715652120473,0,32.467191708797,1,-5.38066052959333,0,5.38066052959333,0
12,19,0.0376159382935249,0.135522884392411,0,53.9262161852028,1,6.51375869970765,0,-6.51375869970765,0
15,19,0.0102604198047605,0.0371705569766504,0,6.08909807376389,1,-1.13309817011433,0,1.13309817011433,0
14,21,0.0014387440267754,0.0035901212964713,0,2113.24724432844,1,435.430206650552,0,-435.430206650552,0
20,23,0.0021365794182343,0.011452198814318,0,276.814683040215,1,-276.814683040215,0,276.814683040215,0
10,24,0.0002066709582307,0.010892602598211,0,535.034240564426,1,154.369370122395,0,-154.369370122395,0
15,24,0.0043322189201268,0.0090290661440671,0,321.563541349305,1,242.690818787314,0,-242.690818787314,0
16,24,0.0006138261598948,0.0022703415920354,0,1143.80634755059,1,-671.117416029701,0,671.117416029701,0
25,26,0.002657476230497,0.0122973062286756,0,1060.8580729118,1,197.033263274637,0,-197.033263274637,0
2,27,0.0321640996156553,0.025867445894743,0,333.964548541237,1,52.6015801150696,0,-52.6015801150696,0
20,27,0.0032500635975992,0.0037766247053971,0,3739.08894507284,1,478.45316499873,0,-478.45316499873,0
22,27,0.0085001555043995,0.223500299874585,0,41.4028055395414,1,6.17428426301901,0,-6.17428426301901,0
22,28,0.0003028531381745,0.015889854175245,0,457.767792038163,1,-94.2280929221493,0,94.2280929221493,0
26,28,0.0095068769928977,0.0095667784799078,0,1133.59317088449,1,206.774762568442,0,-206.774762568442,0
22,29,0.0037239849989383,0.0120109203792058,0,1317.85989692281,1,-345.26895975528,0,345.26895975528,0
25,29,0.0003293108655824,0.0049334304117548,0,1357.76035020617,1,355.010459049084,0,-355.010459049084,0
26,29,0.008828721012159,0.0689379489034914,0,141.363420137529,1,-9.74149929380444,0,9.74149929380444,0
23,31,0.0038661069678074,0.0208890126167155,0,1083.69626189761,1,65.7772433851404,0,-65.7772433851404,0
11,32,0.0001448784501796,0.0065487261231352,0,79.8116866048153,1,-79.8116866048153,0,79.8116866048153,0
20,32,0.0265327059141034,0.023011537231741,0,190.44346336668,1,-31.2789244751068,0,31.2789244751068,0
31,32,0.0110572359774872,0.0224035465254449,0,6561.09240089414,1,48.0432409031223,0,-48.0432409031223,0
23,33,0.0024311316701026,0.0053664443858603,0,688.064760570125,1,-342.591926425356,0,342.591926425356,0
32,36,0.0001123673126635,0.0081222849125957,0,455.986260121142,1,-60.236367351829,0,60.236367351829,0
31,37,0.0114453322830319,0.0455745158301257,0,187.932714567844,1,17.7340024820182,0,-17.7340024820182,0
35,39,0.0003735165879925,0.0052439229652919,0,1528.08514356999,1,283.526708154539,0,-283.526708154539,0
38,39,0.046147295670333,0.0269174617403613,0,921.353295969755,1,88.4071493774138,0,-88.4071493774138,0
32,40,0.0122583408114574,0.0385503524807103,0,94.5526389401926,1,-4.87661799599704,0,4.87661799599704,0
36,40,0.0139322403328173,0.0617767467780259,0,82.0835955148835,1,4.87661799599704,0,-4.87661799599704,0
34,42,2.53077833044318e-05,0.0001491673631697,0,11094.6622114996,1,1839.07181173789,0,-1839.07181173789,0
35,42,0.0014541612185515,0.0050754730955892,0,1424.612326635,1,-283.526708154539,0,283.526708154539,0
36,42,0.0026064328185707,0.0010740620186914,0,919.413388548442,1,-532.541962652796,0,532.541962652796,0
38,42,2.51528300715264e-05,0.0004858913375091,0,7552.23006833011,1,-1123.97215629168,0,1123.97215629168,0
20,43,0.0013770625236179,0.0039308465827069,0,407.096421523339,1,-170.359557483408,0,170.359557483408,0
30,43,0.0001525927334092,0.000261825880705,0,4962.31523643109,1,2206.52811585489,0,-2206.52811585489,0
33,43,0.0004147059477145,0.0362872116508495,0,521.73463634669,1,119.5732552418,0,-119.5732552418,0
38,43,0.0014219926874287,0.0129949145305124,0,1129.81538236083,1,43.4962883571028,0,-43.4962883571028,0
39,43,0.0001418345093025,0.0038048937301047,0,2022.66826581832,1,-476.876790799599,0,476.876790799599,0
38,44,0.0005063359155033,0.0019212497571808,0,3283.16809434968,1,722.305110048881,0,-722.305110048881,0
36,45,6.88635220796431e-05,0.0051903264229279,0,671.771798214327,1,467.42897730497,0,-467.42897730497,0
37,45,0.0004370550119538,0.0081659732908175,0,655.742280868672,1,270.019550817575,0,-270.019550817575,0
28,46,0.0025247064024258,0.0084076295613347,0,1316.68593196854,1,257.40538206869,0,-257.40538206869,0
41,46,0.0123023317414875,0.0746286201361523,0,528.237533511792,1,9.78446541655522,0,-9.78446541655522,0
45,46,0.0016847373699552,0.0310376384922978,0,85.8036161221467,1,-3.9691742695793,0,3.9691742695793,0
28,47,0.0089946714916974,0.253891753615661,0,31.4854310789593,1,2.77590067068646,0,-2.77590067068646,0
37,47,0.0154883162480038,0.0429677435375004,0,268.277180746814,1,14.4850015909174,0,-14.4850015909174,0
44,47,0.0063896526432602,0.0372746094984314,0,180.609020224677,1,-13.9062326311014,0,13.9062326311014,0
45,47,0.0584331796992093,0.471755725835506,0,33.1397576763546,1,-3.35466963050251,0,3.35466963050251,0
38,48,0.0366558942660445,0.0071131269963697,0,284.78120725679,1,63.8088497207272,0,-63.8088497207272,0
45,48,0.023055877680018,0.0294021957463071,0,292.143566313575,1,-67.9569409894994,0,67.9569409894994,0
39,49,0.001246831418678,0.0003548356700649,0,4640.52225774075,1,848.810648331556,0,-848.810648331556,0
44,49,5.76422996243382e-05,0.0130268231458772,0,134.84246993496,1,99.268703069578,0,-99.268703069578,0
41,50,0.001959939861288,0.0272493864638828,0,1007.96444215588,1,16.5158200468443,0,-16.5158200468443,0
49,50,0.0080610013363002,0.0382826651739013,0,667.177520957492,1,-16.5158200468443,0,16.5158200468443,0
1,51,0.0014107196712165,0.0392516659876828,0,176.135161922076,1,-10.0032963806897,0,10.0032963806897,0
5,51,0.0011039356117605,0.0016823291059302,0,4373.97234572381,1,-816.385104765881,0,816.385104765881,0
44,52,0.182869097417546,1.19252876765502,0,31.4854310789593,1,0.0,0,0.0,0
44,53,0.0002159754388665,0.0041337861338278,0,1830.127223825,1,638.337080140294,0,-638.337080140294,0
45,53,0.0002882587005539,0.0019373163116256,0,1228.26487588953,1,812.729313012126,0,-812.729313012126,0
46,53,0.0018306944792533,0.0064497500533927,0,340.450742105133,1,263.220673215666,0,-263.220673215666,0
32,54,0.0176463132302439,0.173190449821349,0,31.4854310789593,1,2.06561517102619,0,-2.06561517102619,0
41,54,0.0105811270534822,0.027593322722652,0,1599.79285576389,1,-26.3002854633995,0,26.3002854633995,0
54,55,0.0010996848700859,0.0380619586601925,0,1162.5001959269,1,-24.8357257621217,0,24.8357257621217,0
2,56,0.0012175786253956,0.129486035746193,0,270.761680008213,1,-11.1180789935305,0,11.1180789935305,0
4,56,0.0025430432367626,0.0072708597306088,0,1518.34601766631,1,379.985155521802,0,-379.985155521802,0
48,56,0.0084185127461473,0.0511944077688183,0,100.282209243458,1,-4.14809126877218,0,4.14809126877218,0
55,56,0.0144980616938238,0.0561091840164119,0,1325.61573039191,1,5.59554071186691,0,-5.59554071186691,0
3,57,0.006540438964797,0.0091629170622032,0,331.340438710473,1,-59.0719123083201,0,59.0719123083201,0
6,57,0.0011894728228016,0.0074414440354629,0,260.347062452531,1,-85.6337655860349,0,85.6337655860349,0
7,57,1.02223832528655e-05,0.0001205715003417,0,3820.0010891562,1,1609.53660861152,0,-1609.53660861152,0
51,57,0.0005179272516592,0.0006154393703466,0,1639.45444999556,1,-1125.04677631032,0,1125.04677631032,0
55,57,8.53606508078011e-05,0.0058317939773635,0,829.59900272439,1,-74.3856788252834,0,74.3856788252834,0
56,57,0.0012817347164739,0.0028175111993777,0,681.505586702153,1,-265.398475581566,0,265.398475581566,0
1,58,0.0016546632129498,0.0103361704648537,0,420.572396535611,1,20.200078847492,0,-20.200078847492,0
6,58,0.0024705145617561,0.019393864013196,0,259.184379548897,1,33.8558995620256,0,-33.8558995620256,0
24,58,2.78353662143741e-05,0.0056908862476994,0,539.745397940127,1,-274.057227119993,0,274.057227119993,0
38,58,0.0007179283022579,0.0035574034320101,0,639.621424359698,1,221.395689240364,0,-221.395689240364,0
44,58,0.101995918989575,0.430376713594073,0,7.90674060265018,1,-1.39444052988893,0,1.39444052988893,0
3,59,0.0032914528777553,0.004284334896783,0,2301.43359400742,1,211.887338313017,0,-211.887338313017,0
54,59,0.0143972213175165,0.116410270599441,0,33.0979338550355,1,0.601055469748299,0,-0.601055469748299,0
56,59,0.178577548646779,0.537664609274536,0,31.4854310789593,1,1.30435249328614,0,-1.30435249328614,0
3,60,0.0017578491182836,0.0113419861571907,0,131.365208470991,1,35.7203933640692,0,-35.7203933640692,0
5,60,0.0002586750653035,0.0124422094266268,0,1318.22062852433,1,-89.9691706178342,0,89.9691706178342,0
6,60,0.0015726685482607,0.030033165622771,0,132.776582629865,1,10.2943649024701,0,-10.2943649024701,0
55,60,0.0012232479812441,0.0116622941601237,0,127.923972079801,1,43.9544123512948,0,-43.9544123512948,0
62,65,0.0025191616357183,0.0231214515106782,0,738.28362646776,1,-32.8499507219516,0,32.8499507219516,0
64,65,0.0019790611286575,0.0050621093845364,0,611.27821700187,1,-421.000393069214,0,421.000393069214,0
62,67,0.0033872849670316,0.0022257028328604,0,4970.07482686843,1,1109.98341673233,0,-1109.98341673233,0
66,68,0.0249459919905336,0.0452060444733791,0,1193.58444106102,1,4.08680787568767,0,-4.08680787568767,0
62,70,8.11563835783442e-05,0.0011619473683616,0,1212.18375746528,1,637.153600357708,0,-637.153600357708,0
67,71,0.0143061433849043,0.0081919632197854,0,242.079507301781,1,134.556265057836,0,-134.556265057836,0
64,73,0.0005873524516593,0.0042345882069065,0,866.975424474555,1,434.699932759154,0,-434.699932759154,0
66,73,0.0007587544465143,0.0069985212453903,0,2053.61774476623,1,658.920652806779,0,-658.920652806779,0
67,73,1.07098640438326e-06,0.0007605831664472,0,1651.48483700606,1,975.427151674492,0,-975.427151674492,0
70,73,0.0018269420023313,0.0219624056816239,0,1089.71565038299,1,112.558150202962,0,-112.558150202962,0
70,74,0.0006762892305011,0.0028068079552651,0,1463.67822529291,1,366.181508998734,0,-366.181508998734,0
72,74,0.0005593288150895,0.0140768962742624,0,351.722675443355,1,-152.391870279185,0,152.391870279185,0
66,75,0.0218722300376241,0.187525077029934,0,701.084769299481,1,12.9303663767999,0,-12.9303663767999,0
72,77,0.0005090234197164,0.0066348806337919,0,2292.40233438939,1,-32.4209641694191,0,32.4209641694191,0
73,77,0.000221362700701,0.0002227023411784,0,4136.42042450338,1,2181.6058874434,0,-2181.6058874434,0
72,78,0.003808026742714,0.0140826361543002,0,2871.43115872961,1,-49.2313528950534,0,49.2313528950534,0
61,79,0.000563848894557,0.0147090220176838,0,554.508611991027,1,170.015999023461,0,-170.015999023461,0
78,79,0.0202129202831799,0.0235792800217084,0,297.171451469407,1,66.7541480820059,0,-66.7541480820059,0
74,80,0.0341539121719742,0.0281443341421507,0,5982.05771555846,1,30.3486794950081,0,-30.3486794950081,0
75,80,0.0001125792122996,0.0022675393505371,0,1222.45703017969,1,704.110836250924,0,-704.110836250924,0
79,81,0.0005732890637601,0.0038236048573916,0,2501.60873933716,1,443.80083749302,0,-443.80083749302,0
76,82,0.0002027093691312,0.006691984970035,0,1662.73787601293,1,671.688917603584,0,-671.688917603584,0
76,83,0.0521171704708682,0.950722753914801,0,31.4854310789593,1,1.3877787807814502e-15,0,-1.3877787807814502e-15,0
83,84,0.0611176441785805,0.962533174668917,0,31.4854310789593,1,-6.93889390390723e-16,0,6.93889390390723e-16,0
75,85,0.0008002038169604,0.0032788795357844,0,6508.23132377529,1,-533.874199726059,0,533.874199726059,0
76,85,0.0012052081520133,0.0035549423338921,0,1414.11277037336,1,303.638961034209,0,-303.638961034209,0
82,85,0.0008596875942381,0.0222427221439305,0,457.292987464598,1,-153.556436224005,0,153.556436224005,0
82,86,0.000219790394704,0.0007713810957298,0,441.388401760327,1,94.4889270499232,0,-94.4889270499232,0
70,87,0.018477696110452,0.0254395855513572,0,404.312605241521,1,80.8097215337452,0,-80.8097215337452,0
78,87,0.013144015044314,0.003655048823985,0,861.270571074133,1,-115.98550097706,0,115.98550097706,0
86,87,0.0109101863885173,0.0008126600471131,0,7268.4716764914,1,40.0282695381236,0,-40.0282695381236,0
83,88,0.0598940083992486,0.995888964330199,0,31.4854310789593,1,-6.93889390390723e-16,0,6.93889390390723e-16,0
69,90,0.0087727061079417,0.223790978211016,0,16.3795650532492,1,-2.11063412343401,0,2.11063412343401,0
82,90,0.0001383510750095,0.0013223384784367,0,2396.57193380809,1,730.756426777667,0,-730.756426777667,0
69,92,0.0015168973950371,0.234628684235801,0,17.9921930746627,1,2.110634123434,0,-2.110634123434,0
86,92,0.0026201611917159,0.0341710261471064,0,226.641842568619,1,54.4606575117988,0,-54.4606575117988,0
89,92,0.0155675048100368,0.0086367199585141,0,1694.05563732122,1,-121.164193373911,0,121.164193373911,0
84,94,0.135155963898314,0.243671751331684,0,31.4854310789593,1,0.0,0,0.0,0
88,94,0.0578367707719006,1.01655948708929,0,31.4854310789593,1,0.0,0,0.0,0
92,95,0.0022384436443633,0.0244602438981332,0,232.910670203492,1,-61.3492150415104,0,61.3492150415104,0
93,95,0.006373729992391,0.0230908766812833,0,226.683071087108,1,61.3492150415105,0,-61.3492150415105,0
89,96,0.0089676027574594,0.0150491582748429,0,167.718589816653,1,128.628934834182,0,-128.628934834182,0
91,96,0.0001151272985357,0.0061125958320841,0,805.423067264359,1,-298.897499736676,0,298.897499736676,0
89,97,0.0822749369748663,0.317353871472097,0,6.13559537356254,1,-1.75695852209805,0,1.75695852209805,0
90,97,0.0778014859262129,0.0715676284185997,0,89321.0096378019,1,20.3505388226733,0,-20.3505388226733,0
92,97,0.0266187451252527,0.0339846374284271,0,1272.17256465655,1,14.3854298635855,0,-14.3854298635855,0
96,97,0.001176037039059,0.0146435414515628,0,473.972149045706,1,-170.268564902493,0,170.268564902493,0
93,98,0.0020588169854279,0.0241576998454965,0,217.473042929201,1,-61.3492150415104,0,61.3492150415104,0
87,99,0.0795521983807416,0.308544719950032,0,70.0038003328512,1,4.85249009480821,0,-4.85249009480821,0
89,99,0.146604983078667,0.241371860343266,0,77.2363983068879,1,-5.70778293817314,0,5.70778293817314,0
79,100,0.0043787987196798,0.0205178868528267,0,250.730994073405,1,-69.8206689787312,0,69.8206689787312,0
99,102,0.0037968950312786,0.669243472552259,0,5.51473509925649,1,-0.855292843364922,0,0.855292843364922,0
100,102,0.230413640395228,0.585454603172312,0,31.4854310789593,1,0.613943779389892,0,-0.613943779389892,0
101,102,0.0008418528482292,0.0095657873411502,0,463.73554115511,1,249.770849705308,0,-249.770849705308,0
79,103,2.429173353919e-05,0.0116014948746711,0,215.69199528631,1,-137.210021408823,0,137.210021408823,0
92,103,0.0085830916354954,0.118427700961027,0,341.810968219783,1,-12.0102062762318,0,12.0102062762318,0
101,103,0.0007131538065882,0.0182983984425271,0,701.518046184407,1,102.2247849946,0,-102.2247849946,0
98,105,0.0006836389155361,0.0007084956641996,0,883.088895209549,1,592.163478799775,0,-592.163478799775,0
100,105,0.0098224291573364,0.0433475441413099,0,210.35126692683,1,-62.6716529824571,0,62.6716529824571,0
103,105,0.0045425306812287,0.211693697664355,0,196.699776367238,1,-12.0806311111208,0,12.0806311111208,0
104,105,0.0003600013362539,0.0038001458107619,0,4488.68347638649,1,-517.411194706198,0,517.411194706198,0
102,107,0.0029226925096125,0.0046119040488469,0,911.084316039946,1,324.155610806656,0,-324.155610806656,0
71,108,0.0002218733233427,0.161649040224947,0,4.92890786012973,1,-2.1182690441272,0,2.1182690441272,0
103,108,0.119913912351224,0.164012242139766,0,31.4854310789593,1,0.171610475751749,0,-0.171610475751749,0
104,108,0.0715741470676881,0.318135760935034,0,8.36480356132555,1,1.94665856837545,0,-1.94665856837545,0
104,109,9.40190702379704e-05,0.0011450694785346,0,5546.96264840531,1,874.155834755656,0,-874.155834755656,0
61,111,0.0050032311023998,0.0069282214906307,0,367.108496597714,1,-159.52901603843,0,159.52901603843,0
104,111,0.0009886636401555,0.003967268204215,0,1650.93149265148,1,-358.691298617832,0,358.691298617832,0
106,111,0.0016503348843464,0.0012222940042114,0,640.130118975801,1,-268.490536223249,0,268.490536223249,0
103,112,0.0016598086992971,0.0206788979872032,0,1872.17775759538,1,-130.516878810349,0,130.516878810349,0
110,112,0.101357706672209,0.264324701355912,0,19.6693229188816,1,2.41357557730697,0,-2.41357557730697,0
70,113,0.0295153856851,0.0006780796581078,0,455.09592447971,1,77.6042196222676,0,-77.6042196222676,0
102,113,0.0167383429927672,0.039234994561068,0,330.561153310266,1,-74.6261101653238,0,74.6261101653238,0
111,113,0.0013283390005822,0.0869132526044813,0,102.879949790775,1,-4.5455665123734,0,4.5455665123734,0
112,113,0.0117777298474943,0.184818576585803,0,31.4854310789593,1,1.56745705542888,0,-1.56745705542888,0
61,114,0.0035864142738534,0.0862394442732237,0,192.611036863888,1,-10.4869829850311,0,10.4869829850311,0
112,114,0.0162092896920334,0.0844500202005689,0,146.739808242715,1,10.4869829850312,0,-10.4869829850312,0
64,115,0.0076305158224105,0.0889834729867706,0,102.489487173061,1,7.20026462521524,0,-7.20026462521524,0
90,115,0.0283622749108078,0.0114225033851305,0,795.570730847428,1,-143.985925097752,0,143.985925097752,0
100,115,0.0683221230498482,0.173794995068108,0,71.6082431064719,1,-7.76295977566401,0,7.76295977566401,0
112,115,0.0134308829540067,0.0725507827941254,0,651.290389509044,1,20.7999194842292,0,-20.7999194842292,0
63,116,4.5763615454574e-05,0.0004789467750929,0,4160.85355933886,1,1722.36131117078,0,-1722.36131117078,0
64,117,0.031040904045087,0.0597077670447277,0,979.96693256536,1,-20.8998043151552,0,20.8998043151552,0
66,117,0.001500903593066,0.0855939152525286,0,1574.30186992433,1,17.7911517082405,0,-17.7911517082405,0
110,117,0.0147881861649139,0.0817112260545025,0,15.4797998112527,1,3.16275861568517,0,-3.16275861568517,0
75,118,0.0031226503538014,0.005721368313868,0,209.52887836088,1,-157.306270148066,0,157.306270148066,0
111,118,0.0007425003520376,0.0034332662736944,0,1131.3835222603,1,-309.429364770391,0,309.429364770391,0
116,118,0.0031186240476733,0.0066912990593336,0,4010.01574773126,1,471.300226915131,0,-471.300226915131,0
117,118,0.0186405242785615,0.0359758503901715,0,6.39663896768252,1,0.0541060087704714,0,-0.0541060087704714,0
68,119,0.0079890586574582,0.0221082376034521,0,570.629923927733,1,-37.2806190541291,0,37.2806190541291,0
110,119,0.0199828678087164,0.341414582938825,0,68.8116705052594,1,-5.57633419299215,0,5.57633419299215,0
111,119,0.0074957758117132,0.0070893792050878,0,2387.61036843254,1,-455.127947810721,0,455.127947810721,0
112,119,0.0002929023511678,0.0157917890515432,0,410.393272362451,1,-160.957662757731,0,160.957662757731,0
116,119,1.66448037389027e-05,0.0006895010071013,0,1889.36212031271,1,1434.93562463902,0,-1434.93562463902,0
113,120,0.1031979146288,1.31486151347576,0,31.4854310789593,1,0.0,0,0.0,0
121,123,0.0008356333388268,0.0172641506944333,0,979.099225719504,1,95.402810412162,0,-95.402810412162,0
123,125,0.0124047700046968,0.0326835886574084,0,1117.2209182586,1,-22.5206883114111,0,22.5206883114111,0
126,129,0.0002091469096829,0.0419708678289921,0,15.3134837659123,1,1.93995807538769,0,-1.93995807538769,0
127,129,0.007457195432214,0.0183872494184903,0,2670.2394283917,1,-33.634627183298,0,33.634627183298,0
128,129,0.0047708399226234,0.0044907005852367,0,269.126879313459,1,-229.367677015537,0,229.367677015537,0
123,130,0.116242295436903,0.144810372020591,0,910.493387145072,1,22.8163082443765,0,-22.8163082443765,0
130,132,0.16194988489656,1.59327411547906,0,31.4854310789593,1,0.0,0,0.0,0
125,134,0.258476504119437,0.261782696225647,0,79.1586389233919,1,7.34405494637103,0,-7.34405494637103,0
127,134,0.0010802635546142,0.0082326129489002,0,480.838713105151,1,255.480463719992,0,-255.480463719992,0
130,134,0.0001269455085345,0.0080568909769574,0,440.726682105924,1,-262.824518666363,0,262.824518666363,0
126,136,0.0154476105724197,0.32540556240254,0,23.4370013579143,1,-2.80353395669332,0,2.80353395669332,0
127,136,0.0050648852168596,0.0479791743696351,0,921.927232613838,1,-33.6011523367485,0,33.6011523367485,0
131,136,0.011880056481337,0.0561935308885099,0,903.265598043152,1,22.1600186394191,0,-22.1600186394191,0
129,138,0.0017928391683917,0.020649434493297,0,484.267164532415,1,-261.062346123447,0,261.062346123447,0
131,138,0.0001774249367268,0.016932158410998,0,758.645063578606,1,-186.14477721416,0,186.14477721416,0
131,139,0.0009290605042769,0.0604870690317589,0,129.980891084345,1,-53.1387642522218,0,53.1387642522218,0
133,139,0.018057042880839,0.0652362830410823,0,152.524576446233,1,9.91600196031797,0,-9.91600196031797,0
137,140,0.245289806168784,1.0173142599228,0,31.4854310789593,1,0.0,0,0.0,0
139,141,4.4503657025835e-06,0.0305393721073726,0,209.726694810461,1,61.4049678796137,0,-61.4049678796137,0
133,142,0.0080894229377321,0.12220333490331,0,179.443834349191,1,-9.91600196031796,0,9.91600196031796,0
139,142,5.59146651554091e-05,0.017764426466396,0,876.261304355472,1,-104.627730171517,0,104.627730171517,0
135,143,0.0012860067445561,0.0012741511003621,0,2142.66803269931,1,956.717209857094,0,-956.717209857094,0
141,143,0.0007375292990911,0.0030583509870852,0,1517.57786653713,1,-642.771004000938,0,642.771004000938,0
142,144,0.0129824415772219,0.0337548757195799,0,373.166649906581,1,85.5777787464389,0,-85.5777787464389,0
143,144,0.0237240874718277,0.0070946617942845,0,422.539420019052,1,157.944926861469,0,-157.944926861469,0
143,146,0.0017156090548025,0.0231293708643925,0,927.804823306755,1,103.977316116411,0,-103.977316116411,0
141,147,0.0042819605341824,0.0107797444553784,0,1356.41036587708,1,211.876206157444,0,-211.876206157444,0
127,148,0.127367349916085,0.389981776815344,0,184.579157463782,1,-9.59218635900743,0,9.59218635900743,0
144,148,0.0073450840851645,0.0053416776494553,0,373.970227046251,1,243.522705607908,0,-243.522705607908,0
146,148,0.0284838089962517,0.0725636934412351,0,14.384688254414,1,0.226776300443787,0,-0.226776300443787,0
141,149,0.0015899104842215,0.0070873739412361,0,646.158090239323,1,276.91519156023,0,-276.91519156023,0
141,150,0.0010016324995844,0.004591889983227,0,1024.10266745095,1,-365.248753173496,0,365.248753173496,0
145,150,0.0003095221858257,0.0051836065546456,0,1838.80841235998,1,-353.268658730949,0,353.268658730949,0
137,151,0.0028883096526161,0.0053123068586629,0,913.450056468789,1,-304.477450596429,0,304.477450596429,0
127,153,0.0001001315091054,0.0179037384525259,0,681.650436280499,1,-178.652497840938,0,178.652497840938,0
136,153,0.0410051601943061,0.111367431433269,0,312.789895422572,1,-14.2446676540226,0,14.2446676540226,0
151,154,0.0030684868842452,0.726975744095263,0,31.4854310789593,1,-0.614788353692544,0,0.614788353692544,0
145,155,0.0038334870401767,0.0486317768339476,0,1315.58485455177,1,-21.1992006170305,0,21.1992006170305,0
150,155,0.0011496898994979,0.0377491093150093,0,705.816262763443,1,21.1992006170304,0,-21.1992006170304,0
146,156,0.0194382517538561,0.0286929370917407,0,907.246501891976,1,103.750539815967,0,-103.750539815967,0
151,156,0.0136051345780321,0.0014886714291748,0,1093.69469849705,1,-302.122447222122,0,302.122447222122,0
153,156,0.0339644177061987,0.018722132376586,0,1750.69976451449,1,129.163796782986,0,-129.163796782986,0
148,157,0.0052972433521713,0.0105370214978861,0,689.879424823061,1,282.309938041703,0,-282.309938041703,0
152,157,0.0124244669949775,0.0053450850154806,0,296.618199612628,1,133.813640707276,0,-133.813640707276,0
151,158,0.0283549107238157,0.0857781335421172,0,8.05330603526565,1,-1.7402150206163,0,1.7402150206163,0
157,159,0.0101591841261835,0.0810219615634335,0,93.6381224704497,1,-13.5081003490988,0,13.5081003490988,0
157,160,0.0008142358009364,0.0037724561364854,0,2100.8052023934,1,450.795412723573,0,-450.795412723573,0
153,161,0.0202457316953275,0.0453609738769913,0,544.594607291277,1,23.1399868970319,0,-23.1399868970319,0
156,161,0.0570611441957075,0.116766432920135,0,235.68506624174,1,-11.7205717966858,0,11.7205717966858,0
153,162,0.0130807859642291,0.0268471710594105,0,985.13518038984,1,31.7543673294873,0,-31.7543673294873,0
159,162,0.0082929257526807,0.0220584646165715,0,451667.828610429,1,-22.0100488043377,0,22.0100488043377,0
161,162,0.198637481865442,0.29155417969088,0,31.4854310789593,1,-0.676160464518466,0,0.676160464518466,0
154,163,0.0095500295108251,0.0668892042973692,0,273.804905174387,1,-8.16914850811172,0,8.16914850811172,0
159,163,0.0025072986428512,0.0631144591185868,0,279.861098343272,1,8.50194845523895,0,-8.50194845523895,0
137,164,0.0352041247903081,0.137762711380645,0,82.7765096250364,1,-8.42252244640203,0,8.42252244640203,0
154,164,0.0121230046304758,0.167512702788124,0,35.5116481859187,1,5.39722854487762,0,-5.39722854487762,0
160,165,0.0036018376138629,0.0213827100649959,0,252.60478252544,1,222.417576119443,0,-222.417576119443,0
157,166,0.013409861800134,0.0396565139336638,0,368.762831367204,1,-21.1637336254956,0,21.1637336254956,0
161,166,0.0163143376106872,0.0449373707058782,0,141.132294966871,1,12.0955755648645,0,-12.0955755648645,0
162,166,0.0027598202266876,0.0816792966861694,0,87.9346292109252,1,9.06815806063108,0,-9.06815806063108,0
158,167,0.0238578351363372,0.429764650467235,0,7.00726844944502,1,-1.74021502061629,0,1.74021502061629,0
163,167,0.0108394595811436,0.28908889171548,0,31.4854310789593,1,0.332799947127149,0,-0.332799947127149,0
164,168,0.0049235250107229,0.0536577300567548,0,1242.89642160892,1,-24.3036018917385,0,24.3036018917385,0
167,168,0.0017724575473936,0.0570254410265834,0,15.8101993169508,1,0.881138420256566,0,-0.881138420256566,0
160,169,0.12772042396115,0.138667081606012,0,87.4516523795062,1,7.45790876671371,0,-7.45790876671371,0
124,170,3.76232100020028e-05,0.129733038060293,0,114.506178826064,1,9.21781271821347,0,-9.21781271821347,0
164,171,0.0111347508162126,0.0584118919619084,0,1762.28451541787,1,25.3738808587871,0,-25.3738808587871,0
154,172,0.0347529216402606,0.0339506046336439,0,173.121138029331,1,2.15713160954154,0,-2.15713160954154,0
164,172,0.312827414966821,0.202869890333289,0,4.0955728685729,1,-4.0955728685729,0,4.0955728685729,0
123,174,0.0564584080319865,0.250669848506121,0,39.0113627640389,1,1.22468792886411,0,-1.22468792886411,0
171,174,0.0549911070356749,0.100797113420729,0,11.5912467407333,1,-3.81920807913738,0,3.81920807913738,0
172,174,0.0076894230154815,0.0258711237751943,0,254.640863200833,1,74.5247741420361,0,-74.5247741420361,0
123,175,0.0003715531426821,0.0041263311848404,0,4705.22028304194,1,-552.425096462424,0,552.425096462424,0
124,175,0.0024148555534782,0.0226647547096027,0,74.8370220884051,1,5.90563067239955,0,-5.90563067239955,0
125,175,0.0161650212823875,0.0516807386036153,0,941.861050356508,1,-29.8647432577821,0,29.8647432577821,0
128,175,0.0846675384599289,0.152903034081855,0,145.837401430882,1,-11.6039555002457,0,11.6039555002457,0
145,175,0.0011664277956462,0.00452360262644,0,628.079135872143,1,592.362776647236,0,-592.362776647236,0
167,175,0.0050115909133995,0.0589833650836418,0,2.28855349374576,1,-2.28855349374579,0,2.28855349374579,0
170,175,0.216742052929909,0.509096520509982,0,12.9633840213815,1,-2.08605860543959,0,2.08605860543959,0
171,176,0.0005402634653568,0.0666599047988942,0,251.26497399881,1,-15.0520067033071,0,15.0520067033071,0
172,176,0.0038856533363605,0.0870076328038494,0,260.117021925869,1,15.052006703307,0,-15.052006703307,0
124,177,0.0051289585301104,0.0110528185874733,0,1011.15176687794,1,201.725805865525,0,-201.725805865525,0
173,177,0.003815139612539,0.0117172180424234,0,1024.82025610982,1,-201.725805865524,0,201.725805865524,0
128,178,0.0718335219099098,0.127814978455979,0,28.9939614525648,1,-3.05824997773351,0,3.05824997773351,0
170,178,0.103856618726918,0.105087770147023,0,26.5940831343715,1,3.05824997773347,0,-3.05824997773347,0
121,179,0.0036424194430853,0.0046688818390478,0,776.236124744764,1,-95.4028104121623,0,95.4028104121623,0
122,179,0.0026221732993171,0.0150812786526529,0,1264.37350724524,1,98.5524015810422,0,-98.5524015810422,0
126,180,0.0299303669968907,0.0307139554393305,0,31.4854310789593,1,0.863575881305634,0,-0.863575881305634,0
170,180,0.058095631349877,0.0928554988760185,0,44.5091860841266,1,-4.01316705018615,0,4.01316705018615,0
179,180,0.0257727561872795,0.159495173782829,0,41.9799069945274,1,3.14959116888053,0,-3.14959116888053,0
181,182,0.0216751576158624,0.0874709572980417,0,958.345884827729,1,-26.9182706004332,0,26.9182706004332,0
183,187,0.0017530603945941,0.0375983311400811,0,3294.60244657885,1,-20.233602446284,0,20.233602446284,0
187,188,0.0007022620757308,0.0341357711690755,0,875.025962658803,1,-20.2336024462841,0,20.2336024462841,0
183,191,0.0009237583612315,0.023739466101276,0,275.762031936879,1,53.8318242072621,0,-53.8318242072621,0
189,191,0.0018388331252027,0.0824655594184528,0,239.383079117977,1,10.6309762809888,0,-10.6309762809888,0
185,192,0.0009783393060046,0.079739419041357,0,3287.00382696912,1,23.9309264889488,0,-23.9309264889488,0
186,192,0.0037655785486474,0.156721689763827,0,1293.422990793,1,21.6359826533157,0,-21.6359826533157,0
189,192,0.027463092183708,0.167010377254889,0,18.6755845164611,1,-2.80932158041003,0,2.80932158041003,0
190,192,0.0010712641737551,0.0094612680728183,0,633.396592253098,1,-176.57597476385,0,176.57597476385,0
191,192,0.0031403190975197,0.0210270155075069,0,259.649289832275,1,-64.0069563210306,0,64.0069563210306,0
184,193,0.0104357172718865,0.0497795042027119,0,750.761872040485,1,5.90138047287991,0,-5.90138047287991,0
185,193,0.0095079662950006,0.0836363198271319,0,203.860831088114,1,-4.78024288129892,0,4.78024288129892,0
189,194,0.0009681478016163,0.0603919856432213,0,744.844026221639,1,-26.658405584914,0,26.658405584914,0
193,196,0.0555542679283442,0.87980764739663,0,21.1835145597548,1,1.50253392045805,0,-1.50253392045805,0
194,196,0.0207112296239678,0.244059221046086,0,18.3265192453576,1,0.633735228637228,0,-0.633735228637228,0
191,197,9.79518517362284e-05,0.0296236270334152,0,276.469349646861,1,-70.4488261685763,0,70.4488261685763,0
186,200,0.059683501776303,0.0215213385774195,0,117.444104804976,1,-24.9420625584771,0,24.9420625584771,0
193,200,0.0027777017415718,0.0202928908722504,0,236.182121792585,1,-79.8099317954468,0,79.8099317954468,0
195,200,0.0001334063299912,0.0015957202463336,0,2558.08438040908,1,-787.80412771482,0,787.80412771482,0
198,200,0.0011236172496374,0.276739487505373,0,31.4854310789593,1,5.41304417939428,0,-5.41304417939428,0
191,201,0.0015276548493146,0.0391290652314865,0,599.716341901086,1,-46.6505183387982,0,46.6505183387982,0
196,201,0.0034606608469325,0.237134610277797,0,69.9082525317534,1,2.13626914909528,0,-2.13626914909528,0
197,201,0.0563006666071497,0.214812852952202,0,76.2557723675413,1,1.2176113887213,0,-1.2176113887213,0
186,202,0.0875842310715049,0.0682207534430372,0,1804.4747003206,1,12.3439051670538,0,-12.3439051670538,0
194,202,0.0053310575433699,0.0515880769280974,0,1452.83310641553,1,-27.2921408135512,0,27.2921408135512,0
197,202,0.0014378020660303,0.0252230028951596,0,371.207215373991,1,-71.6664375572975,0,71.6664375572975,0
198,202,0.0145536874641522,0.0710409194228418,0,1654.83320488132,1,40.4963812333555,0,-40.4963812333555,0
186,203,0.0767779765308205,0.078103604407687,0,28.9723086010678,1,-9.03782526189234,0,9.03782526189234,0
198,203,0.005081296122071,0.0212212204444497,0,275.311852810117,1,62.6214180144671,0,-62.6214180144671,0
199,203,0.0072707476922581,0.411541989381811,0,31.4854310789593,1,0.0,0,0.0,0
198,204,0.0014707968218074,0.0200313010569545,0,134.9353890622,1,-58.9345041496289,0,58.9345041496289,0
203,206,0.0109928661853768,0.0297844935497487,0,112.07656078932,1,69.9638865454172,0,-69.9638865454172,0
206,207,0.299893909840253,1.65926553254753,0,31.4854310789593,1,0.0,0,0.0,0
185,208,0.0347377187367054,0.107197721353175,0,330.545337916135,1,-19.1506836076499,0,19.1506836076499,0
201,208,0.0732914303757375,0.573523813318121,0,98.2010498875795,1,-6.07059694399092,0,6.07059694399092,0
205,209,0.0761914242147336,0.209751294639697,0,63.1273321300934,1,2.65210798387951,0,-2.65210798387951,0
205,210,0.0020971150720876,0.138742286335016,0,31.5790913249683,1,1.39632683454314,0,-1.39632683454314,0
209,211,0.379482913401077,0.102695174898066,0,6.66049531056855,1,0.240044504042936,0,-0.240044504042936,0
210,211,0.0312026210648186,0.201384960750978,0,27.477638568112,1,1.92271019906179,0,-1.92271019906179,0
200,212,0.0089919609251692,0.0369537079104941,0,56.0091300695792,1,25.6027824309608,0,-25.6027824309608,0
206,212,0.0009591591439399,0.0378326469269163,0,61.1534850130511,1,-25.6027824309608,0,25.6027824309608,0
203,213,0.0092438864282381,0.0432850303148178,0,259.416174723183,1,-16.3802937928424,0,16.3802937928424,0
205,213,0.22464267193085,0.608147035855187,0,31.4854310789593,1,-2.12900732326989,0,2.12900732326989,0
209,213,0.0495336481915393,0.0783218594522915,0,3334.29856406868,1,-23.6336648420751,0,23.6336648420751,0
210,213,0.0009429760633923,0.0428184967007879,0,317.267373161999,1,-34.762525196935,0,34.762525196935,0
205,214,0.0039855777400217,0.0702150584014111,0,147.187773563823,1,-1.91942749515276,0,1.91942749515276,0
183,215,0.005639260414433,0.131061699642962,0,26.8233100137326,1,-0.230548140729053,0,0.230548140729053,0
206,215,0.0005297757865295,0.0308331485960243,0,310.744850107714,1,66.5062156144895,0,-66.5062156144895,0
211,215,0.0814624338579606,1.37221871570872,0,13.0874544421979,1,2.16275470310471,0,-2.16275470310471,0
208,216,0.0008685554939113,0.0099924436262439,0,567.374332773132,1,159.165752077703,0,-159.165752077703,0
210,216,0.006218621344101,0.0276480896146115,0,308.013499845081,1,34.2361418324163,0,-34.2361418324163,0
214,216,0.0001592365952101,0.0019421176508791,0,1624.47177112687,1,656.533968489945,0,-656.533968489945,0
214,217,1.88600034451177e-05,0.0015082386694764,0,3094.35875327878,1,-759.435872974288,0,759.435872974288,0
209,218,0.0024855952497128,0.393632472198957,0,16.6633034439675,1,0.279139157996836,0,-0.279139157996836,0
214,218,0.0210687061861272,0.0081403663166205,0,845.688933498298,1,98.3904166606057,0,-98.3904166606057,0
215,218,0.0165189525998745,0.0287078774200974,0,465.862233852337,1,-100.409571017102,0,100.409571017102,0
193,219,0.001551116549442,0.0110484344749908,0,798.483837913234,1,79.4285354665697,0,-79.4285354665697,0
219,221,0.0024551509921864,0.0100339684753108,0,484.440921513169,1,142.116655009846,0,-142.116655009846,0
221,222,0.118662212541469,0.832699209955817,0,31.4854310789593,1,0.65550460863428,0,-0.65550460863428,0
218,225,0.0063892269142713,0.0698912935260702,0,4.00933425312441,1,-2.38429197812542,0,2.38429197812542,0
222,225,0.0030409089105457,0.0146189487434146,0,322.411406485053,1,-243.028386036481,0,243.028386036481,0
223,226,0.0450867560310341,1.73811343708069,0,31.4854310789593,1,0.0,0,0.0,0
223,227,0.0404899705829016,1.54609282379754,0,31.4854310789593,1,0.0,0,0.0,0
219,228,0.0196069062500173,0.0244433607951331,0,200.06002925248,1,-62.6881195432765,0,62.6881195432765,0
220,229,0.004877720615251,0.0454740439584832,0,51.1657060010282,1,-42.2127874054937,0,42.2127874054937,0
221,229,0.0038242175424051,0.0050859004058354,0,460.730010989286,1,259.062036661631,0,-259.062036661631,0
223,229,0.0086636439151523,0.0032204935589827,0,1938.32859365909,1,-216.849249256138,0,216.849249256138,0
222,230,0.0045828738517452,0.0169904999151811,0,253.801589748857,1,-71.1719482016771,0,71.1719482016771,0
224,230,0.0057696656277776,0.0153271810899845,0,691.989349209488,1,-184.555392978331,0,184.555392978331,0
221,231,0.0133450782095155,0.019549629012742,0,474.29730609525,1,-77.5950150049169,0,77.5950150049169,0
222,231,0.006385544121587,0.0162035006775368,0,1622.8027693494,1,-127.305325396513,0,127.305325396513,0
230,231,0.0728200854732971,0.385700946406442,0,13.114936890906,1,-2.21297083760102,0,2.21297083760102,0
181,232,0.0153744559322244,0.0475546202725002,0,570.670107935836,1,-11.8117988618715,0,11.8117988618715,0
182,232,6.54866824580678e-06,0.0100505719447177,0,753.249207270101,1,178.384006251351,0,-178.384006251351,0
222,232,0.0002537217515567,0.0136863540453704,0,610.756974592582,1,-179.012819076285,0,179.012819076285,0
224,232,0.0028821960010381,0.0141789478330697,0,769.545858359841,1,-287.009996642684,0,287.009996642684,0
228,232,0.0059609108242441,0.0035201388129577,0,1064.52197417275,1,299.45060832949,0,-299.45060832949,0
230,234,0.0177910047882827,0.0807434978459034,0,97.4041082758327,1,7.60851405815283,0,-7.60851405815283,0
182,235,0.0038202869390363,0.0055804929122878,0,1753.44660737106,1,-205.302276851784,0,205.302276851784,0
228,235,0.000697989997069,0.0052036452759113,0,1591.06654660964,1,-362.138727872767,0,362.138727872767,0
233,235,0.0001314415419196,0.0017542951487659,0,2603.81090205657,1,827.011754897554,0,-827.011754897554,0
181,236,0.0065289566275502,0.0805972120265512,0,27.7122956249416,1,-12.7006874597455,0,12.7006874597455,0
183,236,0.0139579318373467,0.161498503186605,0,168.83281660935,1,-15.0995246547564,0,15.0995246547564,0
184,236,0.0041825434509004,0.0009730808659826,0,2814.08597673636,1,237.589461056778,0,-237.589461056778,0
218,236,0.152364668322392,0.736036238089531,0,19.5510766966286,1,0.644276779626308,0,-0.644276779626308,0
183,237,0.0039703403968828,0.205689716098829,0,516.328620113907,1,-18.2681489654926,0,18.2681489654926,0
230,237,0.0014112880126407,0.0125226166638417,0,342.529218877744,1,-241.302601207511,0,241.302601207511,0
235,237,0.000868881861131,0.0044596513838214,0,503.597170550666,1,259.570750173003,0,-259.570750173003,0
188,240,0.0141517915555384,0.0498285826526606,0,1506.2796917506,1,-20.2336024462841,0,20.2336024462841,0
195,240,0.017000333787693,0.0013905068984425,0,407.957161766798,1,200.491486402087,0,-200.491486402087,0
238,240,0.0057138960750172,0.0310394972801174,0,201.466211665099,1,-63.5495958498568,0,63.5495958498568,0
239,240,0.0023794525652188,0.0121511225015972,0,615.972856135662,1,-176.723655844974,0,176.723655844974,0
242,246,0.0014704256394786,0.0716454576887996,0,31.4854310789593,1,-0.530008068521762,0,0.530008068521762,0
244,247,0.0037894570095008,0.0048369484482745,0,746.229597326463,1,285.843382460733,0,-285.843382460733,0
246,247,0.0012553166923189,0.0172355032465623,0,196.984929978471,1,-59.4645122181507,0,59.4645122181507,0
249,250,0.0470924883875845,0.0636659359274613,0,2960.34711436479,1,-29.7073762186823,0,29.7073762186823,0
245,251,0.0676597853855957,0.671927611132969,0,6.27883131089219,1,1.22205497257835,0,-1.22205497257835,0
243,252,0.0011523584066392,0.0040296593612757,0,3258.33666301535,1,-453.689078955932,0,453.689078955932,0
244,252,0.0215271949673254,0.0670407292950265,0,357.295070211034,1,-14.6780914150348,0,14.6780914150348,0
245,253,0.100246120899668,0.666161012720405,0,7.53759274652699,1,-1.22205497257835,0,1.22205497257835,0
248,253,0.143070673794821,0.330543614807486,0,14.3113878112827,1,-1.59912937234938,0,1.59912937234938,0
250,253,0.0069304369760789,0.318332173930457,0,32.3639931222287,1,2.82118434492773,0,-2.82118434492773,0
252,254,0.0001080447547249,0.0019458809888993,0,1575.57136301857,1,-731.594887287464,0,731.594887287464,0
247,255,0.0002752528924934,0.006538093841814,0,928.288631761123,1,313.613799661545,0,-313.613799661545,0
248,255,0.0068885992021665,0.0267438781826299,0,1435.86430901877,1,-107.128221050516,0,107.128221050516,0
248,256,0.0013585804749244,0.0164878605756442,0,1169.27507974063,1,125.558417425459,0,-125.558417425459,0
249,256,0.0059333543241868,0.0540437333388204,0,2938.40916867902,1,29.7073762186823,0,-29.7073762186823,0
251,256,0.0023884654800998,0.0226401320056764,0,55.8593720049926,1,42.5595498788857,0,-42.5595498788857,0
247,257,0.0001855137119479,0.0080319775188267,0,489.052484459186,1,-87.0495727001646,0,87.0495727001646,0
252,257,0.0074801418921648,0.0138047810497899,0,1112.9191164078,1,120.788547199753,0,-120.788547199753,0
251,259,0.0371194178534556,0.0686508381771667,0,1176.85655222679,1,-41.3374949063074,0,41.3374949063074,0
255,259,0.0073200733143555,0.120699993740164,0,190.265278856865,1,9.39359015978592,0,-9.39359015978592,0
258,259,0.129657222972781,0.677657911470941,0,12.2177354456913,1,-0.695172185803876,0,0.695172185803876,0
255,260,0.0006894446873998,0.0134515560664881,0,756.939588569413,1,184.67802490546,0,-184.67802490546,0
257,263,0.0311144730389218,0.0691881129491887,0,970.122275729167,1,33.7389744995884,0,-33.7389744995884,0
265,267,0.0085744613207896,0.0462490386234099,0,725.60961481737,1,-30.0056171776162,0,30.0056171776162,0
262,268,0.0205166599365832,0.152209255454246,0,14.0040741325232,1,0.880008752785145,0,-0.880008752785145,0
261,269,0.0299516502484557,0.295686695017981,0,141.102061345457,1,-13.3983817411702,0,13.3983817411702,0
262,269,0.157885033474479,1.30157493996011,0,13.1316661883661,1,-0.880008752785145,0,0.880008752785145,0
264,270,8.1181839219065e-05,0.00162152541654,0,2335.28454765598,1,827.216765803722,0,-827.216765803722,0
265,270,0.0005041164546861,0.010839280154216,0,1481.20910605373,1,-218.686179879636,0,218.686179879636,0
267,270,0.0004723523550573,0.0327495287294702,0,2419.65356591334,1,-30.0056171776162,0,30.0056171776162,0
261,271,0.300195854669688,0.0343776822283426,0,135.628656213232,1,13.3983817411702,0,-13.3983817411702,0
269,271,0.016767349871405,0.273684481561067,0,166.725870665883,1,16.1584920719047,0,-16.1584920719047,0
263,273,0.0167700010593997,0.0740801996056873,0,4216.7920083447,1,33.7389744995884,0,-33.7389744995884,0
272,274,0.0010352024729594,0.0405705327082682,0,50.7178576238572,1,-50.7178576238572,0,50.7178576238572,0
265,275,0.0002983243039287,0.0082374513176724,0,438.977887270368,1,248.691797057253,0,-248.691797057253,0
271,275,0.0012340673270987,0.0176941811043116,0,771.105041381984,1,-181.252555424701,0,181.252555424701,0
266,276,0.0363564279365537,0.258864523596714,0,31.4854310789593,1,0.0,0,0.0,0
269,276,0.0003650517465052,0.0183473033313689,0,418.805450781344,1,-90.951738066677,0,90.951738066677,0
274,276,0.0278533807390203,0.0483909224634132,0,50.2438242423152,1,-35.5522723024532,0,35.5522723024532,0
273,278,0.0078618703474543,0.0309025945928208,0,194.604381871408,1,15.0649849253165,0,-15.0649849253165,0
275,278,0.0006603703119578,0.0442958264900861,0,89.621347759427,1,53.5384862103935,0,-53.5384862103935,0
269,279,0.0382932114678036,0.402016569293749,0,38.0783085379337,1,1.07988116673499,0,-1.07988116673499,0
277,279,0.0038784403454624,0.0962004839279007,0,149.485686949175,1,-5.36387894982385,0,5.36387894982385,0
273,280,0.0032234976745173,0.0479761427254548,0,684.954365305551,1,5.8859718695473,0,-5.8859718695473,0
275,280,0.0295931586700423,0.157428178113721,0,136.36331504017,1,13.9007554221586,0,-13.9007554221586,0
277,280,0.0037925351866399,0.101511687074439,0,96.5161915399338,1,24.1690960206402,0,-24.1690960206402,0
271,281,0.0729031060512998,0.0324275887907355,0,4105.28813453298,1,42.2271534421784,0,-42.2271534421784,0
272,281,0.0151521271177587,0.119560522376512,0,1355.40207697871,1,30.7987502292301,0,-30.7987502292301,0
278,281,0.0029846015285491,0.0158890586526298,0,412.668103110879,1,138.769002079792,0,-138.769002079792,0
276,282,0.0028730166059838,0.013245111178013,0,499.963049524716,1,-126.50401036913,0,126.50401036913,0
272,283,0.005811475861177,0.202628071843174,0,6.17753237977126,1,0.737413500078026,0,-0.737413500078026,0
274,284,0.34129777459432,0.518320156039078,0,31.4854310789593,1,-15.165585321404,0,15.165585321404,0
279,284,0.0758181239713804,0.193439516942806,0,42.6131675514128,1,-42.6131675514128,0,42.6131675514128,0
283,284,0.0163440753299087,0.136241117540693,0,326.034029422024,1,-73.8961916141135,0,73.8961916141135,0
248,285,0.0069428976025122,0.0481564350532168,0,42.7834075931302,1,-16.8310670025935,0,16.8310670025935,0
258,285,0.220748320224858,0.646753010064431,0,11.4988223959792,1,0.695172185803876,0,-0.695172185803876,0
268,285,0.0061904138220743,0.0162812510359505,0,121.534342430636,1,111.308717349098,0,-111.308717349098,0
272,285,0.0407880280744559,0.0512076443557045,0,806.884040267387,1,19.1816938945491,0,-19.1816938945491,0
279,285,0.0183023427231703,0.0837192232980183,0,575.233201828565,1,31.7425050029442,0,-31.7425050029442,0
283,285,0.0190887296940696,0.0195345477207489,0,78.4786712507747,1,42.6336301881985,0,-42.6336301881985,0
277,287,0.0081936928545906,0.0249831907888987,0,512.828983952233,1,-18.8052170708164,0,18.8052170708164,0
278,287,0.0081283095634934,0.0442727489043645,0,84.5900656419991,1,-70.1655309440821,0,70.1655309440821,0
282,287,0.0123204743555358,0.0290196864031133,0,550.166312557782,1,131.793373029368,0,-131.793373029368,0
286,287,0.0124388513049059,0.108778844340706,0,3.23762559129319,1,-2.79173690233607,0,2.79173690233607,0
254,288,0.0013145516331451,0.0034052883548897,0,3231.00067104015,1,-500.87970397927,0,500.87970397927,0
279,289,0.0135879652448846,0.0531008345614256,0,32.8277138430726,1,15.2181436016844,0,-15.2181436016844,0
283,290,0.0061284281388744,0.102424591445303,0,631.64271768816,1,-15.0042603298954,0,15.0042603298954,0
286,290,0.0190084836190217,0.0700414517010207,0,11.6832498373216,1,-0.885923842210523,0,0.885923842210523,0
241,292,0.59979963837904,0.521587954641639,0,7.55729888604703,1,0.694728919205998,0,-0.694728919205998,0
283,293,0.0022409405945344,0.014772679541646,0,721.540506845895,1,-184.512325710858,0,184.512325710858,0
286,293,0.0292021009558357,0.136296554959666,0,36.8588628550523,1,-9.17842433623494,0,9.17842433623494,0
243,294,0.246875595753261,0.651958755864992,0,37.7777620052529,1,3.64524535113795,0,-3.64524535113795,0
259,295,0.0001970917287669,0.0247798165475897,0,9640.57240723934,1,-32.6390769323253,0,32.6390769323253,0
285,295,0.028209172369343,0.0646468395011611,0,69.7654004811992,1,-26.7528000941314,0,26.7528000941314,0
286,295,0.0025447828006818,0.0449669201875374,0,78.3292249936969,1,12.8560850807815,0,-12.8560850807815,0
268,296,0.0063025837671274,0.0205009094261598,0,1082.81222147359,1,72.5402107126728,0,-72.5402107126728,0
283,296,0.0081847038435971,0.0212786293403987,0,2218.99875717127,1,23.860738171744,0,-23.860738171744,0
289,296,0.0326486323836853,0.0802301174240456,0,137.610037408254,1,18.9985619804512,0,-18.9985619804512,0
292,296,0.153372886774797,0.794863581685397,0,8.26522903490812,1,0.694728919205999,0,-0.694728919205999,0
294,296,0.157416567554608,0.532668965779175,0,43.4910808721078,1,3.64524535113795,0,-3.64524535113795,0
241,297,0.770925293172466,0.155582657077231,0,7.41239277907853,1,-0.694728919205998,0,0.694728919205998,0
273,297,0.0223491812086099,0.220095708522907,0,6.67334546018137,1,-6.25809101635267,0,6.25809101635267,0
289,297,0.122020179434221,0.626332174092322,0,18.2904354131498,1,0.800840440758915,0,-0.800840440758915,0
291,297,0.0031706204171809,0.250531059138877,0,54.0371986518604,1,6.15197949479975,0,-6.15197949479975,0
247,298,0.283748918833376,1.75495332752582,0,31.4854310789593,1,-0.185356718798092,0,0.185356718798092,0
270,298,0.0001892168206838,0.0032239465750773,0,731.024772934696,1,578.524968746469,0,-578.524968746469,0
291,298,0.0401843000652039,0.250520537299539,0,44.4737058669946,1,-6.15197949479975,0,6.15197949479975,0
242,299,0.0056312721020131,0.0334062058248984,0,31.4854310789593,1,0.530008068521753,0,-0.530008068521753,0
273,299,0.0092093667043686,0.0520317183192749,0,4331.2658445116,1,-58.6943274010696,0,58.6943274010696,0
289,299,0.0227545135721796,0.256478764015091,0,148.9719546408,1,-4.5812588195257,0,4.5812588195257,0
295,299,0.0082188616843722,0.0158907814877185,0,907.890841794198,1,-81.4858202807004,0,81.4858202807004,0
298,299,0.0153716241061491,0.0097473326084009,0,233.427277032166,1,144.231398432774,0,-144.231398432774,0
243,300,0.0011043940179236,0.0014666618826801,0,3249.4288518477,1,843.705536521739,0,-843.705536521739,0
250,300,0.0213342116874033,0.0857646699513735,0,851.35247617057,1,-32.52856056361,0,32.52856056361,0
290,300,0.0035453319669168,0.0652162930103526,0,912.940450356914,1,-15.8901841721059,0,15.8901841721059,0
298,300,0.0029771766509194,0.0023934595297293,0,2258.0992636845,1,427.956234100098,0,-427.956234100098,0
43,63,3.72564036859314e-06,0.0004418141927853,0,5150.74064587964,1,1722.36131117078,0,-1722.36131117078,0
49,76,3.64001705629373e-05,0.0006880355625688,0,2766.39080770874,1,1008.55099476032,0,-1008.55099476032,0
53,62,8.42179172972764e-06,0.000672331698117,0,2862.24938367527,1,1714.28706636808,0,-1714.28706636808,0
5,66,9.14809946783083e-05,0.0032006430577315,0,2527.64593534748,1,693.728978767507,0,-693.728978767507,0
119,135,0.0028428164869481,0.0006695701621957,0,4969.24947084925,1,775.993060823445,0,-775.993060823445,0
90,152,0.00077929627471,0.0008225676626975,0,1041.79743168958,1,880.037881881545,0,-880.037881881545,0
74,122,0.0053727345372801,0.0145311186022671,0,1274.36778952183,1,98.5524015810421,0,-98.5524015810421,0
109,168,0.0118229267224518,0.0457981890607828,0,1912.81256522667,1,23.4224634714819,0,-23.4224634714819,0
150,216,0.0016188633802991,0.0026565130648897,0,2371.81702050669,1,-745.065866448455,0,745.065866448455,0
124,223,0.0002567548349341,0.0091036230948957,0,2385.18503300866,1,-216.849249256137,0,216.849249256137,0
138,216,0.0004594661446586,0.0175795313605007,0,519.912736901483,1,-104.86999595161,0,104.86999595161,0
153,222,0.0006140535235277,0.0028047050182275,0,911.604464782702,1,-621.173983319591,0,621.173983319591,0
200,273,0.0005587311900499,0.0008371196846218,0,3681.4303059288,1,-912.74586032031,0,912.74586032031,0
184,285,0.0003571244717314,0.0087046121643142,0,1149.5563700502,1,-243.490841529658,0,243.490841529658,0
192,256,0.0005358866335213,0.0093041029757702,0,928.542606907801,1,-197.825343523027,0,197.825343523027,0
204,246,0.0010165813235716,0.0202798787604862,0,174.042058226099,1,-58.9345041496289,0,58.9345041496289,0
296,1,0.0008032380493208,0.0064793112812766,0,301.225522101421,1,10.1967824668022,0,-10.1967824668022,0
255,18,0.0053024745349852,0.218135808999102,0,62.944805183061,1,12.4139635457834,0,-12.4139635457834,0
280,49,0.0166075811017584,0.0348315550366815,0,7972.57468935873,1,43.9558233123462,0,-43.9558233123462,0
273,56,0.000369952347572,0.00098147572207,0,1221.88723075085,1,-637.740762167519,0,637.740762167519,0
