from_bus,to_bus,resistance,reactance,susceptance,line_rating,line_status,P_from,Q_from,P_to,Q_to
4,5,0.0021166953771272,0.0123717525681478,0,1431.42225690964,1,200.83119389236,0,-200.83119389236,0
3,6,0.0162618323363054,0.0362989332990953,0,187.620957738962,1,-84.8624884539542,0,84.8624884539542,0
4,8,0.118706301521746,0.356347425806588,0,54.8958609540982,1,-10.6062616128702,0,10.6062616128702,0
2,9,0.0005127262182445,0.0649888143893217,0,227.236459610161,1,20.1227455572803,0,-20.1227455572803,0
7,10,0.0002018754087766,0.0008863001346448,0,1146.90631034374,1,-866.364524106799,0,866.364524106799,0
11,12,0.0043294597963196,0.0094802904866015,0,1116.23743322813,1,-190.735490711927,0,190.735490711927,0
6,13,0.0092554888089729,0.0175134002188921,0,159.673512408525,1,-84.8624884539542,0,84.8624884539542,0
8,13,0.0148815449718744,0.0129062734881247,0,160.490814059181,1,84.8624884539543,0,-84.8624884539543,0
9,14,0.008815330269206,0.0687713117554495,0,116.553089724489,1,-40.7964035054273,0,40.7964035054273,0
11,16,0.0013143698387409,0.0174121727441688,0,913.715656469211,1,-150.942242528897,0,150.942242528897,0
14,16,1.08758058846963e-05,0.0009583517887277,0,3981.43225812169,1,1627.17402603186,0,-1627.17402603186,0
15,16,4.59945736946998e-05,0.0009627342203039,0,1282.7571793876,1,-682.680707935112,0,682.680707935112,0
7,17,0.0013787839574803,0.0048714867779151,0,1621.55904317406,1,619.685711444211,0,-619.685711444211,0
12,17,3.81901357636653e-06,0.000559746956861,0,1564.10372527969,1,-619.685711444211,0,619.685711444211,0
11,18,0.0077532241459115,0.0593275291671033,0,8634.50564436811,1,-15.1439397681566,0,15.1439397681566,0
16,18,0.0020971729682196,0.11422258008728,0,481.675725701211,1,15.1439397681566,0,-15.1439397681566,0
11,19,0.0031935188400878,0.0015254919858375,0,2538.21932778124,1,356.821673008981,0,-356.821673008981,0
14,20,2.98661522080446e-05,0.000700289554088,0,7615.57074339031,1,-1667.97042953729,0,1667.97042953729,0
8,24,0.0025695479783501,0.0703219163552384,0,914.068708233419,1,-61.556714467407,0,61.556714467407,0
22,25,0.0002233216259079,0.0012212668515325,0,970.517716270755,1,371.858930217396,0,-371.858930217396,0
23,25,4.2687611480244e-05,0.0013700464096352,0,2558.44764314937,1,-511.704588793291,0,511.704588793291,0
20,26,0.0058044582693657,0.0138119791594082,0,680.82044235094,1,145.000819168619,0,-145.000819168619,0
4,27,0.0004625508331593,0.0258589762106726,0,618.3501940381,1,76.4651850974038,0,-76.4651850974038,0
25,27,0.0002922232190128,0.0050530367103061,0,1116.48289470148,1,236.772799371305,0,-236.772799371305,0
23,28,0.000204801225081,0.0036948174578352,0,844.669063736249,1,417.026651545883,0,-417.026651545883,0
10,29,1.17227517346935e-05,0.0003210661815672,0,1869.23016925026,1,-1160.9778297858,0,1160.9778297858,0
20,29,6.5798897184973e-05,0.0005288532317853,0,4300.61352467004,1,-1812.97124870591,0,1812.97124870591,0
21,29,9.11303304177977e-06,0.000152980986422,0,7617.48454236965,1,3857.41427319263,0,-3857.41427319263,0
22,29,0.0038671386080866,0.0102741559703998,0,307.078536727039,1,79.8711590710211,0,-79.8711590710211,0
27,30,0.0014138068929407,0.0342187084929965,0,1332.20510231935,1,46.9589999839666,0,-46.9589999839666,0
8,32,0.0024043815132547,0.0230571480528802,0,89.4805656178592,1,-44.5417205105944,0,44.5417205105944,0
10,32,0.0468621518126625,0.563768168918925,0,74.9458182107432,1,-11.2220406384604,0,11.2220406384604,0
2,33,0.0034821507564052,0.0841992633649232,0,325.758466300018,1,-16.5024963550228,0,16.5024963550228,0
23,33,0.0020738855236785,0.0200747874849807,0,1508.28729898345,1,94.6779372474083,0,-94.6779372474083,0
27,33,0.0005053860386451,0.0041118338204868,0,487.706171340385,1,341.764020277609,0,-341.764020277609,0
31,33,0.0062877004070019,0.0682755039125164,0,115.784332610648,1,-15.1617345307871,0,15.1617345307871,0
2,34,0.0002164993892288,0.0022443731986027,0,2097.83759727542,1,351.808436989458,0,-351.808436989458,0
2,35,0.0045666046375412,0.0093499429698385,0,1463.35732376177,1,-355.428686191715,0,355.428686191715,0
27,35,0.0033402447796041,0.0121858568086782,0,527.693374966373,1,-43.3669178996553,0,43.3669178996553,0
27,36,0.0680568343956467,0.103987075322665,0,577.561731479771,1,-32.1181178932113,0,32.1181178932113,0
35,37,0.164100199516387,1.79748260508851,0,36.4920664859551,1,0.0,0,0.0,0
24,38,0.0251179069151021,0.0979523541034065,0,9486.80260361498,1,35.1199277835122,0,-35.1199277835122,0
36,38,0.0384914007948005,0.0941249886643541,0,921.34112868361,1,-35.1199277835122,0,35.1199277835122,0
32,39,0.0040667664350183,0.0206029036256028,0,896.424807778051,1,220.382436288761,0,-220.382436288761,0
35,39,0.0002226454465423,0.0038229835466955,0,518.542686114346,1,-448.563092558748,0,448.563092558748,0
36,39,0.103225325417129,0.365298540011088,0,3.00180989030085,1,3.00180989030085,0,-3.00180989030085,0
30,40,0.0006103619265692,0.0470025999857669,0,642.874894218786,1,33.7022044358566,0,-33.7022044358566,0
31,40,0.0002261816818559,0.0495006452795229,0,101.555805597752,1,15.161734530787,0,-15.161734530787,0
41,42,0.0003906926010013,0.109886904792777,0,98.8223468014959,1,-4.97242570104649,0,4.97242570104649,0
26,44,0.0141447800506969,0.102889664640624,0,8.73232258075656,1,1.35773338893899,0,-1.35773338893899,0
5,46,0.0091473167245507,0.0094745119814279,0,1125.25203135718,1,200.83119389236,0,-200.83119389236,0
26,46,0.0005323458215225,0.0019388881653235,0,675.30656308849,1,143.64308577968,0,-143.64308577968,0
43,46,0.0176991202558992,0.160506435864422,0,13.1243386189008,1,-1.7096860088549,0,1.7096860088549,0
44,46,0.0189665150087054,0.102237410614125,0,6.76590017124929,1,1.35773338893899,0,-1.35773338893899,0
29,47,8.92354296528423e-05,0.0006861391122222,0,3445.03324990344,1,963.336353771946,0,-963.336353771946,0
40,47,0.0022922933807595,0.0242184045952805,0,448.414857281091,1,-138.734848856688,0,138.734848856688,0
46,47,0.0041938593063815,0.0770686498668021,0,1284.4125504692,1,-33.4645686595506,0,33.4645686595506,0
43,48,0.0342670037301019,0.557878219049081,0,3.22305510701777,1,-0.83688837425695,0,0.83688837425695,0
41,49,2.63884846413528e-05,0.0106855643834359,0,440.26155416993,1,-162.411324421672,0,162.411324421672,0
42,49,0.0155050348132041,0.239129202846929,0,102.555939552579,1,-4.97242570104649,0,4.97242570104649,0
47,49,0.0053578693326933,0.0270287920945916,0,434.240272314645,1,-127.812351816926,0,127.812351816926,0
45,50,0.000136790554845,0.0055945549407597,0,1174.83735741225,1,-275.440381575602,0,275.440381575602,0
1,51,0.0076831535675724,0.0116357767841506,0,308.515172575674,1,-143.035824963383,0,143.035824963383,0
43,51,0.0123381565687479,0.150296937781478,0,16.9851716204853,1,2.54657438311185,0,-2.54657438311185,0
46,51,0.0009035143640312,0.0046776385853631,0,337.046477161561,1,140.489250580272,0,-140.489250580272,0
1,52,0.041656117942135,0.140504082820754,0,1185.24794752677,1,-31.9692674900913,0,31.9692674900913,0
47,52,0.0002453258879507,0.0009125602368298,0,759.859986090414,1,447.912775592328,0,-447.912775592328,0
48,53,0.176218897776871,0.514081218014779,0,4.02626064413471,1,-0.836888374256952,0,0.836888374256952,0
53,55,0.045948375025271,0.543698969799255,0,5.1177539802096,1,-0.836888374256952,0,0.836888374256952,0
3,56,0.0086333075739426,0.0168852410731263,0,158.373963683106,1,84.8624884539542,0,-84.8624884539542,0
54,56,0.000920426924352,0.0041605138269119,0,776.732154562395,1,-283.923705984977,0,283.923705984977,0
47,57,2.04209177108418e-05,0.0016478560254829,0,1512.12656546239,1,432.500906787493,0,-432.500906787493,0
54,57,0.0061990395841634,0.0046300205246417,0,1481.36117046774,1,-426.681387541931,0,426.681387541931,0
55,57,0.0818821976519575,0.152336765332959,0,47.291611002913,1,-5.17708097727035,0,5.17708097727035,0
56,57,0.259331447232299,1.23634458976976,0,3.48442955914735,1,-0.642438268291437,0,0.642438268291437,0
55,58,0.0320549049020503,0.422937771761268,0,36.4920664859551,1,0.006899141205556,0,-0.006899141205556,0
56,58,0.0940087570421566,0.390976185311235,0,36.4920664859551,1,-0.006899141205556,0,0.006899141205556,0
7,59,0.0556881868965451,0.152659368783619,0,200.127510258834,1,9.76756777778305,0,-9.76756777778305,0
54,59,0.0088099451509974,0.0161252229222017,0,244.14155802912,1,-44.4958259814474,0,44.4958259814474,0
55,59,0.024513768275505,0.108319157919074,0,36.6602175566159,1,4.33329346180784,0,-4.33329346180784,0
10,60,0.0013882145755885,0.0071316501366188,0,1582.33650433276,1,305.835346317458,0,-305.835346317458,0
50,60,0.0041733936685502,0.0037312860717801,0,1142.24720703885,1,-275.440381575602,0,275.440381575602,0
59,60,0.000284576153924,0.0025615768002502,0,77.9047893671822,1,-30.3949647418563,0,30.3949647418563,0
61,64,0.013314576036219,0.0756790247752188,0,922.976043293464,1,-32.782792997976,0,32.782792997976,0
61,65,0.0106952667940587,0.0735167731220866,0,1516.42558810578,1,32.782792997976,0,-32.782792997976,0
62,68,6.66848385331584e-05,0.0009516851092147,0,482.631144547652,1,-185.474838286655,0,185.474838286655,0
64,69,0.0070511035074591,0.153529744869287,0,50.0402165493674,1,4.7028974110948,0,-4.7028974110948,0
68,69,0.0990877709915635,0.651378717810272,0,54.6329161423829,1,-4.70289741109479,0,4.70289741109479,0
62,72,0.0077434995047132,0.0182910732966685,0,221.651300613903,1,-55.6193039969723,0,55.6193039969723,0
68,72,0.0316031397369506,0.100690768948778,0,168.404718371065,1,-8.35054824950857,0,8.35054824950857,0
71,72,0.000324940357759,0.0498083433614402,0,83.3617614872707,1,8.70162171985294,0,-8.70162171985294,0
64,73,0.0007596248640849,0.0048689838174311,0,1154.14184122604,1,-312.033481214585,0,312.033481214585,0
72,75,0.0088746998843864,0.0460148525026553,0,166.245319138435,1,-55.3865730906995,0,55.3865730906995,0
73,75,0.0014457424100132,0.0122578318961446,0,631.259003790973,1,156.247841892329,0,-156.247841892329,0
74,75,0.0073103959207495,0.062028620659607,0,827.293627886255,1,-100.861268801629,0,100.861268801629,0
68,76,0.0003248125181465,0.0158755217172847,0,259.155524662995,1,-178.07393635624,0,178.07393635624,0
71,76,0.0068528424918964,0.178447214448827,0,63.8505410980577,1,-8.70162171985296,0,8.70162171985296,0
76,77,0.0171819812378902,0.255556087909341,0,153.053139550911,1,19.0539986127663,0,-19.0539986127663,0
78,80,0.0119820080520587,0.0235788434528325,0,1544.25576074881,1,115.040156385815,0,-115.040156385815,0
72,81,0.0110338623068394,0.0543980177383847,0,87.3812638680103,1,0.118342564071572,0,-0.118342564071572,0
78,81,0.000574716043692,0.0645796897207271,0,1049.52335978532,1,26.6104196521689,0,-26.6104196521689,0
80,81,0.073369720525146,0.307615744474613,0,46.3455960937913,1,-3.23137294364704,0,3.23137294364704,0
79,83,0.171281856327373,0.623650806331768,0,4.65659415333369,1,1.19467633321576,0,-1.19467633321576,0
82,83,0.0458286780149582,0.174296406653635,0,260.965506099653,1,12.2527428176099,0,-12.2527428176099,0
62,84,5.06489952512309e-05,0.0034751453673805,0,1793.9958242046,1,-289.820083301341,0,289.820083301341,0
74,84,0.0956805280383838,0.416756453737742,0,173.335896296917,1,-8.87211346321186,0,8.87211346321186,0
78,84,0.0057056545882906,0.0057658851101262,0,1769.72181811193,1,298.692196764553,0,-298.692196764553,0
76,85,0.0567474783519685,0.123013079259831,0,48.286368546224,1,-2.29218114142107,0,2.29218114142107,0
78,85,0.276224346350515,1.43919296676862,0,36.4920664859551,1,-0.386401788510171,0,0.386401788510171,0
79,85,0.13992473104294,0.677240665314631,0,5.49959864188449,1,-1.19467633321576,0,1.19467633321576,0
80,85,0.0005361637269024,0.124700628666331,0,607.994965986533,1,-26.211740947411,0,26.211740947411,0
82,85,0.0257680460133526,0.0374678995026112,0,606.804023115926,1,15.5190122537253,0,-15.5190122537253,0
76,86,0.0002766940202345,0.0043911873016451,0,3928.95104557298,1,-364.150801719961,0,364.150801719961,0
83,86,0.007938849951715,0.0679084148264534,0,2528.43994281138,1,-42.2809216879079,0,42.2809216879079,0
77,87,0.0186274431518216,0.130931996115267,0,166.766623276025,1,19.0539986127663,0,-19.0539986127663,0
81,87,0.130276969962776,0.228600387648265,0,242.346096649342,1,23.4973892725934,0,-23.4973892725934,0
80,89,0.192520843333952,1.8305878460922,0,36.4920664859551,1,0.0,0,0.0,0
87,90,0.0002108355112693,0.0035265948502749,0,1054.37436066856,1,283.155322567033,0,-283.155322567033,0
80,91,0.0153223701548559,0.0945723469756501,0,1098.56996921922,1,-17.5466631622514,0,17.5466631622514,0
82,91,0.0036920563144883,0.0541068535738002,0,1399.87350919312,1,40.4875926900878,0,-40.4875926900878,0
82,92,0.0001805563115056,0.0278287296787813,0,349.42843840399,1,-68.2593477614229,0,68.2593477614229,0
88,94,0.0052105835144085,0.0289830276855313,0,681.91750890953,1,-90.2201613988974,0,90.2201613988974,0
92,94,0.0071029979292574,0.0169925567054845,0,1150.54541608749,1,106.29729555389,0,-106.29729555389,0
92,96,0.0049571470871239,0.0133403768613452,0,539.572520182043,1,163.768154228495,0,-163.768154228495,0
93,96,0.0196287849105634,0.0114533549101986,0,469.919392044763,1,-160.307401648579,0,160.307401648579,0
93,97,0.0570967152071041,0.0349198881555372,0,155.509881425799,1,53.8744576510914,0,-53.8744576510914,0
97,98,0.0049209742583919,0.0309188052370461,0,1129.1118055399,1,-112.614529894809,0,112.614529894809,0
87,100,0.0027860036841064,0.0213727411729069,0,698.171012100161,1,-240.603934681673,0,240.603934681673,0
91,100,0.0666556158889483,1.98887219494756,0,36.4920664859551,1,0.449779830340702,0,-0.449779830340702,0
95,100,0.0057381872431798,0.0047545669876441,0,817.529219592389,1,-222.813492645156,0,222.813492645156,0
99,100,0.0004318181367052,0.0044027653288631,0,717.857011280837,1,532.273455362172,0,-532.273455362172,0
91,101,0.347319211710668,0.292780543225332,0,36.4920664859551,1,0.713817225168828,0,-0.713817225168828,0
93,101,0.141240990283065,0.911055415603139,0,36.4920664859551,1,0.305615350299029,0,-0.305615350299029,0
98,101,0.0318830629853878,0.0875581956269698,0,1573.1362095752,1,21.4605747364826,0,-21.4605747364826,0
93,103,0.0126614634537923,0.0309371694740769,0,630.46690355991,1,106.127328647189,0,-106.127328647189,0
97,103,0.289471651268061,0.24054697459775,0,45.806255184057,1,5.82833818183435,0,-5.82833818183435,0
98,104,0.015280779124692,0.112614270428346,0,332.616157803623,1,13.1104425541268,0,-13.1104425541268,0
99,104,0.0186161419119455,0.0305559296832903,0,21893.5162987379,1,41.0815853574387,0,-41.0815853574387,0
102,104,0.0068198264043701,0.0402674644075872,0,163.755228826447,1,-54.1920279115655,0,54.1920279115655,0
95,105,0.0040182128435252,0.013870402469028,0,1084.01307427651,1,-148.655659542856,0,148.655659542856,0
102,105,0.0169876683133767,0.0993165059993563,0,814.339268054098,1,-21.1094681931383,0,21.1094681931383,0
103,105,0.0137156516257418,0.0155491895246117,0,997.616943873293,1,-213.632741057753,0,213.632741057753,0
103,106,0.0001849612633873,0.000797988531688,0,2429.17171718049,1,-701.271076955524,0,701.271076955524,0
94,108,0.0156331664537448,0.108266842994167,0,953.557802707234,1,16.0771341549922,0,-16.0771341549922,0
96,108,0.0049610580050542,0.393600656199418,0,38.5972220998146,1,3.46075257991604,0,-3.46075257991604,0
98,108,0.0227427515578011,0.238438583693797,0,42.5428857696407,1,4.72538288138614,0,-4.72538288138614,0
99,108,0.0014836737630812,0.0521081074055905,0,284.886677072629,1,17.3788064270728,0,-17.3788064270728,0
100,108,0.0058463486003157,0.0555114724203405,0,1007.71988205617,1,-25.9027249713697,0,25.9027249713697,0
106,108,0.0578067695058165,0.203158055243916,0,325.649566440304,1,-15.7393510719975,0,15.7393510719975,0
106,109,0.0016327932916468,0.0183571855850771,0,1263.27701731309,1,107.457117671746,0,-107.457117671746,0
83,110,0.0018398345842415,0.0264579666136795,0,60.6638398211181,1,55.7283408387336,0,-55.7283408387336,0
101,110,0.0096672904359435,0.119991864172264,0,191.500483217706,1,10.0875137682921,0,-10.0875137682921,0
95,111,9.10607531707923e-05,0.0121087225772431,0,147.348178682481,1,138.858057615966,0,-138.858057615966,0
103,112,3.30233424501154e-05,0.0007459193607361,0,2111.89894410897,1,1027.60335502512,0,-1027.60335502512,0
111,112,0.0001177826434109,0.0016401804797893,0,210.353492708019,1,210.353492708018,0,-210.353492708018,0
63,113,2.60534383883593e-05,0.005225269549305,0,952.239463146361,1,-276.739876949352,0,276.739876949352,0
106,113,0.0012546285950093,0.0078461808988623,0,717.323545248213,1,-14.3286386129802,0,14.3286386129802,0
107,114,0.192497237306034,1.87007295927064,0,36.4920664859551,1,0.0,0,0.0,0
112,114,0.0025301225993167,0.0112470276003454,0,799.563212362623,1,172.934671941833,0,-172.934671941833,0
106,115,0.126216972375894,0.115155735591892,0,758.11400942406,1,-23.5592854339369,0,23.5592854339369,0
113,115,0.0018319670549958,0.0034197389470834,0,3777.62811017547,1,-760.456220142292,0,760.456220142292,0
66,116,1.43945654742268,1.2734708228264,0,36.4920664859551,1,0.0,0,0.0,0
112,116,3.11623029581559e-05,0.0003125293782205,0,3102.68003387903,1,1683.6576536748,0,-1683.6576536748,0
62,117,0.219430667788559,0.140942816509953,0,75.1601177687767,1,9.33361405306074,0,-9.33361405306074,0
64,117,0.0009756150947115,0.0251176659712946,0,308.874804205781,1,210.107954533749,0,-210.107954533749,0
67,117,0.0017065142480721,0.0085742998968272,0,452.117774432382,1,-218.937920160055,0,218.937920160055,0
110,117,0.0020783104484737,0.02389092375543,0,151.32199619055,1,65.8158546070258,0,-65.8158546070258,0
112,117,0.000878327820719,0.0015979276310256,0,925.880114108157,1,-618.635477883487,0,618.635477883487,0
113,117,0.0001400617733444,0.0009587082858028,0,2157.13279676963,1,469.387704579958,0,-469.387704579958,0
62,118,0.0070566045727757,0.0499431894914364,0,83.7906155967071,1,8.92335692309005,0,-8.92335692309005,0
65,118,0.0005235637039857,0.0061466141829359,0,373.056441097011,1,-78.6576921050987,0,78.6576921050987,0
68,118,0.043369379921355,0.0934811162829517,0,53.1190655372211,1,6.65561743569482,0,-6.65561743569482,0
88,118,0.0020776823061274,0.0198523134347305,0,680.415456519625,1,90.2201613988975,0,-90.2201613988975,0
111,118,0.0097505462377928,0.0557583449710552,0,1621.68124663669,1,-27.1414436525842,0,27.1414436525842,0
109,119,0.0292330354321888,0.123720491612802,0,259.823625378813,1,-13.2718717804192,0,13.2718717804192,0
62,120,0.0167696876206268,0.0622572404581797,0,175.752672268009,1,-5.81089934636936,0,5.81089934636936,0
64,120,0.0034852109917823,0.0558683140343054,0,242.141241528564,1,64.4398362717653,0,-64.4398362717653,0
68,120,0.0123837463901674,0.184689235832256,0,15.9692516524358,1,-1.00307370550841,0,1.00307370550841,0
70,120,0.0376339970533206,0.731746639360352,0,36.4920664859551,1,0.0,0,0.0,0
111,120,0.0378899170429176,0.0523243425556261,0,44.3539914394683,1,-44.3539914394683,0,44.3539914394683,0
119,120,0.0056739139634766,0.125852886282702,0,261.534293104745,1,-13.2718717804192,0,13.2718717804192,0
123,124,0.0124211436375916,0.0065782975597845,0,1013.69497302085,1,172.611242427349,0,-172.611242427349,0
125,126,0.0045172306421352,0.0158899050142359,0,454.63800547288,1,-55.5853819084436,0,55.5853819084436,0
126,127,0.0081378504885999,0.774789299134011,0,4.64947668807713,1,-1.37643193314651,0,1.37643193314651,0
123,128,0.0089242537240983,0.234315370838361,0,14.7115338680527,1,3.45469373734223,0,-3.45469373734223,0
124,128,0.217134673590037,0.0943644489029866,0,14.528066575594,1,-3.45469373734224,0,3.45469373734224,0
121,129,0.0111047670068548,0.0956211499994528,0,41.0737072843898,1,-0.072231662649419,0,0.072231662649419,0
122,130,0.0005713360272397,0.0095272573469182,0,396.125774768891,1,213.212183919308,0,-213.212183919308,0
121,131,0.0008291801381196,0.0025901784770847,0,1083.7864696083,1,381.340491624996,0,-381.340491624996,0
124,131,0.0059650882112963,0.0149231554070856,0,656.979818959023,1,166.411423702927,0,-166.411423702927,0
125,132,0.0134824816106414,0.0847080951955683,0,36.4920664859551,1,-28.7982609053558,0,28.7982609053558,0
127,132,0.0079135145137044,0.355814655959537,0,5.74252247511208,1,-1.37643193314651,0,1.37643193314651,0
123,133,0.0769973007357511,0.164486837867899,0,242.858309278049,1,9.01794325173313,0,-9.01794325173313,0
125,133,0.0074076531462445,0.173515123363486,0,319.528066349966,1,-6.80572196750235,0,6.80572196750235,0
124,134,0.0026535463728202,0.004397022603255,0,804.89686746944,1,249.216795379618,0,-249.216795379618,0
135,136,0.125975661157154,0.255409304912922,0,24.8250616305916,1,3.9498625692394,0,-3.9498625692394,0
136,137,0.011340303878934,0.109448535828038,0,2387.37056946797,1,22.2283551104225,0,-22.2283551104225,0
136,138,0.0266749066954339,0.0139032915969422,0,35.0138528637176,1,-23.5656466618048,0,23.5656466618048,0
137,139,0.0061196425829173,0.0389502758752814,0,936.16131494029,1,-47.7526257885462,0,47.7526257885462,0
137,140,9.07529978008276e-05,0.0019513656087006,0,1486.65333061024,1,337.605628209256,0,-337.605628209256,0
137,141,0.0577133953713068,0.0458571612751962,0,102.708910965227,1,-5.34552746855192,0,5.34552746855192,0
133,142,0.0960494600736315,0.44941030908252,0,14.7642303443618,1,2.21222128423077,0,-2.21222128423077,0
139,143,0.0086183699358807,0.0378324864015862,0,1052.61085741536,1,-47.7526257885462,0,47.7526257885462,0
142,143,0.0024817844377078,0.0529436578531481,0,1547.96706689305,1,47.7526257885461,0,-47.7526257885461,0
136,144,0.0027283626155357,0.0090664258195394,0,213.105546769193,1,165.900580293145,0,-165.900580293145,0
140,144,0.0001353560284062,0.0098877462921132,0,2188.92023843223,1,-160.555052824592,0,160.555052824592,0
141,144,0.174173967335207,0.127883525966406,0,102.594173458257,1,-5.34552746855196,0,5.34552746855196,0
135,145,0.000548384500997,0.291275284550018,0,27.4830259655308,1,-3.94986256923939,0,3.94986256923939,0
137,147,0.0018282602537206,0.0101472467376732,0,602.151155989274,1,-262.279119841735,0,262.279119841735,0
138,147,0.0249907371275368,0.0368660095286308,0,1723.3877467624,1,2.68784270400066,0,-2.68784270400066,0
138,148,0.0662553466385617,0.0820831639811246,0,622.509801099742,1,-26.2534893658054,0,26.2534893658054,0
146,148,0.0005927086551975,0.0074383571237447,0,2364.28656039985,1,-344.28787256026,0,344.28787256026,0
149,150,0.0005381575188819,0.004289547182398,0,832.81690263173,1,398.1546642355,0,-398.1546642355,0
142,151,0.0124205065202554,0.0426761430744847,0,1976.25880961102,1,-45.5404045043154,0,45.5404045043154,0
149,152,0.0001334707085388,0.0118746792693591,0,213.293547379801,1,213.293547379801,0,-213.293547379801,0
145,154,0.0571819349721047,0.03639076380673,0,273.8013046025,1,-12.4906099450091,0,12.4906099450091,0
147,154,0.0178685924476321,0.346888342839774,0,99.9513239427331,1,-6.87633891473784,0,6.87633891473784,0
152,154,0.008345774659092,0.0629068627722487,0,936.467559518517,1,19.3669488597471,0,-19.3669488597471,0
145,155,0.0212148494392036,0.0831534210593494,0,187.581218856569,1,8.54074737576978,0,-8.54074737576978,0
148,155,0.0011413634890187,0.120465032009865,0,101.629825646491,1,8.57902810679795,0,-8.57902810679795,0
153,155,0.0025937560187772,0.0550050514260619,0,780.906755361961,1,-12.2291776689547,0,12.2291776689547,0
146,156,0.0001652600383514,0.001012083286374,0,2008.02766703948,1,344.28787256026,0,-344.28787256026,0
153,156,0.0007533174844412,0.0059168446592571,0,377.75276953774,1,203.359185209686,0,-203.359185209686,0
149,158,0.0005763582053162,0.0052474544841051,0,1074.4702957396,1,-611.448211615302,0,611.448211615302,0
148,159,0.0032389933184133,0.0061186620847582,0,430.032366955089,1,-379.120390032863,0,379.120390032863,0
157,159,0.001267171097685,0.0044668498635815,0,4403.63144360446,1,379.120390032863,0,-379.120390032863,0
150,160,0.000893250945857,0.0684913450912521,0,321.883253116599,1,-34.2574566556713,0,34.2574566556713,0
151,160,0.023501528977212,0.0285023657959585,0,913.07643999839,1,-45.5404045043154,0,45.5404045043154,0
157,160,0.0372816082149399,0.028757397489079,0,119.754460963951,1,-17.6518550529444,0,17.6518550529444,0
152,161,0.0076743300945225,0.0409070029190609,0,123.458755239503,1,42.0365839184647,0,-42.0365839184647,0
153,161,0.0003321553487727,0.0057366687962636,0,547.301034155018,1,-232.909572823267,0,232.909572823267,0
129,162,0.0023076887400908,0.0387034938053191,0,50.9172003822186,1,-50.9172003822186,0,50.9172003822186,0
162,163,0.291846577295995,1.45594413702346,0,36.4920664859551,1,0.0,0,0.0,0
157,164,3.47828888896658e-05,0.0007131009590913,0,788.996790654436,1,-354.877698789428,0,354.877698789428,0
161,165,0.001491400851298,0.0100832270402519,0,2014.19334261737,1,-190.872988904803,0,190.872988904803,0
157,166,0.196340100580085,0.279052438138838,0,36.4920664859551,1,-6.33680367926716,0,6.33680367926716,0
162,166,0.0068329750266255,0.052253279391179,0,64.5326174360835,1,-51.254208257614,0,51.254208257614,0
157,167,0.150966623096292,0.801602169592071,0,6.56094458767593,1,-0.254032511223366,0,0.254032511223366,0
162,168,0.190715278830766,1.02745329143884,0,36.4920664859551,1,0.337007875395405,0,-0.337007875395405,0
167,171,0.0793417796587054,0.781293633396532,0,7.39386170631133,1,-0.254032511223366,0,0.254032511223366,0
169,171,0.0151204446031894,0.0105921671495873,0,538.542857068767,1,245.093877060926,0,-245.093877060926,0
122,172,0.0030494465618257,0.0078773184163029,0,803.769819296166,1,154.334725524261,0,-154.334725524261,0
165,172,0.0012332967600552,0.0098278219556171,0,206.85802872597,1,-206.85802872597,0,206.85802872597,0
170,172,0.002728954365923,0.0178621494413284,0,2505.29076332109,1,166.002882151119,0,-166.002882151119,0
160,174,0.0007698994367669,0.0050026312387389,0,416.87691012007,1,-37.0064685326545,0,37.0064685326545,0
164,174,0.0015065320803366,0.0248258866539145,0,120.866288098566,1,-17.7108478120676,0,17.7108478120676,0
170,174,0.0016421603317512,0.0248459583568933,0,1226.95942014563,1,74.3299538691968,0,-74.3299538691968,0
171,174,0.0057151787439942,0.0148192272198567,0,462.670196348595,1,-19.6126375244747,0,19.6126375244747,0
165,175,0.1305204288421,0.0600649957351384,0,15.9850398211674,1,15.9850398211674,0,-15.9850398211674,0
173,175,0.0104180443403993,0.571914804993766,0,36.4920664859551,1,1.59197679179594,0,-1.59197679179594,0
123,176,3.55783968766656e-05,0.0029449671604585,0,1654.2037476305,1,-185.083879416425,0,185.083879416425,0
126,176,0.0246059187178268,0.0429089322978015,0,354.514982071075,1,-54.2089499752972,0,54.2089499752972,0
169,176,0.0012331248998199,0.0113228006966429,0,294.843632154159,1,239.292829391722,0,-239.292829391722,0
129,177,0.0037001144898374,0.0636358883493326,0,5618.3772080555,1,-20.3039902904385,0,20.3039902904385,0
147,177,0.0007314712104947,0.0185138714834879,0,479.419127168612,1,-252.714938222996,0,252.714938222996,0
166,177,0.0066389766942299,0.0227402906316781,0,724.63440442471,1,147.615156236909,0,-147.615156236909,0
171,177,0.0194989909581377,0.149130634233258,0,13.7413759130496,1,13.3481497201024,0,-13.3481497201024,0
121,178,0.0006283918654602,0.0033575363446871,0,1020.35282763109,1,-381.268259962347,0,381.268259962347,0
168,178,0.114229661229318,1.04210779376955,0,36.4920664859551,1,0.337007875395405,0,-0.337007875395405,0
172,178,0.0017938501025308,0.0139163285143745,0,739.33908868566,1,84.91752030587,0,-84.91752030587,0
173,178,0.0250732871719607,0.565893940224947,0,36.4920664859551,1,-1.59197679179594,0,1.59197679179594,0
177,178,0.176255037289876,0.508554930614206,0,12.3683896867438,1,0.0370604880287277,0,-0.0370604880287277,0
124,179,0.0027502802401598,0.0057013871049982,0,558.813517626069,1,-239.562282917853,0,239.562282917853,0
171,179,0.0011394613286354,0.0015953399013957,0,573.087875376289,1,268.348113643379,0,-268.348113643379,0
178,179,0.0003239363636374,0.0549353218059299,0,41.1468524026582,1,-28.7858307255254,0,28.7858307255254,0
175,180,3.60352889474198e-05,0.0108231481446532,0,348.96221820466,1,-276.531097212963,0,276.531097212963,0
177,180,0.000788383630553,0.0103728859935459,0,688.591625106738,1,-112.092683044452,0,112.092683044452,0
182,184,0.0235969385525048,0.252103033378386,0,12.5918687723801,1,-1.06729035589422,0,1.06729035589422,0
183,184,0.0020019693381095,0.13413981230554,0,16.0860440472154,1,1.06729035589421,0,-1.06729035589421,0
182,185,0.0171190656977625,0.0335680215299582,0,346.128948745361,1,-73.9560116827388,0,73.9560116827388,0
181,187,0.0040614687686192,0.0822903204571281,0,179.922320398588,1,53.2589968072,0,-53.2589968072,0
182,188,0.0265778512796298,0.154293849121803,0,1089.27628036423,1,14.5800543583564,0,-14.5800543583564,0
185,189,0.0002478554571976,0.0060680199726681,0,821.21846682356,1,-408.12642094802,0,408.12642094802,0
186,190,0.170467574363174,0.418497385749773,0,14.3686066858124,1,-5.11615014259919,0,5.11615014259919,0
188,191,0.613760042813856,0.323704438986398,0,2.19931010532576,1,0.749920091253863,0,-0.749920091253863,0
193,194,0.0425813723129934,0.277024627325691,0,15.9972120490236,1,-2.14620868903402,0,2.14620868903402,0
187,195,0.0350840069986956,1.13659474003434,0,36.4920664859551,1,3.05545132897784,0,-3.05545132897784,0
193,195,0.0987092085142701,0.406449506263789,0,36.4920664859551,1,-3.05545132897784,0,3.05545132897784,0
187,196,0.0750233740422233,0.236037709569305,0,63.7430701797499,1,24.8560744861985,0,-24.8560744861985,0
193,196,0.155178930955411,0.221520494148619,0,16.9585267261805,1,5.20166001801186,0,-5.20166001801186,0
190,197,0.268163386927745,1.18281319004048,0,6.80385453976304,1,-2.67011594939462,0,2.67011594939462,0
194,197,0.217171526634733,0.180320641415414,0,13.9428345001751,1,-2.14620868903403,0,2.14620868903403,0
197,198,0.0789619236769363,0.158364287823323,0,41.8981138181247,1,-4.81632463842865,0,4.81632463842865,0
198,200,0.0054382790514446,0.0097780935855067,0,327.455107192164,1,224.520513623991,0,-224.520513623991,0
191,201,0.103533492766373,1.30339911853767,0,27.7728992237217,1,-2.18670767976575,0,2.18670767976575,0
192,202,8.79214733052668e-05,0.0514835257082429,0,127.284804105721,1,6.12112897489113,0,-6.12112897489113,0
198,202,0.360660390184673,0.236686058721756,0,162.387487039374,1,8.97266610823703,0,-8.97266610823703,0
201,202,0.0140370496454063,0.0600837798475869,0,997.037556465135,1,-15.0937950831282,0,15.0937950831282,0
196,203,0.0008056379096243,0.0145719549407747,0,355.778140634732,1,-24.047209336491,0,24.047209336491,0
196,204,0.0010310848471446,0.0122032666501866,0,412.751815602878,1,139.63626235796,0,-139.63626235796,0
200,204,0.0003282326789025,0.0120096148069775,0,1957.80724867012,1,200.273072592246,0,-200.273072592246,0
199,205,0.0005719974534047,0.0014930305004249,0,2104.59438638847,1,667.909383147796,0,-667.909383147796,0
200,205,2.40915947189936e-05,0.0022363518230464,0,973.921672293861,1,-474.608953680937,0,474.608953680937,0
198,206,0.0011436549954362,0.0046732334805972,0,1126.43194618773,1,-345.519211468441,0,345.519211468441,0
200,208,0.133956463565774,0.558837486903387,0,36.4920664859551,1,-1.64490826928943,0,1.64490826928943,0
207,208,0.0368434881447585,0.204014809425492,0,5.2941896351065,1,-5.02167456700935,0,5.02167456700935,0
203,210,0.0173106763791681,0.13795902856124,0,185.319368284348,1,5.73072951230031,0,-5.73072951230031,0
207,210,0.0082777910795472,0.206328655869608,0,5.15410059246402,1,5.02167456700934,0,-5.02167456700934,0
201,211,0.0192939350394731,0.0613635978869958,0,973.122412172017,1,12.9070874033624,0,-12.9070874033624,0
181,212,0.0049746727688009,0.0569425514338988,0,3065.99101839766,1,181.595654218232,0,-181.595654218232,0
203,212,0.0025107703318878,0.01095069253973,0,322.573474186488,1,40.295526944984,0,-40.295526944984,0
209,212,8.75018352716725e-05,0.0178943657863935,0,339.188155783143,1,-67.9766986296267,0,67.9766986296267,0
209,213,0.0008157691528158,0.0106289729552643,0,237.126407548577,1,141.507717490812,0,-141.507717490812,0
212,213,0.0056945922994496,0.0137398556880114,0,268.064334296303,1,197.999285740296,0,-197.999285740296,0
208,214,0.702702388280758,1.44724530615672,0,36.4920664859551,1,0.0,0,0.0,0
208,215,0.0112868663399445,0.184254819905266,0,36.4920664859551,1,-9.30998871782704,0,9.30998871782704,0
209,215,0.063320307689963,0.628495334569707,0,27.1638031450485,1,-7.38761187651412,0,7.38761187651412,0
211,215,0.083807875209025,0.374528778539403,0,13.7327401967745,1,-11.3793302613358,0,11.3793302613358,0
208,216,0.0924426593830881,0.813144675755145,0,5.76904520158087,1,2.64340588152825,0,-2.64340588152825,0
209,216,0.0511913488692734,0.0117653129847609,0,208.691249612821,1,-66.1434069846714,0,66.1434069846714,0
211,216,0.123057959651173,0.115113706814339,0,15.7372278192564,1,-3.44880693545095,0,3.44880693545095,0
205,218,0.0006022193036633,0.00238740594048,0,921.424970788062,1,531.680923006466,0,-531.680923006466,0
212,218,0.0319113036582676,0.0893558267487805,0,29.0482788089499,1,-6.53664585597163,0,6.53664585597163,0
216,218,0.015947579757506,0.0152697180091976,0,150.891759949952,1,-66.9488080385942,0,66.9488080385942,0
210,219,0.0203714673927801,0.310810644788615,0,149.483862760614,1,10.7524040793096,0,-10.7524040793096,0
217,219,0.0857690902487856,0.401080848159827,0,13.7186549378897,1,-13.7186549378897,0,13.7186549378897,0
218,221,0.0018775601799306,0.0022169541056813,0,760.602411690518,1,492.749041221625,0,-492.749041221625,0
220,221,0.0144676051031495,0.0461948720486764,0,270.773364874381,1,-80.1211552175209,0,80.1211552175209,0
217,223,0.891244518476243,1.49868555917473,0,36.4920664859551,1,0.0,0,0.0,0
211,224,0.0616882916825098,0.0728286460251664,0,150.006909149087,1,-1.29597546320745,0,1.29597546320745,0
215,224,0.0080307934802874,0.0687968717626271,0,6060.00999889974,1,60.576918954784,0,-60.576918954784,0
191,225,0.0199573309414325,0.142416617865384,0,37.3878747604912,1,2.93662777101961,0,-2.93662777101961,0
220,225,0.0040295060851707,0.0035268760517201,0,747.715715173963,1,-254.599822677135,0,254.599822677135,0
222,225,0.0886533853747106,0.0226528445690433,0,297.271936456493,1,5.45053585597445,0,-5.45053585597445,0
218,227,0.0027119522745934,0.0436404262366411,0,1107.88005766084,1,-34.5535721097256,0,34.5535721097256,0
221,229,0.0181953798219356,0.0047376004431888,0,425.297170470411,1,-209.32642155831,0,209.32642155831,0
227,229,0.0223229128743103,0.0340883754197501,0,80.4190093101208,1,47.1899777422648,0,-47.1899777422648,0
227,230,0.0051132012808819,0.0439575941466044,0,659.825136044651,1,29.4945655853629,0,-29.4945655853629,0
219,231,0.0463252426766716,0.170821596381232,0,77.1418151153451,1,-2.96625085858009,0,2.96625085858009,0
222,231,0.0866042442542416,0.0006394017126314,0,300.207231583488,1,-5.45053585597453,0,5.45053585597453,0
228,231,0.0258386686857358,0.355028328928333,0,101.530670852806,1,8.41678671455469,0,-8.41678671455469,0
226,232,0.0160870174376887,0.0231268949390724,0,440.387554168273,1,96.0568457575925,0,-96.0568457575925,0
227,232,0.002136167115929,0.0286686037516193,0,475.842615403428,1,-96.0568457575926,0,96.0568457575926,0
226,233,0.0008005676463997,0.0163155369961643,0,333.436269562982,1,174.5451660701,0,-174.5451660701,0
227,233,0.0101159940026597,0.0568731070986515,0,11075.8897608652,1,-37.4080865752708,0,37.4080865752708,0
227,234,0.42802645195552,0.895225373383725,0,3.29963968420321,1,-0.767910393822303,0,0.767910393822303,0
228,234,0.0563161610782794,0.353564744526185,0,96.5991797482195,1,-8.41678671455469,0,8.41678671455469,0
229,234,0.0019158832599376,0.0138351837339337,0,869.758489701577,1,-165.959671408712,0,165.959671408712,0
226,235,0.0074403805227413,0.0298007060871391,0,386.762869603602,1,94.241350520309,0,-94.241350520309,0
233,235,0.201390029149535,1.04781125922594,0,36.4920664859551,1,-0.037544286779892,0,0.037544286779892,0
183,237,0.189111499418712,0.166230058139706,0,51.0541251895247,1,-1.06729035589422,0,1.06729035589422,0
187,237,0.0382742753010562,0.471134142388088,0,14.2860671648669,1,12.2452180634496,0,-12.2452180634496,0
217,237,0.0368257711694171,0.515984844532837,0,63.7466272488025,1,-18.1832336897466,0,18.1832336897466,0
221,237,0.0008726516505719,0.0021694668301772,0,590.771617491872,1,-321.274453710645,0,321.274453710645,0
227,237,0.003796097290042,0.0827729039886536,0,903.572149588636,1,22.9947272893325,0,-22.9947272893325,0
229,237,0.0012854426984844,0.0770842618426694,0,15.0613308254437,1,3.82322759266644,0,-3.82322759266644,0
230,237,0.000951775058366,0.002497928739783,0,3467.35751674876,1,242.933355531232,0,-242.933355531232,0
186,238,0.0281350234963902,0.0796726649853072,0,942.082632465408,1,-50.5780955478099,0,50.5780955478099,0
233,238,0.0162108561007394,0.0306353203914262,0,734.530116390546,1,106.560156080523,0,-106.560156080523,0
235,238,0.010396561807411,0.0400275946447244,0,258.312607792754,1,82.5391552557412,0,-82.5391552557412,0
235,239,0.0701204313315598,0.153524090207849,0,168.813100401102,1,11.6646509777879,0,-11.6646509777879,0
238,239,0.0854828730688356,0.129711460961751,0,185.874603971119,1,-11.6646509777879,0,11.6646509777879,0
186,240,0.0295999562774788,0.195165207827601,0,61.7739148988277,1,-14.5945644617972,0,14.5945644617972,0
187,240,0.124732757585264,0.471989882533742,0,17.0726895212416,1,13.102252928574,0,-13.102252928574,0
188,240,0.002800318173847,0.0261003917199,0,708.464293757133,1,-92.8825599826094,0,92.8825599826094,0
190,240,0.0840680607415353,0.289143851105487,0,2.44603419320457,1,-2.44603419320457,0,2.44603419320457,0
236,240,0.0278751727449509,0.0428897129534992,0,128.920089144939,1,-53.3649610572048,0,53.3649610572048,0
238,240,0.0003690254786803,0.0078658563636634,0,335.156607366117,1,150.185866766242,0,-150.185866766242,0
242,244,0.000398280408434,0.0031329210979451,0,555.262268579564,1,-444.430451880611,0,444.430451880611,0
241,249,0.0107995999988533,0.0609693966646781,0,706.198744334047,1,-22.569171266437,0,22.569171266437,0
246,251,0.0023375829357762,0.0028840962604479,0,297.04940309749,1,-200.241106920323,0,200.241106920323,0
243,252,0.0066153389567362,0.0018130762594585,0,837.175552525455,1,-252.346616863955,0,252.346616863955,0
246,252,0.245713026815008,0.303705457201956,0,697.468225031349,1,22.8632649491311,0,-22.8632649491311,0
248,253,0.0072676822196698,0.0297504149087639,0,457.382778968298,1,-80.555143269646,0,80.555143269646,0
251,253,0.0460293190051129,0.0386183907946778,0,122.243758936981,1,0.593901677316122,0,-0.593901677316122,0
244,254,0.0012347076993377,0.012036857692806,0,444.43045188061,1,-444.43045188061,0,444.43045188061,0
250,254,0.0030225185951562,0.0039352280296344,0,2248.22660024036,1,645.26546047825,0,-645.26546047825,0
251,254,0.0003773253827544,0.0178523163252946,0,358.95870058475,1,-200.83500859764,0,200.83500859764,0
256,257,0.0104722713120544,0.0148286451756668,0,501.360722206708,1,111.550009383917,0,-111.550009383917,0
256,258,0.0046424994775142,0.0107061177666304,0,572.388449706938,1,199.153404510961,0,-199.153404510961,0
247,259,0.0264323755391525,0.0815789524575849,0,216.730138456722,1,40.8148997287984,0,-40.8148997287984,0
252,259,0.0001785630422326,0.0380734068763742,0,225.921465411711,1,-47.06065241357,0,47.06065241357,0
253,260,0.0023123698195304,0.0076150389098849,0,297.002188576313,1,-79.9612415923297,0,79.9612415923297,0
255,260,0.0038152463672683,0.0434496368590323,0,2768.12117215262,1,-44.8870695383497,0,44.8870695383497,0
260,261,0.0003748059249869,0.0022751912034537,0,1386.50347887468,1,-314.52540514496,0,314.52540514496,0
257,263,8.40266117588086e-05,0.0016145279407262,0,1741.69140325254,1,-307.256352098453,0,307.256352098453,0
258,263,0.0027725601296729,0.0065355879736855,0,243.477144052506,1,-149.045237119285,0,149.045237119285,0
258,265,0.0001334616262268,0.0083671077208571,0,1147.42966243153,1,264.388926449432,0,-264.388926449432,0
264,265,0.0221758152088178,0.0427480112514825,0,245.358650406693,1,-31.1302613837317,0,31.1302613837317,0
261,266,0.0109358039082009,0.169786333903202,0,259.242105041196,1,11.8392142924982,0,-11.8392142924982,0
255,268,0.0034822983096277,0.0432660623276726,0,2857.22317548031,1,44.8870695383497,0,-44.8870695383497,0
259,268,0.167685853552826,0.387945622685371,0,155.306930559678,1,-6.24575268477163,0,6.24575268477163,0
267,268,0.0025369934271768,0.0218765082420686,0,624.683540912658,1,-103.749988258446,0,103.749988258446,0
262,269,0.0004988174440503,0.0019420451135105,0,1426.90272629379,1,456.301589217738,0,-456.301589217738,0
263,269,0.0037076582802576,0.010486801661849,0,1444.07470617524,1,-456.301589217738,0,456.301589217738,0
268,270,0.0606587541771001,0.0075436023917341,0,247.922806677158,1,-60.0522180630303,0,60.0522180630303,0
264,272,0.0004746054503106,0.0222319310975248,0,211.753428998278,1,31.1302613837316,0,-31.1302613837316,0
271,272,0.003077414526581,0.02399025281177,0,168.104440708886,1,-14.2902432213344,0,14.2902432213344,0
267,273,0.0034790995836319,0.0198971568808528,0,1525.10982959781,1,125.514895660947,0,-125.514895660947,0
274,275,0.088113177087721,0.0639770956984953,0,2131.81745578516,1,-25.1130897977497,0,25.1130897977497,0
270,276,0.007761969784093,0.0603850599677652,0,264.672623453326,1,-60.0522180630305,0,60.0522180630305,0
260,277,4.68925870666375e-05,0.0058619769442997,0,662.473250749007,1,256.369552783024,0,-256.369552783024,0
271,279,0.0531777195146192,0.0374405302025354,0,8.06845108725962,1,1.38454326308137,0,-1.38454326308137,0
278,279,0.031018471606261,0.0970460296265101,0,65.4561382253644,1,27.3153828994064,0,-27.3153828994064,0
271,280,0.0112010213157703,0.186210470598575,0,1960.901695188,1,-20.6906093761425,0,20.6906093761425,0
276,280,0.0054538578319177,0.10064905738793,0,4832.21639019222,1,40.5691581913513,0,-40.5691581913513,0
278,280,0.0032450107180817,0.06307284783718,0,146.857711930263,1,-19.8785488152089,0,19.8785488152089,0
274,281,0.0029648839859422,0.0136758515213264,0,1250.13067824445,1,-188.64807096364,0,188.64807096364,0
277,281,0.0155062516451525,0.0387144642542094,0,376.725866130725,1,101.761235376795,0,-101.761235376795,0
275,282,0.0232788728966591,0.221955171055167,0,604.454934461981,1,16.430991588676,0,-16.430991588676,0
279,282,0.0180043053873264,0.0105224547690983,0,350.175038051811,1,214.933466186437,0,-214.933466186437,0
275,283,0.0059752743767401,0.0299922215591577,0,176.072100540154,1,-41.5440813864256,0,41.5440813864256,0
277,284,0.0580619593735066,0.103512051931926,0,34.604295925183,1,-7.07265207859246,0,7.07265207859246,0
267,285,0.0188188956834672,0.146605281693073,0,1440.67665526277,1,-21.7649074025011,0,21.7649074025011,0
268,285,0.0579795181629145,0.182175696133709,0,77.6366938121906,1,-5.05645334183767,0,5.05645334183767,0
276,285,0.0012707229557131,0.0469356854552344,0,283.320208043093,1,67.2857742801649,0,-67.2857742801649,0
281,285,0.0016582173663914,0.0183519365489668,0,185.749901307615,1,-134.656819380157,0,134.656819380157,0
281,286,0.0068666361831561,0.0424076008113684,0,91.2174080919489,1,48.6310776274995,0,-48.6310776274995,0
278,287,0.0108370070693977,0.231151759540582,0,15.9954328939961,1,0.643747137613476,0,-0.643747137613476,0
281,287,0.003161753760608,0.166613483333004,0,108.980360190929,1,-0.86109383418741,0,0.86109383418741,0
283,287,0.0274682804756112,0.0013280872211894,0,470.665607510623,1,97.3347150341482,0,-97.3347150341482,0
286,287,0.000845248770694,0.0227126950410864,0,325.015417507073,1,-97.117368337575,0,97.117368337575,0
278,288,0.001393659703896,0.0031737878910096,0,380.108614676075,1,-339.826350562728,0,339.826350562728,0
284,289,0.535911240689307,0.375749723035029,0,77.5139498411756,1,4.41051174374185,0,-4.41051174374185,0
257,290,0.0012677990972133,0.0039255298665286,0,1305.36574543153,1,418.80636148237,0,-418.80636148237,0
283,290,7.51874874600633e-05,0.0018632087844872,0,1889.14404452506,1,-446.729348851634,0,446.729348851634,0
245,291,0.0010811919302688,0.0146664806754044,0,261.425681152277,1,-57.2508904389172,0,57.2508904389172,0
249,291,0.0026429345393954,0.0082997710187873,0,1951.18812591588,1,55.4127374461758,0,-55.4127374461758,0
260,291,0.0035549256689461,0.0166543778001178,0,1001.40401216784,1,-66.6924587687446,0,66.6924587687446,0
283,292,0.131406296544712,0.451651103433435,0,81.1450526292189,1,7.42401070179698,0,-7.42401070179698,0
288,292,0.0018294368275466,0.0182822024652356,0,661.376422824076,1,243.468131514123,0,-243.468131514123,0
284,293,0.053347501085103,0.0854690014442536,0,1225.04183991134,1,25.4176656488301,0,-25.4176656488301,0
286,293,0.0085231672208544,0.179467356552038,0,1408.0387618404,1,-25.4176656488301,0,25.4176656488301,0
242,294,0.0672926563988081,0.0648382620966316,0,703.544759045729,1,6.12168039643325,0,-6.12168039643325,0
248,294,0.0322388481163016,0.0150503440390024,0,386.645180225689,1,75.3455331603121,0,-75.3455331603121,0
284,294,0.00127197087883,0.444378486072018,0,77.1046944980325,1,7.58071221804192,0,-7.58071221804192,0
286,294,0.0021909652366185,0.0364173223877533,0,147.049814908905,1,-92.4109222291177,0,92.4109222291177,0
289,294,0.153980969723634,0.508908313133538,0,3.36299645433045,1,3.36299645433045,0,-3.36299645433045,0
241,295,0.0712163426598811,0.298134191441912,0,164.09595706877,1,11.4204353912241,0,-11.4204353912241,0
288,295,0.0001212913356489,0.0015921347179127,0,3816.22264988248,1,-541.058262631908,0,541.058262631908,0
290,295,0.0228768072025507,0.0403666925454932,0,971.234766180046,1,-27.9229873692635,0,27.9229873692635,0
291,296,0.0096533997761979,0.0368026120178365,0,2794.14685776029,1,27.25427007722,0,-27.25427007722,0
241,297,0.0003986792399712,0.0078887885764033,0,549.704697107647,1,210.752796604965,0,-210.752796604965,0
247,297,0.0234637496429871,0.0371876620274348,0,197.064130445494,1,-40.8148997287984,0,40.8148997287984,0
288,297,0.0058293271595858,0.0616455661880157,0,1161.76784844181,1,-42.2362194449419,0,42.2362194449419,0
242,298,0.0012087568030775,0.0263244921148748,0,552.185747253981,1,-64.0543720568499,0,64.0543720568499,0
248,298,0.0956425884552368,1.0098683704052,0,36.4920664859551,1,-0.939866780760705,0,0.939866780760705,0
242,299,0.105913063081308,0.214569955482921,0,50.6353117542558,1,-5.00701432776638,0,5.00701432776638,0
243,299,0.003837795874188,0.0802230025391915,0,186.015508011858,1,-73.5019849283166,0,73.5019849283166,0
289,299,0.0293822321525155,0.229288198127785,0,86.1550520456995,1,1.04751528941141,0,-1.04751528941141,0
298,299,0.0034571408501225,0.026751815800226,0,123.957969129799,1,22.8711193023933,0,-22.8711193023933,0
245,300,0.0007748836331864,0.0131730121048524,0,417.809407329256,1,87.865358140004,0,-87.865358140004,0
298,300,0.00089453236948,0.0133148727997236,0,406.011672391762,1,-87.8653581400039,0,87.8653581400039,0
54,106,0.0005681122321193,0.0077428538936118,0,2833.72683531806,1,755.100919508356,0,-755.100919508356,0
16,115,0.0002068335892711,0.0035670362097348,0,852.227547824853,1,784.015505576228,0,-784.015505576228,0
12,78,5.74259965958793e-05,0.0022899559886299,0,2692.90778684952,1,428.950220732284,0,-428.950220732284,0
34,99,0.000669175435369,0.001148389891326,0,1475.56427815655,1,590.733847146684,0,-590.733847146684,0
78,152,0.002441659472356,0.019324895350258,0,255.071127298615,1,-151.890014601589,0,151.890014601589,0
97,155,0.551754096088632,0.698716927021673,0,16.8569501700632,1,-4.89059781361299,0,4.89059781361299,0
105,175,7.94443415935604e-05,0.0106261926563543,0,366.320207143323,1,-294.108113825926,0,294.108113825926,0
76,136,0.0005108837122785,0.007291206560827,0,360.938526380832,1,160.613426172523,0,-160.613426172523,0
132,224,0.0122226601873422,0.0500403730592376,0,8319.47832980048,1,-59.2809434915766,0,59.2809434915766,0
166,192,0.010393713091848,0.0128489279634426,0,222.812432592974,1,-205.20616817379,0,205.20616817379,0
180,200,0.0311811461489513,0.185684949665315,0,2191.15007331434,1,-23.9327489676862,0,23.9327489676862,0
160,182,0.0022244163314764,0.0383424321439469,0,447.013424322493,1,-60.4432476802766,0,60.4432476802766,0
230,295,0.0006262378331865,0.0662777608360319,0,150.862438059975,1,141.617306507712,0,-141.617306507712,0
217,279,0.0001468998639584,0.0214128916318397,0,674.005819431873,1,186.233540023949,0,-186.233540023949,0
233,245,0.0504029502577318,0.304719762032598,0,164.844997384754,1,30.6144677010867,0,-30.6144677010867,0
186,272,0.0440337833881422,0.138173705037798,0,1221.62055080027,1,70.2888101522062,0,-70.2888101522062,0
249,34,0.0196407005202593,0.016494905188155,0,458.861314384974,1,238.925410157226,0,-238.925410157226,0
295,52,0.0008588545035286,0.010059984170235,0,710.525541215763,1,-415.943508102237,0,415.943508102237,0
256,33,0.0011552380348162,0.0020804060387819,0,1546.48832948887,1,-407.551576143972,0,407.551576143972,0
249,41,0.0039801361581186,0.0091492650196409,0,512.089187451943,1,-167.383750122719,0,167.383750122719,0
