from_bus,to_bus,resistance,reactance,susceptance,line_rating,line_status,P_from,Q_from,P_to,Q_to
2,5,0.0205452952792677,0.303340768624711,0,143.323856480802,1,14.2611895461084,0,-14.2611895461084,0
2,6,0.0039624683621611,0.0094881895922603,0,685.846712299088,1,-282.184292164524,0,282.184292164524,0
1,8,0.345810622226315,0.0273158805987994,0,84.7708435324701,1,12.8874854196707,0,-12.8874854196707,0
5,8,0.0260259761981755,0.198614846736999,0,100.496197927534,1,-12.8874854196707,0,12.8874854196707,0
2,10,0.0073093207535189,0.0596572998586355,0,62.9046722230467,1,21.732241653832,0,-21.732241653832,0
6,11,0.0051486153666582,0.0239738347221295,0,870.894612766162,1,97.2885574323831,0,-97.2885574323831,0
3,12,0.0231450141040954,0.0717358342378736,0,11356.7903899085,1,-10.7486876857366,0,10.7486876857366,0
6,12,0.023333614417357,0.0329781684020188,0,1199.08981293655,1,17.6392243708343,0,-17.6392243708343,0
7,12,0.413314822575081,0.558025445496333,0,4.90925096348082,1,-1.17586316319046,0,1.17586316319046,0
9,14,0.0048975150677351,0.0447788320194112,0,85.1561624747662,1,39.2799441576774,0,-39.2799441576774,0
13,14,0.0003204763675702,0.0408561477119273,0,57.6993353201943,1,-37.9521157195616,0,37.9521157195616,0
11,15,0.174239018458584,0.27153237371822,0,70.5630220062703,1,6.52787221603047,0,-6.52787221603047,0
12,15,0.03171248821567,0.616518005638948,0,74.1495855736279,1,5.71467352190724,0,-5.71467352190724,0
9,16,0.0053946693198327,0.0031523409967132,0,773.283733441918,1,-307.002893623548,0,307.002893623548,0
7,17,0.0072237726963789,1.0472798073035,0,4.77148035352095,1,1.17586316319046,0,-1.17586316319046,0
9,17,0.0226920994956785,0.233868823349564,0,70.7629986226402,1,-1.33915202609563,0,1.33915202609563,0
11,17,0.167204509933517,0.838690560709075,0,70.7629986226402,1,0.163288862905175,0,-0.163288862905175,0
9,18,0.0010398211789226,0.0086778433025506,0,600.289369679173,1,269.062101491966,0,-269.062101491966,0
18,19,0.0014755780640859,0.0088518438722394,0,540.373263069633,1,268.756962692362,0,-268.756962692362,0
20,22,0.007418909468599,0.0193370024961477,0,555.816607249786,1,-92.9522634360672,0,92.9522634360672,0
13,23,0.0262853932822704,0.140192951739389,0,196.86294056927,1,-9.38645190540468,0,9.38645190540468,0
14,23,0.012428820724934,0.176726781942609,0,9.04185111908513,1,1.32782843811574,0,-1.32782843811574,0
15,23,0.0033464285742633,0.0548234804136672,0,387.21710496623,1,12.2425457379377,0,-12.2425457379377,0
18,23,0.0071363931099703,0.0815755803562676,0,19.1724444066232,1,-4.18392227064876,0,4.18392227064876,0
20,24,0.0070847381545548,0.105632916813484,0,75.4472800348298,1,1.98273318447001,0,-1.98273318447001,0
24,25,0.0003038722545495,0.0043807609646254,0,2529.23197389309,1,614.066424229475,0,-614.066424229475,0
16,26,0.0005570341098709,0.0037390096727957,0,1569.69750397685,1,322.035093515917,0,-322.035093515917,0
21,26,0.0089223040828689,0.0218437865457412,0,768.344463363075,1,-159.432104609006,0,159.432104609006,0
18,27,0.0886803433169763,0.391065650655138,0,26.3442073196899,1,3.74179573188842,0,-3.74179573188842,0
21,27,0.0083173223334323,0.451967762975771,0,10.0380988227928,1,0.17534691814307,0,-0.17534691814307,0
21,28,0.0001510069025128,0.0014997747586355,0,2690.97209731907,1,643.439297343199,0,-643.439297343199,0
24,28,6.25254053617156e-06,0.019383013041273,0,179.759306892054,1,67.2090022384939,0,-67.2090022384939,0
19,29,0.0007931522864637,0.0026805491751426,0,485.611040073238,1,405.118327302769,0,-405.118327302769,0
22,30,0.0379834020291662,0.0184968120429681,0,122.472176221855,1,95.6136006227486,0,-95.6136006227486,0
24,30,7.61874395557589e-05,0.0003508255609256,0,1548.36625748013,1,-679.292693283498,0,679.292693283498,0
28,31,0.542935928194883,0.939896065233504,0,70.7629986226402,1,0.0,0,0.0,0
26,32,0.0012630310282866,0.0101353334717967,0,188.22730097558,1,114.247994392966,0,-114.247994392966,0
27,33,0.0104483556138101,0.176740441337933,0,7.06279871354722,1,-0.328244705667403,0,0.328244705667403,0
26,34,0.149602278824482,0.252284256775167,0,85.215053055088,1,8.35984661964994,0,-8.35984661964994,0
27,34,0.0198513178195058,0.0441538376974659,0,39.0143937241448,1,-32.9030136568588,0,32.9030136568588,0
28,35,0.0012617606016765,0.010593940207351,0,1489.21463834784,1,-110.511337263447,0,110.511337263447,0
32,35,0.0142138074312967,0.0191738052411365,0,1766.23090499212,1,110.511337263447,0,-110.511337263447,0
18,36,0.0199928306400565,0.24993912140698,0,41.7817786728055,1,-1.99598483358873,0,1.99598483358873,0
30,36,0.0017237865374685,0.0029867163329766,0,3510.56498569933,1,-437.570558417926,0,437.570558417926,0
27,37,0.199459962874916,0.0051780148688842,0,106.805478059041,1,-5.79594448097227,0,5.79594448097227,0
33,37,0.136901146863773,0.689691156391828,0,70.7629986226402,1,0.0406016913299178,0,-0.0406016913299178,0
30,39,0.0004864569006989,0.0013462305516084,0,1554.48294320011,1,-303.563792766416,0,303.563792766416,0
36,40,0.0280914980325644,0.33518881524829,0,5.16164459299537,1,3.02577203212611,0,-3.02577203212611,0
19,41,0.0015127725448295,0.0190294593252212,0,848.398269517398,1,-60.9466616138329,0,60.9466616138329,0
33,41,0.0291009431747799,0.504440370669518,0,10.1036640895364,1,-0.368846396997321,0,0.368846396997321,0
38,41,0.0011792430381593,0.0038177468736962,0,633.541400398851,1,124.144240404189,0,-124.144240404189,0
39,41,0.0332114295218025,0.819556002445395,0,9.86431523173433,1,1.00036491328465,0,-1.00036491328465,0
40,41,0.248225516165107,0.15750105595875,0,82.4393371902627,1,4.46906469195377,0,-4.46906469195377,0
34,42,0.0011282534183418,0.206254925087325,0,21.5090630135149,1,-1.4009500568293,0,1.4009500568293,0
38,42,0.000213741208208,0.0247474796801873,0,951.767898214938,1,-41.3666673922361,0,41.3666673922361,0
36,43,0.0620350570450098,0.197390253698463,0,19.8522977714347,1,2.8758549461288,0,-2.8758549461288,0
37,43,0.0491154457308788,0.237081491739457,0,108.866753274258,1,-5.75534278964237,0,5.75534278964237,0
39,43,0.0289418569728925,0.256516013299967,0,7.8657448532493,1,-1.28867800416553,0,1.28867800416553,0
42,43,0.0543498104297779,0.0833101286591488,0,39.0155044048822,1,4.1681658476791,0,-4.1681658476791,0
34,44,0.0839889329713981,0.0475848975299529,0,4114.52532562234,1,-23.1422169803795,0,23.1422169803795,0
36,44,0.0039436034383101,0.0017301117239479,0,1401.36174433972,1,-342.088815444134,0,342.088815444134,0
39,45,0.0130543494355452,0.0111159637460765,0,446.877645707898,1,-4.20409578830184,0,4.20409578830184,0
39,46,0.0050404604640151,0.0003327262151478,0,1398.40015307403,1,-68.7578269652343,0,68.7578269652343,0
40,46,0.0090360679370757,0.0962037683556332,0,55.9845527345359,1,-1.44329265982766,0,1.44329265982766,0
45,46,0.0003591816660038,3.426556089829e-05,0,2616.5204946615,1,696.181361533019,0,-696.181361533019,0
22,47,0.0094768430033568,0.0171450294560214,0,26630.1464788172,1,-17.8689117338243,0,17.8689117338243,0
30,47,0.0483630580088112,0.0571804423556557,0,3557.98838258259,1,-36.2870543146233,0,36.2870543146233,0
30,48,0.017571745482167,0.0177347327134921,0,693.395771891786,1,-56.8165327458305,0,56.8165327458305,0
39,49,0.0064293510576506,0.0102699815665199,0,1178.95683621165,1,-254.94637929503,0,254.94637929503,0
1,51,0.0890275089021746,0.0430496437140795,0,100.565270247837,1,-7.23358263242793,0,7.23358263242793,0
42,51,0.0198073028925187,0.0225541723114154,0,3223.97167677941,1,-46.9357832967445,0,46.9357832967445,0
47,51,0.0142994482067895,0.0012957345414612,0,176.680588081587,1,-54.1559660484474,0,54.1559660484474,0
48,51,0.0134208288752207,0.071520587311506,0,285.912642746966,1,-15.9038899725503,0,15.9038899725503,0
50,51,0.00021135853885,0.0089290493627512,0,903.350744632001,1,114.088218333894,0,-114.088218333894,0
18,52,0.001501602241966,0.0855669468618493,0,85.2863221246595,1,2.7432501719528,0,-2.7432501719528,0
19,52,0.0045617972750265,0.0284329586464758,0,246.945646805605,1,-75.4147029965738,0,75.4147029965738,0
36,52,0.0193457571749337,0.708219117155541,0,16.6230156840111,1,1.03584642036703,0,-1.03584642036703,0
48,52,0.0079034058865672,0.18134146545909,0,46.1308631207276,1,2.3951120309943,0,-2.3951120309943,0
2,53,0.0216612328381124,0.264292879797073,0,10.1706272392535,1,4.46682844169529,0,-4.46682844169529,0
45,53,0.0477497635166531,0.360893484566236,0,9.00610815560197,1,-4.46682844169529,0,4.46682844169529,0
3,54,0.0016959963091289,0.174752313713277,0,16.6139651898793,1,-3.96730810353374,0,3.96730810353374,0
50,54,0.0028241041194775,0.0597118739539351,0,386.819243254984,1,-35.2050197213855,0,35.2050197213855,0
4,55,4.0705424797732e-05,0.0001596511025831,0,4170.13844046157,1,1748.93879775367,0,-1748.93879775367,0
5,55,0.0005937483219841,0.0018750428649272,0,7263.38468106273,1,-904.181662828865,0,904.181662828865,0
10,55,0.0003251767780723,0.0613896158179175,0,57.4937213834171,1,21.732241653832,0,-21.732241653832,0
38,55,0.002953177001071,0.0067000728649009,0,423.429263849653,1,-82.7775730119524,0,82.7775730119524,0
45,55,1.25150096139439e-05,0.0002327562505763,0,5816.952990819,1,-695.918628879622,0,695.918628879622,0
3,56,0.0009594544227831,0.0088218538646199,0,409.488922514644,1,-360.090490413323,0,360.090490413323,0
54,56,0.0002639345496577,0.0188910821420106,0,786.91781842748,1,-131.45723445017,0,131.45723445017,0
52,57,0.0067097321624014,0.0772056595114015,0,41.389975121457,1,-2.57689387013487,0,2.57689387013487,0
3,58,0.0005472590533711,0.0113570486816644,0,578.656430763361,1,191.439659783507,0,-191.439659783507,0
48,58,0.0194530960407757,0.0321149592019355,0,485.072141867958,1,-43.3077548042746,0,43.3077548042746,0
49,58,0.0029767115747657,0.0327601316251851,0,122.656165006777,1,19.1851691734564,0,-19.1851691734564,0
57,58,4.20031343726123e-05,0.0097639614670203,0,1312.44500881063,1,-166.552184691029,0,166.552184691029,0
39,59,0.574624470352683,0.616260759370102,0,70.7629986226402,1,-1.41713900016094,0,1.41713900016094,0
49,59,0.0034074371457289,0.0107902162786633,0,2649.54333278927,1,161.717561017688,0,-161.717561017688,0
50,59,0.0087005197989891,0.0098384321852371,0,571.018143476236,1,191.268980926446,0,-191.268980926446,0
1,60,0.0834781831167036,0.08749785562697,0,8.41226974800029,1,-5.65390278724276,0,5.65390278724276,0
2,60,0.0104849619320782,0.0038044081286347,0,797.229109319266,1,241.724032522888,0,-241.724032522888,0
3,60,0.0082336468052292,0.0099437912576105,0,225.694555551639,1,225.69455554817,0,-225.69455554817,0
44,60,0.0482585182326992,0.177450003944338,0,43.6382731768792,1,-2.42114271398172,0,2.42114271398172,0
52,60,0.0040304342549128,0.0263275592448088,0,150.659762829776,1,-66.6636005031248,0,66.6636005031248,0
54,60,0.0031709491427364,0.0396654504679491,0,216.23568576814,1,74.0582997041662,0,-74.0582997041662,0
57,60,0.002601293701517,0.0033286174937074,0,1145.19694722385,1,-467.503131232535,0,467.503131232535,0
58,60,0.0091876050218171,0.0916080245576167,0,19.0157962549369,1,0.764889461660112,0,-0.764889461660112,0
61,63,0.0049967537853377,0.305625620187321,0,70.7629986226402,1,1.31826140556919,0,-1.31826140556919,0
63,64,0.004238148531787,0.351251388106752,0,46.3543654869559,1,-4.78677054861407,0,4.78677054861407,0
62,65,4.59073711059981e-05,0.0021996616084705,0,834.62770523051,1,-631.091396704233,0,631.091396704233,0
64,66,0.0357420331193173,0.0853269070942881,0,82.4919950586565,1,-4.48194123214006,0,4.48194123214006,0
62,67,0.027227633450533,0.239421897095595,0,11.0685798498526,1,-3.11609587701359,0,3.11609587701359,0
61,69,0.0009418682574104,0.0074283587724368,0,662.145016141273,1,-217.466734861704,0,217.466734861704,0
63,69,0.0006261181522738,0.0060428015873831,0,985.25442732168,1,-334.00325297513,0,334.00325297513,0
63,71,0.0134004521622154,0.0436492281542349,0,328.624417538339,1,-83.393576325342,0,83.393576325342,0
63,72,0.0001178735761234,0.0126985534125903,0,273.724972716164,1,-213.479031124437,0,213.479031124437,0
67,72,0.026469194125398,0.0049765196581842,0,310.300346137526,1,114.147777012114,0,-114.147777012114,0
68,73,0.0004090743351044,0.0032554607592826,0,445.941723779934,1,391.654740588485,0,-391.654740588485,0
72,74,0.0103201232720559,0.0410575422257529,0,86.1112170428915,1,-67.6150700517293,0,67.6150700517293,0
65,75,0.000877962369374,0.0016988744773678,0,807.447624449848,1,-608.731878390066,0,608.731878390066,0
68,77,0.0001531878122146,0.0033984468567781,0,479.145252166759,1,-391.654740588485,0,391.654740588485,0
71,77,0.008448902012031,0.0102149191580389,0,161.772538104005,1,83.1226773928556,0,-83.1226773928556,0
72,79,0.0074601654660378,0.0669768153045231,0,1217.87505728729,1,-31.7161840605945,0,31.7161840605945,0
79,80,0.0002626006968541,0.0215556537555094,0,3441.76194312567,1,-243.657283420843,0,243.657283420843,0
79,81,0.0020249020368823,0.0917253939530521,0,16.7744126683122,1,8.87215616638812,0,-8.87215616638812,0
78,82,0.0352260424053193,0.0344672692637877,0,619.276945956163,1,-29.1640725737681,0,29.1640725737681,0
80,82,0.0010183264888372,0.0048107650432683,0,1269.2671930343,1,-418.556806073807,0,418.556806073807,0
76,83,0.957048653409487,0.322662989159447,0,70.7629986226402,1,0.0,0,0.0,0
66,84,0.0014511043152258,0.0045258435893567,0,2030.30061491202,1,-359.507480759916,0,359.507480759916,0
69,84,0.0010253680616435,0.0106487590340773,0,360.130092397155,1,-157.06517701899,0,157.06517701899,0
76,84,0.0001911055854725,0.0037207908623936,0,825.417842688243,1,322.178653844864,0,-322.178653844864,0
77,84,0.0002278864203484,0.0012995039351084,0,1149.84501256077,1,-692.487937760145,0,692.487937760145,0
79,84,0.0862007945716978,0.11692523021803,0,9.7862477530737,1,9.78624775054574,0,-9.78624775054574,0
81,84,0.0094850261049969,0.0481854324701655,0,124.432574539928,1,6.85803228668518,0,-6.85803228668518,0
75,85,0.000462824028675,0.0018585039700787,0,757.167473602799,1,-608.731878390066,0,608.731878390066,0
76,85,0.0003042971193487,0.0037150975544208,0,698.473974282195,1,-322.178653844864,0,322.178653844864,0
78,87,0.000539249560084,0.0508970868225324,0,98715.0573742299,1,29.1640725737681,0,-29.1640725737681,0
81,88,0.0053147514087782,0.0141883627107293,0,618.321932956089,1,-75.9867579462503,0,75.9867579462503,0
79,89,0.0382542143865635,0.0399102339809285,0,57.694586983833,1,57.2599451753818,0,-57.2599451753818,0
81,89,0.017263822967846,0.0533247472362065,0,558.687990614178,1,27.5942384422703,0,-27.5942384422703,0
61,91,0.001441303076555,0.0127397223712536,0,447.234764885043,1,-197.788863139775,0,197.788863139775,0
74,91,0.0123264845501585,0.0376594553100989,0,85.283213465998,1,68.0921640437919,0,-68.0921640437919,0
81,91,0.0025924387882441,0.01252176454142,0,1284.40786081318,1,87.7394071586774,0,-87.7394071586774,0
70,92,0.0918946107268399,1.11197683671104,0,70.7629986226402,1,0.0,0,0.0,0
86,92,0.0171402309880642,0.0318294901530008,0,33.0915241395952,1,1.73172764162326,0,-1.73172764162326,0
88,93,0.0196480993400137,0.275130203892836,0,4.26189189884858,1,0.95549801075363,0,-0.95549801075363,0
90,93,0.0555472866498276,0.202151503553134,0,4.85111904102083,1,-0.955498010753628,0,0.955498010753628,0
88,94,0.011992110402913,0.0428153012660267,0,647.931417332677,1,-76.9422559570039,0,76.9422559570039,0
94,95,0.0013666517246606,0.069747957479807,0,618.196482649736,1,39.1381522606693,0,-39.1381522606693,0
87,96,0.0133617964291497,0.0475581984519155,0,4536.73625232864,1,29.1640725737681,0,-29.1640725737681,0
95,97,0.0008821632757729,0.0106968291940844,0,554.234118977585,1,388.248765749631,0,-388.248765749631,0
90,98,0.101831699215996,0.18297631762009,0,4.40471041655391,1,0.95549801075363,0,-0.95549801075363,0
92,99,0.029035088675708,0.0806012866654066,0,195.193206296315,1,14.9695459562259,0,-14.9695459562259,0
91,101,0.0026934316485204,0.073885774802148,0,92.6091813081748,1,0.0717421549276676,0,-0.0717421549276676,0
98,101,0.0021592283388238,0.0251044341328558,0,209.243372704614,1,61.7900952221196,0,-61.7900952221196,0
95,102,0.0170105118730714,0.0165049555876292,0,295.81484146328,1,3.23601105844374,0,-3.23601105844374,0
98,102,0.0023043630080047,0.0271530864159038,0,190.587171401836,1,-42.0565339208244,0,42.0565339208244,0
94,103,0.0073675093579869,0.0345397109215058,0,416.112893314698,1,88.0951780234384,0,-88.0951780234384,0
97,103,0.0020291722764968,0.0435898424340938,0,420.960551637403,1,-88.0951780234384,0,88.0951780234384,0
84,104,0.0100280644709269,0.0924665951918052,0,1254.95572489564,1,-16.0440366334569,0,16.0440366334569,0
97,104,0.0499207594791757,0.535517813255843,0,70.418221051588,1,-6.84101155597315,0,6.84101155597315,0
80,105,0.0001871954865531,0.0836000036110285,0,1545.246045925,1,40.5565520556446,0,-40.5565520556446,0
96,105,0.0062894392486069,0.0523775723872967,0,42558.5865914345,1,29.1640725737681,0,-29.1640725737681,0
98,105,0.0212005614948338,0.0520385162871595,0,759.73432040226,1,-42.8185479383214,0,42.8185479383214,0
102,105,0.0094250291013786,0.255579530598262,0,70.7629986226402,1,-4.25014085373985,0,4.25014085373985,0
100,106,0.0001402088438252,0.0057897782555696,0,745.94079424811,1,-275.893404902456,0,275.893404902456,0
66,107,0.0268410746648616,0.0685311985525216,0,198.294344985927,1,18.8941076871743,0,-18.8941076871743,0
71,107,0.0222078475218952,0.224002263901339,0,157.171668361141,1,12.8173307364581,0,-12.8173307364581,0
97,107,0.0002843678373588,0.0018296631564333,0,733.700885154114,1,405.51965076869,0,-405.51965076869,0
106,107,0.000246087546241,0.0023953103114553,0,686.460113844237,1,-437.231089192323,0,437.231089192323,0
101,108,0.0007646940368121,0.0109778205851731,0,1475.59213378787,1,112.295819748503,0,-112.295819748503,0
101,109,0.0010492918558388,0.0315795847664459,0,191.36716292236,1,-50.4339823714555,0,50.4339823714555,0
102,109,0.0003283480202106,0.0218609847117685,0,203.192848928082,1,50.3401776531539,0,-50.3401776531539,0
80,110,0.006259698961106,0.0127831375430737,0,586.644189960943,1,134.342970597319,0,-134.342970597319,0
81,110,0.0019643073324729,0.0343494625465296,0,573.185799553169,1,-126.600798455619,0,126.600798455619,0
104,111,0.1090970768198,0.0621709476324148,0,4443.24864329714,1,-22.88504818943,0,22.88504818943,0
110,111,0.0426110244032963,0.228980191981655,0,21.3176022285724,1,7.74217214170057,0,-7.74217214170057,0
81,112,0.001238348347776,0.0191503638081984,0,506.455138220996,1,-67.1916818319645,0,67.1916818319645,0
84,112,0.0314664458780255,0.0489557117615753,0,5943.52870521104,1,-33.0339881783609,0,33.0339881783609,0
86,112,0.0007933228251231,0.007689616603007,0,377.972773527936,1,200.967381657451,0,-200.967381657451,0
102,112,0.17509709500725,0.33003721199574,0,9.57276740029951,1,0.916478476862324,0,-0.916478476862324,0
111,112,0.033842576453085,0.559118496042756,0,11.971985699941,1,2.30562962718549,0,-2.30562962718549,0
74,113,0.0001269226871126,0.0140099369112676,0,442.82312116746,1,-135.707234095521,0,135.707234095521,0
92,113,0.0028955946268174,0.0445635471559838,0,754.839169151917,1,-13.2378183146026,0,13.2378183146026,0
63,114,0.0164583766943926,0.0351367950522465,0,3.77600165397689,1,3.74138078778816,0,-3.74138078778816,0
106,114,0.0021044716002374,0.0392608711399066,0,3.74138078860761,1,-3.74138078778814,0,3.74138078778814,0
65,115,0.0149236083181895,0.0506538385996811,0,350.995997024599,1,-12.0523138542559,0,12.0523138542559,0
71,115,0.0004673748743567,0.0049711279101191,0,305.286091763448,1,-179.333584454656,0,179.333584454656,0
109,115,0.0119005583488668,0.229223711102251,0,9.50406434180888,1,-0.0938047183015711,0,0.0938047183015711,0
111,115,0.0050196949466467,0.0163666036651898,0,194.723431238962,1,126.210165462401,0,-126.210165462401,0
62,116,6.15518819596877e-05,0.0007971389503433,0,2543.51254960009,1,941.944884805104,0,-941.944884805104,0
64,116,0.0108733071975533,0.330188689507716,0,10.7681286737926,1,-0.304829316474017,0,0.304829316474017,0
91,116,0.0041803861578669,0.0174514787439351,0,139.628067154739,1,65.3617202662448,0,-65.3617202662448,0
108,116,0.0075049033055216,0.155033370163512,0,70.7629986226402,1,-0.628286764137781,0,0.628286764137781,0
112,117,0.023332757853878,0.152422239706774,0,44.7270201552788,1,-5.1735298885128,0,5.1735298885128,0
113,117,0.0382565892962538,0.237134698972879,0,5.44671547579143,1,5.44671547538923,0,-5.44671547538923,0
67,118,0.026793238168469,0.0831765731674639,0,807.630121072149,1,-33.5262230444098,0,33.5262230444098,0
113,118,0.0408417945776923,0.0414842365616695,0,485.948877742284,1,31.8362706167384,0,-31.8362706167384,0
117,118,0.0398051026967511,0.106514209594518,0,56.5047298926877,1,0.273185586876436,0,-0.273185586876436,0
65,119,0.123808025853077,0.311214942092562,0,43.8219705002715,1,-10.3072044599113,0,10.3072044599113,0
67,119,0.0036644225606417,0.0459755196930735,0,116.55098268409,1,-83.7376498447174,0,83.7376498447174,0
115,119,0.0081615273291013,0.0397928371381861,0,6294.30969443325,1,-65.2695375648126,0,65.2695375648126,0
118,119,0.0572408515185817,0.7490898254013,0,70.7629986226402,1,-1.41676684079495,0,1.41676684079495,0
64,120,0.0331010297265604,0.688392760850596,0,70.7629986226402,1,0.0,0,0.0,0
122,125,0.0075797514182484,0.0172573446676612,0,277.511973273045,1,-54.5892002516479,0,54.5892002516479,0
125,127,0.0004000044337673,0.0186152752577152,0,307.512974396524,1,-54.5892002516479,0,54.5892002516479,0
126,128,0.0085345534008348,0.0343579277788652,0,1278.41459022546,1,30.1168352288964,0,-30.1168352288964,0
124,130,0.0169267304242839,0.247960091865062,0,3.71757983131995,1,0.701561412782898,0,-0.701561412782898,0
127,131,0.0125890686150478,0.685897518604358,0,4.93078374755779,1,-2.77234411404533,0,2.77234411404533,0
129,131,0.0100063406032939,0.0084177683758013,0,697.60953166648,1,-162.779778844254,0,162.779778844254,0
123,133,0.0088094537603101,0.0105526911439206,0,548.482849130254,1,-157.895091503451,0,157.895091503451,0
130,133,0.0538586117887913,0.0505367530973058,0,873.468791323865,1,22.5563073736359,0,-22.5563073736359,0
124,134,0.0532160436292336,0.24292141761043,0,3.7046303821595,1,-0.701561412782899,0,0.701561412782899,0
132,135,0.0084454270659785,0.0032706267320671,0,233.240583829198,1,199.99337483,0,-199.99337483,0
128,136,0.0010529713768822,0.0094275040866506,0,237.085988436227,1,-64.0734640495312,0,64.0734640495312,0
132,136,0.0114223609630689,0.0285149351181817,0,137.282645848937,1,53.217364943912,0,-53.217364943912,0
135,136,0.0104698265734291,0.0915623761313557,0,1499.6670644666,1,9.42948476284957,0,-9.42948476284957,0
127,137,0.0067974275298115,0.017246159582888,0,199.083084277827,1,-47.2092431439439,0,47.2092431439439,0
133,138,0.0013027438295567,0.0163631582972801,0,277.69395004513,1,-135.338784129815,0,135.338784129815,0
130,139,0.0018089552467988,0.0566634326694522,0,835.103106963502,1,-21.0976368025902,0,21.0976368025902,0
138,139,0.0723162165311007,0.0893843758480801,0,4.16001530412842,1,-1.35165804261202,0,1.35165804261202,0
134,140,0.014745507177825,0.101359083527056,0,20.624199463516,1,2.9744090175003,0,-2.9744090175003,0
135,140,0.0204993292868869,0.138343325438283,0,5.57643334128994,1,-1.54779467473065,0,1.54779467473065,0
136,140,0.0022343640207866,0.755293887545617,0,10.8834160763744,1,-1.42661434276965,0,1.42661434276965,0
132,141,0.0001907120833331,0.0026498640801145,0,885.155517824629,1,-456.514632313616,0,456.514632313616,0
134,141,0.0146521776419782,0.0145268659037443,0,822.784568045414,1,-92.8070086594531,0,92.8070086594531,0
135,142,0.0024809159963901,0.195936329383144,0,56.0801741058029,1,2.85609967192744,0,-2.85609967192744,0
134,143,0.0070292981450865,0.0263032621734961,0,80.0457134689172,1,36.2119588270016,0,-36.2119588270016,0
138,143,0.0084310322716544,0.0349069250184843,0,135.761533794514,1,48.2069541388701,0,-48.2069541388701,0
139,144,0.007931884558597,0.198327683105334,0,25.9813374035395,1,3.07123361250992,0,-3.07123361250992,0
137,145,0.0165081985082209,0.14963016592778,0,1453.60769540072,1,-31.4973671098392,0,31.4973671098392,0
138,145,0.0053048265540278,0.0757240493560405,0,4168.62455598804,1,-23.3092389846096,0,23.3092389846096,0
139,145,0.0010366198061324,0.0400375592647907,0,85.8669131883484,1,-41.0677594492973,0,41.0677594492973,0
130,146,0.0049207219492476,0.16054241242184,0,36.6202712925222,1,-3.66065468714209,0,3.66065468714209,0
139,146,0.0137236089064198,0.0390921179636408,0,767.482293868614,1,15.5472309915852,0,-15.5472309915852,0
144,147,0.499298597079431,0.195210662816342,0,22.0042279792007,1,3.07123361250992,0,-3.07123361250992,0
141,149,2.24922033376688e-05,0.0017648788522744,0,1632.38893221603,1,-549.321640973069,0,549.321640973069,0
131,150,0.0150271512737517,0.145981114708381,0,54.4866097714965,1,5.75292818201377,0,-5.75292818201377,0
142,150,0.243191666357781,0.313312370220183,0,51.2365102715891,1,2.85609967192744,0,-2.85609967192744,0
148,150,0.0410630262360805,0.112418624429835,0,220.263724025001,1,-8.15917886677967,0,8.15917886677967,0
137,151,0.0115290281227445,0.0154360738620832,0,445.303303327914,1,119.478103272298,0,-119.478103272298,0
149,152,0.0003716832943097,0.0010799322695075,0,2224.88043389648,1,-656.899685300319,0,656.899685300319,0
143,153,0.0039250995641706,0.0217006852471612,0,549.882147038091,1,84.4189129658717,0,-84.4189129658717,0
148,153,0.0216794433823887,0.255266497186583,0,38.1707528363002,1,-0.403022872585158,0,0.403022872585158,0
150,153,0.0409958654506784,0.174628272609222,0,8.3009770631647,1,4.66342256921837,0,-4.66342256921837,0
147,154,0.0086194198462612,0.0894240974820142,0,3648.22568086514,1,12.5586543164523,0,-12.5586543164523,0
148,154,0.0045383658601181,0.0370596605593588,0,93.2805405100816,1,-37.9578656487705,0,37.9578656487705,0
147,155,0.0314645969675551,0.0454534074054605,0,48.5253141782505,1,6.94399883223229,0,-6.94399883223229,0
148,155,0.0020770195290733,0.0464788575424094,0,47.6372194514749,1,-47.6372194470091,0,47.6372194470091,0
150,155,0.253852961843916,0.307786216725,0,17.4689029178571,1,-4.21357358205683,0,4.21357358205683,0
151,155,0.283073616873135,0.817794979178684,0,6.7970472946733,1,-4.14370315745325,0,4.14370315745325,0
154,155,0.0061222505036237,0.0354365230887941,0,23.7318153292323,1,-22.7849080416181,0,22.7849080416181,0
147,157,0.0902355642400535,0.0078885677777326,0,1145.751842163,1,114.21996613675,0,-114.21996613675,0
154,157,0.0127105489343934,0.0849229636771795,0,1700.12440536027,1,-2.61430329070019,0,2.61430329070019,0
122,159,0.0019470738955507,0.01851494313655,0,271.49887572966,1,-196.289275170383,0,196.289275170383,0
127,159,0.0125821658519263,0.363751716505553,0,53.2748333417557,1,-4.60761299365864,0,4.60761299365864,0
132,159,0.0016588706768326,0.0075190345214067,0,1789.95173351741,1,198.731188402516,0,-198.731188402516,0
157,159,0.0047588381001005,0.0448696911738393,0,3474.19248201778,1,2.16569976152605,0,-2.16569976152605,0
156,160,0.000911566381508,0.0131080011369425,0,305.490441814094,1,-224.858235958353,0,224.858235958353,0
158,160,0.0136764091136177,0.0114613347613116,0,1632.07712329909,1,-187.753573732446,0,187.753573732446,0
156,161,0.0058546921717872,0.321697096576138,0,16.2840802109697,1,3.25096973071476,0,-3.25096973071476,0
162,163,0.0023278135507327,0.0053689567510669,0,1462.84099623936,1,361.637037491332,0,-361.637037491332,0
157,164,0.0033625259234875,0.0129537437873463,0,238.801394471779,1,122.407430791793,0,-122.407430791793,0
158,164,0.157342373217929,0.0618800358740328,0,191.226359668074,1,-3.93655554585234,0,3.93655554585234,0
162,164,0.0039899564333881,0.0195713385160203,0,132.931079268126,1,-118.470875245941,0,118.470875245941,0
156,165,0.0004665732585937,0.0053818923220695,0,293.062725723965,1,221.607266227638,0,-221.607266227638,0
162,165,0.0127629386918925,0.0301681835285041,0,2.87844673349259,1,-2.87844673212887,0,2.87844673212887,0
163,165,0.0115372423802985,0.0370185610585516,0,125.223509248064,1,-54.7955151459954,0,54.7955151459954,0
158,167,0.111893938338449,0.0310613655546677,0,53.5736431348824,1,-2.53758868722684,0,2.53758868722684,0
161,167,0.031236559735165,0.327095037598977,0,42.7908734702206,1,-5.87041600746073,0,5.87041600746073,0
162,168,0.0005776189168951,0.0091220230580478,0,409.199225471694,1,-235.995583310034,0,235.995583310034,0
151,169,0.0004971185008557,0.0201294414757005,0,643.780810705408,1,123.621806429751,0,-123.621806429751,0
161,169,0.0156678414212945,0.177729831373904,0,81.1007764932409,1,9.12138573817548,0,-9.12138573817548,0
163,169,0.0002451299225732,0.0041745846695289,0,1175.2723283259,1,-132.743192219068,0,132.743192219068,0
162,170,0.0502004294579423,0.079218183650527,0,43.2020531364087,1,-1.74925165453848,0,1.74925165453848,0
163,170,0.0004801979504051,0.0263142151348916,0,220.997001791486,1,-79.0518030665829,0,79.0518030665829,0
166,170,0.0171207905693569,0.0714184398031801,0,113.193523165406,1,13.4477792122522,0,-13.4477792122522,0
131,171,0.0192869274011466,0.0745403479288563,0,807.031337447483,1,28.1534267364136,0,-28.1534267364136,0
166,171,0.0739136332836932,0.0326058044245381,0,1996.25285889453,1,-25.6105461877239,0,25.6105461877239,0
162,172,0.097981072073221,0.102654640418673,0,4.12419079910431,1,-2.54288054868967,0,2.54288054868967,0
171,172,0.0097988129099246,0.65791762089971,0,5.04812818293322,1,2.54288054868967,0,-2.54288054868967,0
167,173,0.0010501750366912,0.0759329327211356,0,629.500536352005,1,-20.5394913058463,0,20.5394913058463,0
170,174,0.0187265927923671,0.0381831846090317,0,50.8761402705855,1,-45.8151760439356,0,45.8151760439356,0
173,174,0.0031325811091007,0.0116780055427955,0,748.227947652584,1,156.323125240311,0,-156.323125240311,0
122,175,0.0557415059047521,0.139773348629809,0,34.5893620831161,1,-2.49664552300782,0,2.49664552300782,0
168,176,0.0273528043038771,0.0144886213725958,0,392.846381469201,1,-235.995583310034,0,235.995583310034,0
173,176,0.0017194054540763,0.0151425772360568,0,391.452998087918,1,-122.73496044554,0,122.73496044554,0
121,177,0.202355723759849,1.04894395901088,0,70.7629986226402,1,0.0,0,0.0,0
122,177,0.02758933706269,0.0152823152807167,0,214.866278110949,1,-46.9088976962974,0,46.9088976962974,0
153,177,0.0156070639856698,0.0332906496614062,0,78.6624017495643,1,44.7194853725494,0,-44.7194853725494,0
167,177,0.0030825876724695,0.0529050355615538,0,41826.5150312187,1,23.895168869744,0,-23.895168869744,0
170,177,0.0791302641862896,0.0348736934180719,0,187.914618869408,1,-21.5380994649337,0,21.5380994649337,0
174,177,0.169698325437812,0.428622241851496,0,19.6927332803098,1,2.32898844194537,0,-2.32898844194537,0
175,177,0.0037497130379717,0.147362553307143,0,32.8444704686384,1,-2.49664552300782,0,2.49664552300782,0
167,178,0.0023370285817993,0.10027123392336,0,903.123442690326,1,-11.7636822585853,0,11.7636822585853,0
126,179,0.0642243580303297,0.0492006055195258,0,18113.5823361411,1,-30.1168352288964,0,30.1168352288964,0
145,179,0.0008501205013934,0.0210716118065713,0,409.145454510043,1,93.1046280592203,0,-93.1046280592203,0
173,179,0.0001057250232913,0.0434887723166904,0,62.0431516534306,1,-45.5945804130407,0,45.5945804130407,0
130,180,0.0002273769966842,0.107738673682373,0,8.11174280178528,1,2.90354552887922,0,-2.90354552887922,0
173,180,0.0008392712251198,0.0928358561193569,0,106.789378707508,1,-8.53307568757713,0,8.53307568757713,0
178,180,0.0244334836480755,0.0996490925989149,0,266.086260527002,1,-11.7636822585853,0,11.7636822585853,0
179,180,0.0154395609478626,0.0684564134045257,0,946.795376876655,1,17.3932124172832,0,-17.3932124172832,0
182,183,0.0003474982847466,0.0009431133184381,0,3604.40163908722,1,-555.786366016701,0,555.786366016701,0
187,188,0.0021149568726395,0.014468851165186,0,329.561257596591,1,-140.676012368336,0,140.676012368336,0
181,189,0.0012017540810753,0.0048901753941704,0,1096.98037260758,1,-307.121720277204,0,307.121720277204,0
182,190,0.0010807214074565,0.0097056849340337,0,355.173972172333,1,-275.476929493652,0,275.476929493652,0
184,191,0.0007975380563686,0.0116614315202431,0,1068.55797785708,1,-222.964386189955,0,222.964386189955,0
186,191,0.045974732685901,0.151409197495503,0,11.4274628984587,1,-11.4274628951515,0,11.4274628951515,0
187,191,0.0175968366387632,0.507365888153759,0,30.2688367315085,1,-2.6702612729555,0,2.6702612729555,0
188,191,0.0199000912626388,0.0028748166513394,0,982.808687945861,1,236.752769188446,0,-236.752769188446,0
186,192,0.438685178037987,0.98740676372665,0,70.7629986226402,1,-3.4694469519536098e-16,0,3.4694469519536098e-16,0
185,193,0.0712917438765851,1.07868670466255,0,70.7629986226402,1,0.0,0,0.0,0
192,193,0.162008394729473,1.11470137383012,0,70.7629986226402,1,1.73472347597681e-16,0,-1.73472347597681e-16,0
190,195,0.0463646213243891,0.085004964029432,0,578.269508818027,1,-19.5407273779544,0,19.5407273779544,0
194,197,0.0011430447335265,0.101050155829852,0,148.971285219506,1,-5.7461215732862,0,5.7461215732862,0
186,198,0.0020049418195206,0.0067041385466738,0,855.70495906688,1,-258.068068001735,0,258.068068001735,0
189,198,0.0001005723665998,0.0054466882376171,0,1165.93378647114,1,-307.121720277205,0,307.121720277205,0
196,198,0.0058333791463375,0.0124273660340302,0,322.11346200148,1,152.340270004823,0,-152.340270004823,0
194,200,0.189114904993773,0.656724493344399,0,8.42501595014053,1,-1.26012308336782,0,1.26012308336782,0
196,200,0.0086645057831001,0.398925813762157,0,3.36417947346163,1,0.939546842244608,0,-0.939546842244608,0
182,201,0.000181928817201,0.000862462255383,0,3803.73555709837,1,784.537292471082,0,-784.537292471082,0
197,201,0.0016679912471221,0.0361627913509179,0,283.416973885644,1,17.9640524984888,0,-17.9640524984888,0
182,203,0.0019877771783809,0.124237311035002,0,161.708696881931,1,-12.5576132997955,0,12.5576132997955,0
195,203,0.0097286009457311,0.0078345140548165,0,2578.17046768453,1,354.154320655358,0,-354.154320655358,0
194,204,0.0004772845017556,0.0321087892409565,0,35.091384451643,1,-35.0913844511038,0,35.0913844511038,0
196,204,0.0174447577465049,0.000495523252598,0,383.227838484116,1,152.609013151364,0,-152.609013151364,0
201,205,0.0089871586234497,0.0333898254768044,0,206.592038724293,1,53.0779447151787,0,-53.0779447151787,0
196,206,0.0079508450463057,0.0011038144630727,0,529.287550995901,1,-349.982971463763,0,349.982971463763,0
204,206,0.0215880578716808,0.0954682157633381,0,41.247116167594,1,-4.83865312250651,0,4.83865312250651,0
199,207,0.0003741676299674,0.007697315179561,0,411.779445249852,1,242.792874909329,0,-242.792874909329,0
202,207,4.2339132066191e-05,0.0112431440125052,0,1544.22346924268,1,-190.099834778587,0,190.099834778587,0
199,208,0.025551863453723,0.166356116408726,0,2.59397827375059,1,0.816275010751856,0,-0.816275010751856,0
203,208,0.0002150910148498,0.0046809176680948,0,1415.72454167706,1,510.230044090867,0,-510.230044090867,0
204,208,0.121737240763879,0.781742214880197,0,17.1933429268361,1,1.72347426029605,0,-1.72347426029605,0
205,208,0.0005970694893041,0.0057491665239499,0,808.217025706549,1,-281.897626005235,0,281.897626005235,0
199,209,0.0017376556152314,0.0083202513481943,0,481.080008044975,1,-243.60914992008,0,243.60914992008,0
200,210,0.083498591726234,0.506395730301056,0,70.7629986226402,1,-0.320576241123214,0,0.320576241123214,0
204,210,0.0121014753724913,0.0009334359210915,0,385.913407104211,1,146.608600766899,0,-146.608600766899,0
201,211,0.0007419281674683,0.0132026024513936,0,506.115381938666,1,161.100646482627,0,-161.100646482627,0
203,213,0.0011642520154243,0.0083759219117772,0,419.704085000293,1,-224.346169839234,0,224.346169839234,0
209,213,0.0001550654982392,0.0086399428341784,0,484.88559140803,1,-243.60914992008,0,243.60914992008,0
205,214,0.00708896485034,0.0261679246550855,0,154.900448131618,1,118.094695259279,0,-118.094695259279,0
182,215,0.0010666789365405,0.011118401272756,0,873.782283417746,1,59.2836163390663,0,-59.2836163390663,0
207,215,0.0046175187816948,0.0139682147486469,0,407.50810498263,1,-136.176502042887,0,136.176502042887,0
210,215,0.0242674260323327,0.117217794628789,0,148.432504615426,1,8.88415595173084,0,-8.88415595173084,0
214,216,0.0020133581574061,0.0209237790921811,0,355.051751798068,1,77.2763857952711,0,-77.2763857952711,0
194,218,0.0013566792234837,0.0535778086223458,0,83.0468498940676,1,37.5798345357956,0,-37.5798345357956,0
207,218,0.0151153903328103,0.322238833955946,0,70.7629986226402,1,0.185618608552957,0,-0.185618608552957,0
208,218,0.000213582731373,0.0077656587423526,0,519.191483654138,1,230.87216735668,0,-230.87216735668,0
212,218,0.0070040915476909,0.0163940604371362,0,524.769176331451,1,78.3184480224629,0,-78.3184480224629,0
215,219,0.0094165597371843,0.0359340672424834,0,90.0949813613672,1,-47.4755763281361,0,47.4755763281361,0
210,220,0.0015199164572192,0.0409699175583855,0,28.1219003857854,1,4.7406355766155,0,-4.7406355766155,0
212,221,0.001321999018117,0.0172794242132713,0,539.15752397738,1,-76.9190508185144,0,76.9190508185144,0
219,221,0.0382331496615237,0.391626348662853,0,22.1078900788307,1,2.69356856245647,0,-2.69356856245647,0
220,221,0.0007135605303982,0.0413530179066775,0,29.5682903056906,1,4.74063557661552,0,-4.74063557661552,0
210,222,0.000404804014888,0.0026860023581876,0,647.722000340117,1,-445.867793934913,0,445.867793934913,0
219,222,0.0021899511662778,0.0308200494343919,0,596.349563423719,1,-17.2936958694026,0,17.2936958694026,0
204,224,0.0057216425658359,0.0478002434215617,0,188.348948746996,1,-8.78876399759906,0,8.78876399759906,0
217,225,0.159071239639828,0.887276549425898,0,70.7629986226402,1,0.0,0,0.0,0
218,225,0.0037361916068299,0.0236151118013371,0,436.98426447169,1,-77.576407407792,0,77.576407407792,0
219,225,0.0031813412551935,0.0236666175665236,0,383.948288941441,1,77.576407407792,0,-77.576407407792,0
219,226,0.142627073056393,0.457134205931505,0,8.26950579646953,1,-0.995576634898165,0,0.995576634898165,0
223,226,0.541201544390074,0.755095202423501,0,9.8853673966595,1,0.995576634898164,0,-0.995576634898164,0
204,229,0.0026022677483951,0.0565105873636136,0,599.330168250232,1,-17.1870292068299,0,17.1870292068299,0
210,229,4.32503291753635e-05,0.0019215288986417,0,1460.61358063783,1,-576.675610027819,0,576.675610027819,0
224,229,0.0255791457706462,0.0627100758655271,0,190.866474686736,1,-8.78876399759905,0,8.78876399759905,0
194,230,0.105245375975881,0.0866754068657174,0,21.5545187690969,1,4.51779457196217,0,-4.51779457196217,0
198,230,0.0027044760893563,0.0007248244677066,0,891.06368420782,1,-412.849518274116,0,412.849518274116,0
223,230,0.0033693933540651,0.0079664407306639,0,1017.40322862032,1,408.331723702154,0,-408.331723702154,0
221,231,0.0014533126643458,0.040457230360476,0,427.776427934143,1,-69.4848466794424,0,69.4848466794424,0
223,231,0.0002645949748584,0.0007719666920419,0,908.251051807061,1,-711.720801239081,0,711.720801239081,0
227,231,0.0020672154428171,0.0028950246155817,0,3179.81761088877,1,662.803708271276,0,-662.803708271276,0
207,232,0.0049824174360134,0.193156996962538,0,148.889221676211,1,-16.8038207963802,0,16.8038207963802,0
215,232,0.0171406651818005,0.0841851575810557,0,100.428525794386,1,-15.9604492867659,0,15.9604492867659,0
223,233,0.0005473845782778,0.0043231573425956,0,1805.30595753546,1,302.393500902029,0,-302.393500902029,0
228,233,7.88980556394417e-05,0.0061505345826746,0,729.201402322311,1,-259.435307077641,0,259.435307077641,0
232,233,0.0470225499527976,0.540838465677455,0,52.8859320358689,1,-0.484303949921181,0,0.484303949921181,0
229,234,0.0006300973197819,0.0010331095030951,0,2687.26223852393,1,-646.307827784324,0,646.307827784324,0
184,236,0.0106643133977679,0.0241917195643807,0,337.917162824481,1,-46.8700563151786,0,46.8700563151786,0
186,236,0.0869931649544413,0.113014461360343,0,79.2894029508123,1,-2.33604018922036,0,2.33604018922036,0
184,237,0.0017512934495168,0.0384429196715388,0,228.936510632234,1,-44.0194864690567,0,44.0194864690567,0
228,237,0.0156980756564052,0.0353702633833377,0,231.153118451066,1,44.0194864690567,0,-44.0194864690567,0
228,238,0.027356838918103,0.134678243314806,0,2330.89601821055,1,6.7322066299322,0,-6.7322066299322,0
235,238,0.004159753330576,0.0325428667767677,0,132.989961899061,1,42.4738898744668,0,-42.4738898744668,0
236,238,0.0103222183217739,0.0245634073354914,0,252.538475097493,1,-49.206096504399,0,49.206096504399,0
188,239,0.0002655083206489,0.0017975594501634,0,1011.33659821885,1,-377.428781556782,0,377.428781556782,0
232,239,0.0197446298515512,0.0122202555112398,0,548.603828432545,1,51.0462844191267,0,-51.0462844191267,0
233,240,0.0042577102737264,0.0119600241157109,0,156.579979050694,1,42.4738898744668,0,-42.4738898744668,0
235,240,0.0001870705407786,0.0144120707014601,0,162.48387082208,1,-42.4738898744668,0,42.4738898744668,0
242,246,0.0022659275021816,0.0040979126926887,0,1160.85838477361,1,301.354079280949,0,-301.354079280949,0
246,249,4.04150583079647e-06,0.0003726557422689,0,1119.63283736651,1,992.799309677405,0,-992.799309677405,0
247,249,7.93002280545642e-05,0.0004322669788925,0,1540.9636822533,1,-992.799309677405,0,992.799309677405,0
244,250,0.0014103972732468,0.0243414123647132,0,416.359256421295,1,-83.560158092593,0,83.560158092593,0
248,251,0.0185764033277694,0.222621989551544,0,4.19399690548717,1,-1.39939720394854,0,1.39939720394854,0
250,251,0.115405177414649,0.672408995480573,0,8.82201832556145,1,1.45031431616874,0,-1.45031431616874,0
250,252,0.0010457070352222,0.0240970932978383,0,195.546602737409,1,-38.2889110873626,0,38.2889110873626,0
243,253,0.0025312445973757,0.013592592702963,0,1367.91518421951,1,-91.5791135748135,0,91.5791135748135,0
252,255,1.9841912119122e-05,0.0029334728827727,0,509.57457460021,1,-433.291201887684,0,433.291201887684,0
253,255,0.0002553033537035,0.0042936198572265,0,1759.03705288099,1,-313.92579653403,0,313.92579653403,0
254,255,8.26188584136087e-05,0.0007644998892487,0,2086.94630124193,1,747.216998421715,0,-747.216998421715,0
253,256,0.0793758741704975,0.283228611507094,0,2.32688003099882,1,0.49847479960924,0,-0.49847479960924,0
251,257,0.0792452122832972,0.110707508300765,0,70.7629986226402,1,0.0509171122202036,0,-0.0509171122202036,0
253,257,0.0006692349203805,0.0179578721135467,0,202.696367306521,1,101.719329978082,0,-101.719329978082,0
257,259,0.0041206992314323,0.0017740793523827,0,4773.1068194903,1,340.624800404005,0,-340.624800404005,0
259,260,0.0021995891130016,0.0067997380788034,0,230.35192651667,1,-230.351926513638,0,230.351926513638,0
252,261,0.000184668665757,0.0099541030946037,0,300.671461377733,1,-153.446322021385,0,153.446322021385,0
253,261,0.0057003131736855,0.0108753227195554,0,453.405207607401,1,-147.512914593017,0,147.512914593017,0
261,262,9.26419884083931e-05,0.0015622199880959,0,2725.33384519041,1,-776.808212298013,0,776.808212298013,0
262,263,0.0001241006989801,0.0005335078490012,0,2604.7824251262,1,-776.808212298012,0,776.808212298012,0
258,264,0.0287858316274628,0.0464507053121783,0,609.133461073921,1,18.0977429824955,0,-18.0977429824955,0
265,266,0.0001412974878985,0.0055949800447067,0,1428.56816120242,1,-394.467284578547,0,394.467284578547,0
252,267,0.0664260979292942,0.0477413355899032,0,600.537156897264,1,83.9567134212174,0,-83.9567134212174,0
260,267,0.0115044380350904,0.774344204104421,0,32.6520456487801,1,3.96044832945335,0,-3.96044832945335,0
260,268,0.0013612666383428,0.0079561445569763,0,755.610457035785,1,-147.887354768692,0,147.887354768692,0
261,268,0.0123554751499566,0.0965936393659727,0,9279.83898155129,1,13.3783421515406,0,-13.3783421515406,0
253,269,0.0723883199734653,0.103282378034361,0,396.980530101315,1,9.70762324079237,0,-9.70762324079237,0
256,269,0.115615958459623,1.72815975588206,0,70.7629986226402,1,0.49847479960924,0,-0.49847479960924,0
261,269,0.0003388191381689,0.0078158944604138,0,2474.71113409675,1,333.53533342541,0,-333.53533342541,0
264,269,0.0008485045609796,0.0076295764505334,0,2800.49252584009,1,-334.138628183921,0,334.138628183921,0
258,270,0.0098975569375755,0.0739671201359326,0,660.113690778512,1,-20.9676999805835,0,20.9676999805835,0
264,272,0.0002239936396734,0.0031533595397398,0,754.096887595312,1,-381.320060679041,0,381.320060679041,0
265,272,9.81254169728749e-05,0.0004628013960251,0,1660.5410042131,1,760.04800897759,0,-760.04800897759,0
267,272,0.0068846120682537,0.0304820365205178,0,138.199780495232,1,-51.8945712715242,0,51.8945712715242,0
268,272,0.0051232057028887,0.185726319180388,0,356.082829653864,1,14.3302854290434,0,-14.3302854290434,0
258,273,0.0453519709808268,0.207074589614457,0,787.767911599098,1,15.2773325944974,0,-15.2773325944974,0
267,273,0.0035445773860241,0.0137330334262867,0,413.392483184168,1,141.518732628643,0,-141.518732628643,0
258,274,0.0111162012951315,0.0751711877156053,0,9138.95665962952,1,-12.4073755964093,0,12.4073755964093,0
267,274,0.0154158774600159,1.26112685888028,0,13.4611157602953,1,-1.70699960644823,0,1.70699960644823,0
269,274,0.0929342813328422,0.0808103737955215,0,154.87496727516,1,9.60280328189056,0,-9.60280328189056,0
270,274,0.0877410595289476,0.797820909144371,0,70.7629986226402,1,0.774914791447802,0,-0.774914791447802,0
273,276,0.0046719925871783,0.0589493098847928,0,2828.39111993868,1,-32.0453007090594,0,32.0453007090594,0
271,277,0.874328714247373,1.159215832905,0,70.7629986226402,1,0.0,0,0.0,0
268,278,0.0022618415741889,0.0095156553006405,0,560.920150536887,1,-158.980301662471,0,158.980301662471,0
272,280,0.0029308448363552,0.000803086403141,0,396.848649683784,1,341.163662456069,0,-341.163662456069,0
275,280,0.0001836721861536,0.0025756503253943,0,943.685939952684,1,-480.979741532573,0,480.979741532573,0
279,280,0.001223127891554,0.0011942010445813,0,306.727577424159,1,257.836458022377,0,-257.836458022377,0
271,281,0.120226892394028,0.137612355844279,0,70.7629986226402,1,0.0,0,0.0,0
278,281,0.0190455846745169,0.0585068735632547,0,1610.16726719178,1,27.2380130182534,0,-27.2380130182534,0
279,281,0.00428421194232,0.0098774908815302,0,257.836461386132,1,-257.836458022377,0,257.836458022377,0
278,283,0.0004870488540281,0.0039632947273875,0,380.225862774529,1,374.79944644929,0,-374.79944644929,0
250,284,0.0003871558851453,0.0048888354591251,0,1332.93307731403,1,-328.371491917159,0,328.371491917159,0
270,284,0.0030922732093448,0.0883022629104738,0,1935.84077831931,1,-21.7426147720313,0,21.7426147720313,0
282,284,5.33148027016034e-05,0.0014112800530047,0,1514.5828698487,1,350.11410668919,0,-350.11410668919,0
278,285,0.0001317004440539,0.0005005163295297,0,1557.11415518424,1,-561.017761130016,0,561.017761130016,0
282,286,0.0002918143942476,0.0068531573604114,0,302.821436780552,1,200.121638923623,0,-200.121638923623,0
282,287,0.0002235426838722,0.0014067532923661,0,1640.92080583949,1,-577.950111239207,0,577.950111239207,0
276,288,0.0198065587391764,0.0559378339266484,0,1073.5511305363,1,-32.0453007090594,0,32.0453007090594,0
283,288,0.248619317846735,0.270369763405299,0,169.468584213679,1,9.36721934147373,0,-9.36721934147373,0
286,288,0.0071553330510728,0.0915174751516276,0,577.363212712735,1,22.6780813675857,0,-22.6780813675857,0
283,289,0.0006171155852489,0.0069865807207364,0,365.442395965635,1,235.971870055789,0,-235.971870055789,0
275,290,0.138996924252921,0.110992588881952,0,19.8962902272784,1,-2.45982901057394,0,2.45982901057394,0
289,291,0.0004589799864207,0.0053967560325561,0,443.069690854853,1,235.195413671532,0,-235.195413671532,0
243,292,0.0016414300746582,0.16998890071273,0,41.5610032968183,1,3.46239420159967,0,-3.46239420159967,0
289,292,0.0242681893441086,0.502083956347144,0,2.62122319831988,1,1.04380656892982,0,-1.04380656892982,0
241,293,0.0566797957888739,0.438251191480174,0,5.07959547212943,1,5.07959547173398,0,-5.07959547173398,0
242,293,0.0010970316860829,0.0040047827245705,0,951.846183213228,1,-300.190678980703,0,300.190678980703,0
283,293,0.000383246117162,0.0124381999806046,0,274.28001307828,1,129.460357052027,0,-129.460357052027,0
286,293,0.0025065829437188,0.0069497049678865,0,874.537657919743,1,165.918076641615,0,-165.918076641615,0
289,293,0.0553998429301435,0.143567162451432,0,70.7629986226402,1,-0.267350184672685,0,0.267350184672685,0
242,294,0.033885394552807,0.0798243618925627,0,96.6055873199216,1,-1.16340030024587,0,1.16340030024587,0
245,295,0.0495137241278854,0.338697952406828,0,25.0443346869759,1,2.44445706755203,0,-2.44445706755203,0
290,295,0.0330758939623543,0.131089296003464,0,17.3655795762401,1,-2.45982901057394,0,2.45982901057394,0
243,296,0.0155392771517134,0.0813841149388886,0,181.361385724317,1,8.44216412529933,0,-8.44216412529933,0
244,296,0.0033564083161822,0.153501671042631,0,106.732824034744,1,-6.17542488403392,0,6.17542488403392,0
245,296,0.0074872576007181,0.207438539581055,0,23.1122887484743,1,-2.44445706755203,0,2.44445706755203,0
292,296,0.0167133360202375,0.554190164263137,0,70.7629986226402,1,0.177717826286612,0,-0.177717826286612,0
247,297,1.60758565480309e-05,0.0001943120530577,0,2711.98924099969,1,-1163.29507362446,0,1163.29507362446,0
264,297,4.9069276071224e-05,0.0009939902394056,0,961.435618965336,1,733.556431845457,0,-733.556431845457,0
291,297,0.0047997050261346,0.023714243408986,0,301.742010742383,1,71.7935889947839,0,-71.7935889947839,0
294,297,0.0011165897861765,0.0139079914712987,0,579.295136697468,1,136.675009101003,0,-136.675009101003,0
292,298,0.0058030113094098,0.0861985236085707,0,86.6503827965718,1,4.32848294424288,0,-4.32848294424288,0
243,299,0.0005581463540668,0.0248927337085808,0,60.6141468190357,1,22.8091519606589,0,-22.8091519606589,0
294,299,0.0017895247323042,0.0248872013633146,0,66.323780850363,1,-22.8091519606589,0,22.8091519606589,0
241,300,0.0225677835824993,0.0247412938448053,0,926.447180356338,1,170.376856079909,0,-170.376856079909,0
246,300,0.0004681728730239,0.0009498072173022,0,803.022703798347,1,-471.58628685487,0,471.58628685487,0
250,300,0.0076703947967099,0.0085719481753983,0,1123.04274856832,1,281.649930595759,0,-281.649930595759,0
291,300,0.0008780755478001,0.0447010836461543,0,379.137154141697,1,15.2463891779806,0,-15.2463891779806,0
295,300,0.0191343735075917,0.439295494512907,0,70.7629986226402,1,-0.01537194302191,0,0.01537194302191,0
298,300,0.135892770654299,0.243419005696086,0,81.6848543255157,1,4.32848294424288,0,-4.32848294424288,0
28,84,0.0001556557044289,0.0010583134800374,0,1884.63737144816,1,821.15963684514,0,-821.15963684514,0
57,85,0.0006828417088503,0.0012456952752109,0,4157.80398877333,1,631.478422053429,0,-631.478422053429,0
22,86,0.0007316457484778,0.0050126160134701,0,540.893638265801,1,202.699109299074,0,-202.699109299074,0
30,95,0.0001917848420236,0.0012402159287807,0,1081.15442249108,1,352.346624547405,0,-352.346624547405,0
116,122,0.0006491600500726,0.0025215202797423,0,1777.05007349824,1,-300.284018641336,0,300.284018641336,0
89,174,0.003765266405518,0.015755836096687,0,255.190378817341,1,-108.17896075443,0,108.17896075443,0
99,134,0.0008501421387271,0.0366124466272508,0,195.095897611852,1,-52.9190794021683,0,52.9190794021683,0
63,163,8.99758333934479e-05,0.0034925790603884,0,586.235329670142,1,-121.618025374419,0,121.618025374419,0
137,196,0.0042626612217557,0.0263916297664746,0,155.147727354141,1,-135.189979306403,0,135.189979306403,0
135,186,0.0005290296422113,0.0092860693083358,0,1150.41886143752,1,189.255585069954,0,-189.255585069954,0
132,215,0.0003357883394668,0.0092033059394243,0,4.57270415022209,1,4.57270413718817,0,-4.57270413718817,0
160,201,0.0032808934456686,0.0024595412289383,0,564.056104675991,1,-412.611809690799,0,412.611809690799,0
196,252,0.0017680243614959,0.0064722385550741,0,597.102667426737,1,-91.0958378410707,0,91.0958378410707,0
212,248,0.0111576864482247,0.222990686815847,0,4.17225566985111,1,-1.39939720394854,0,1.39939720394854,0
218,297,0.0003658951772479,0.0024971217527352,0,512.636729032745,1,221.270043683219,0,-221.270043683219,0
197,253,0.003000813877946,0.0043983340982251,0,521.107266144249,1,-257.93416953375,0,257.93416953375,0
252,22,0.0004698294466686,0.0042839631145512,0,3103.2129847039,1,373.396061624065,0,-373.396061624065,0
268,51,0.10999230323883,0.143796214676943,0,25.7878134811154,1,10.141003616276,0,-10.141003616276,0
282,11,0.0334398634208512,0.0343480930844416,0,889.077404595884,1,27.7143656263936,0,-27.7143656263936,0
274,32,0.0025115171547004,0.0631441327661307,0,169.735244846693,1,-3.73665712951921,0,3.73665712951921,0
