from_bus,to_bus,resistance,reactance,susceptance,line_rating,line_status,P_from,Q_from,P_to,Q_to
3,5,0.0014348880737593,0.0134492412987536,0,211.905147392981,1,142.289186000838,0,-142.289186000838,0
4,5,0.000363246164825,0.0556493015964364,0,877.000993020738,1,-40.0295350921682,0,40.0295350921682,0
2,7,0.0808335330460582,0.036071107124742,0,9.96509585084325,1,-5.91584165841867,0,5.91584165841867,0
2,8,0.0033399837972054,0.0946445870005908,0,37.886168081202,1,-7.64761982062445,0,7.64761982062445,0
3,8,0.0294953796948565,0.0410018134624039,0,52.1574555140556,1,-5.07967500445101,0,5.07967500445101,0
6,8,0.0109755470304253,0.0737518651106906,0,409.709384965527,1,21.6951448549593,0,-21.6951448549593,0
5,9,0.0140960322409794,0.0104704989477186,0,207.068592592092,1,-80.0615358590617,0,80.0615358590617,0
4,10,0.0003758180514133,0.0018520551097332,0,756.178552579135,1,571.939290740373,0,-571.939290740373,0
1,11,0.0007555473033323,0.0033616180814441,0,1677.946593078,1,401.935063091454,0,-401.935063091454,0
6,12,0.0026798297930554,0.0184539549678203,0,304.274057123362,1,85.9773775174804,0,-85.9773775174804,0
7,12,0.0094380692615858,0.0885503087227153,0,9.01133767885112,1,-5.91584165841874,0,5.91584165841874,0
9,12,0.0038766228162491,0.0162013879295293,0,216.643276733336,1,-80.0615358590617,0,80.0615358590617,0
3,13,0.0003347872048918,0.0014215809730749,0,4460.22700337688,1,-500.887189314412,0,500.887189314412,0
14,16,0.0006377816018768,0.0046661959144375,0,3572.11657155364,1,-1736.17599257737,0,1736.17599257737,0
15,19,0.0004686041009463,0.003385392700079,0,1979.54795374606,1,-411.445344620949,0,411.445344620949,0
18,19,0.0006686489410716,0.0038552541537848,0,1133.32743496022,1,322.407382571279,0,-322.407382571279,0
18,20,0.175239217671496,0.670417512922643,0,39.8279173257752,1,-0.385647544217263,0,0.385647544217263,0
13,21,0.0004642841486269,0.0019128592695935,0,2668.65496454935,1,-485.137557753607,0,485.137557753607,0
17,21,0.0022191046966716,0.0012770905459566,0,2495.06257968229,1,485.534315367357,0,-485.534315367357,0
13,23,0.0090354188517347,0.023451161203525,0,983.481110323709,1,-15.7496315608073,0,15.7496315608073,0
20,23,0.0081206598709799,0.701715966786625,0,39.8279173257752,1,-0.385647544217263,0,0.385647544217263,0
22,23,0.0485074057880734,0.0574922448833661,0,180.265353424387,1,5.47178527446481,0,-5.47178527446481,0
21,24,0.0331898804706476,0.303221429966813,0,39.8279173257752,1,0.396757613752552,0,-0.396757613752552,0
22,24,0.0309478842062129,0.31193376388372,0,39.8279173257752,1,-0.396757613752557,0,0.396757613752557,0
22,25,0.0071615964973788,0.0342641889899934,0,922.690915238874,1,113.041211965545,0,-113.041211965545,0
17,27,0.0006461074412946,0.0025298602041349,0,1940.48659794419,1,-691.545937343487,0,691.545937343487,0
26,27,0.001365197410831,2.80227198561845e-05,0,402.767394681829,1,-49.2727821482276,0,49.2727821482276,0
25,28,0.0002232714136907,0.0066999605304915,0,300.561548799008,1,244.980307086361,0,-244.980307086361,0
5,29,0.0071915715767797,0.0248915413332302,0,2258.51386130802,1,-26.4836208496508,0,26.4836208496508,0
19,29,0.0029784221536539,0.0212863639701759,0,1177.60408157496,1,26.4836208496507,0,-26.4836208496507,0
25,30,0.0102802921067037,0.161979016909953,0,61.9004065440379,1,-6.15319830230348,0,6.15319830230348,0
22,31,0.0188651831082562,0.118271977316895,0,24.1416326458912,1,-4.14665965124223,0,4.14665965124223,0
31,33,0.006240685386968,0.134375046583163,0,25.7353831616045,1,-4.14665965124223,0,4.14665965124223,0
32,33,0.0006062645958462,0.004321808041435,0,1389.1340054639,1,382.075503546967,0,-382.075503546967,0
26,34,0.0025994092997989,0.0135370389204856,0,157.484367849401,1,128.171225606399,0,-128.171225606399,0
33,35,0.0092661160505569,0.154650359599314,0,9.82570079007565,1,0.529725050177998,0,-0.529725050177998,0
34,35,0.0077350429639118,0.167077884018868,0,8.73507794367462,1,-0.529725050177998,0,0.529725050177998,0
14,36,0.0003767971460904,0.002797588697273,0,808.632637879974,1,436.21816860103,0,-436.21816860103,0
18,36,0.0006124908056745,0.0038674908635616,0,813.47396367321,1,-322.021735027062,0,322.021735027062,0
32,36,0.0002401663392045,0.0044254594909157,0,2100.52355501531,1,519.093489849907,0,-519.093489849907,0
30,39,0.0295824715402511,0.12519415507586,0,60.9318896541275,1,-6.15319830230349,0,6.15319830230349,0
37,41,0.0795454513019237,0.0814087316131828,0,500.606465740984,1,-16.1887500591287,0,16.1887500591287,0
37,42,0.265258878822989,0.128085019872563,0,245.947122388824,1,-15.6766554831143,0,15.6766554831143,0
38,42,0.000303458319604,0.0477093292087509,0,48.934229168797,1,-47.9386401947344,0,47.9386401947344,0
41,42,0.055422621784664,0.0865783056649138,0,7.97011578217048,1,-7.97011578217051,0,7.97011578217051,0
41,43,0.0586739244949914,0.323905027746462,0,39.8279173257752,1,-1.05554927691442,0,1.05554927691442,0
42,43,0.0957646817401344,0.329820132665404,0,39.8279173257752,1,1.05554927691442,0,-1.05554927691442,0
37,45,0.0008311252815137,0.0364894088321509,0,33203.8566860761,1,31.865405542243,0,-31.865405542243,0
38,45,0.0445323102674991,0.0184313566063524,0,51.7196937554435,1,47.9386401947342,0,-47.9386401947342,0
41,45,0.0008362379867448,0.0089414626804262,0,596.714569300877,1,277.432843798599,0,-277.432843798599,0
40,46,0.0003163500100992,0.0002424955535982,0,3187.31979849494,1,1674.86768401359,0,-1674.86768401359,0
44,46,5.01897527586468e-06,0.0003374633822324,0,7410.48993682804,1,-1674.8676840136,0,1674.8676840136,0
33,47,0.0178602554849373,0.0932165739633144,0,641.200975380519,1,29.7262337859106,0,-29.7262337859106,0
36,47,0.0012308819789815,0.0298943610521828,0,200.425755920354,1,71.083888997711,0,-71.083888997711,0
39,47,0.0216478094395567,0.133658725010778,0,26.3722784462512,1,-2.8647252601125,0,2.8647252601125,0
41,47,0.0009410658841795,0.0059899043663818,0,374.077180298081,1,-232.927104028291,0,232.927104028291,0
14,48,0.0058132347239033,0.0208676853145705,0,705.102391059433,1,20.742718826029,0,-20.742718826029,0
39,49,0.0208445032030318,0.462768953834383,0,32.0049676463173,1,-3.28847304219101,0,3.28847304219101,0
14,50,4.58014835640805e-06,0.0004871668009164,0,3822.98530359719,1,1402.16120199406,0,-1402.16120199406,0
25,50,0.004152068442985,0.0066282773400466,0,2149.08953902816,1,-726.012027981727,0,726.012027981727,0
47,50,0.0004754266424005,0.0048378515326806,0,945.19047134945,1,-550.302144574986,0,550.302144574986,0
48,50,0.0090491751670177,0.0120636961920573,0,578.540473442376,1,20.7427188260292,0,-20.7427188260292,0
49,51,0.0161937850393387,0.0819209380057104,0,28.0413078237824,1,-3.288473042191,0,3.288473042191,0
50,51,8.42682818279674e-05,0.0085543333591051,0,413.571035653591,1,146.589748263383,0,-146.589748263383,0
1,52,0.0005827195403609,0.0055219155301044,0,462.306850553877,1,-288.264245930108,0,288.264245930108,0
33,52,0.0008280577654091,0.0045240557211197,0,897.533591817722,1,347.672885059636,0,-347.672885059636,0
27,53,0.0007489676990037,0.0012746116573768,0,2632.91912075492,1,-740.818719491784,0,740.818719491784,0
32,53,0.0002181562454438,0.0009532188916766,0,2015.43666927598,1,-901.168993396874,0,901.168993396874,0
44,53,3.51751574228048e-05,0.0004653829865992,0,2807.03072927884,1,1641.98771288866,0,-1641.98771288866,0
8,54,0.028441339992495,0.267009751149999,0,99.6551328647173,1,8.96785002988381,0,-8.96785002988381,0
19,54,0.0323694591357588,0.111811132263734,0,254.783705018249,1,13.3752697654301,0,-13.3752697654301,0
2,55,0.0489980088366292,0.291890321971933,0,108.494261433056,1,8.14057949566908,0,-8.14057949566908,0
4,55,5.03126168692289e-05,0.0023492913075217,0,648.149916705824,1,-531.909755648206,0,531.909755648206,0
54,55,0.0656122193900752,0.0083324716753408,0,443.178432794631,1,84.6638083088164,0,-84.6638083088164,0
36,56,0.0003425617860116,0.0018496222408131,0,751.260474393437,1,562.206034426164,0,-562.206034426164,0
55,56,0.0002777558761757,0.0137199423504252,0,424.109045906292,1,-265.997661069801,0,265.997661069801,0
1,57,0.0072922233985472,0.0059912985206227,0,1960.77673809434,1,-113.670817161346,0,113.670817161346,0
55,57,0.355273311302515,1.95171551181115,0,8.2531868046139,1,-1.46111718045767,0,1.46111718045767,0
56,57,0.0008265544792977,0.0069293329788427,0,168.485826855874,1,115.131934341803,0,-115.131934341803,0
55,58,0.0005655934031862,0.114368036051332,0,1191.72862718996,1,-15.0070914981337,0,15.0070914981337,0
56,58,0.0052439386701507,0.0106758284195438,0,661.821074576801,1,181.07643901456,0,-181.07643901456,0
2,59,0.004879675964428,0.0305384764878809,0,1317.44678598345,1,-13.3442084146649,0,13.3442084146649,0
51,59,0.0024365923471457,0.0082969830578353,0,325.267132720023,1,143.301275221192,0,-143.301275221192,0
54,59,0.0004366357049619,0.0169338197585607,0,1419.07612943116,1,-122.725375014062,0,122.725375014062,0
58,59,0.0051965389579085,0.0088401247876233,0,1579.34204614643,1,-120.73772815512,0,120.73772815512,0
58,60,0.0051579268850391,0.0012084141653204,0,536.750856949367,1,286.807075671547,0,-286.807075671547,0
61,62,0.0003915663889964,0.0034486045743554,0,1058.81219220086,1,292.818789673855,0,-292.818789673855,0
63,64,3.36670209026739e-05,0.0003072162621399,0,3507.7158170354,1,1676.93263599707,0,-1676.93263599707,0
66,68,0.0452411606701576,0.0543905790308214,0,69.5573543683115,1,-4.63450646392145,0,4.63450646392145,0
65,69,0.181244962776266,0.524713414649775,0,39.8279173257752,1,-0.906390825780803,0,0.906390825780803,0
61,70,2.67470438043172e-05,0.0002993206603747,0,1101.02991907259,1,355.152108378945,0,-355.152108378945,0
66,71,0.0120225671840291,0.00547315482351,0,208.134502452277,1,-105.454751558255,0,105.454751558255,0
68,71,0.0093356265344856,0.070146992908337,0,73.947376849485,1,-4.63450646392152,0,4.63450646392152,0
66,73,0.000556826549702,0.0202706899951824,0,1211.29751004431,1,-20.878358233427,0,20.878358233427,0
67,73,0.200675141157219,0.344850032854204,0,23.0996211850132,1,4.4174396670856,0,-4.4174396670856,0
65,74,0.0008029382129322,0.0137438393840776,0,480.962542850371,1,60.8885441090054,0,-60.8885441090054,0
66,74,0.000156192378946,0.0085277328003799,0,415.312085410744,1,130.967616255603,0,-130.967616255603,0
72,74,0.0010435631434977,0.0032041086213226,0,1849.27546500495,1,446.008397456079,0,-446.008397456079,0
67,75,0.0203169983430097,0.394783194902078,0,12.4740379956883,1,2.18026765363303,0,-2.18026765363303,0
72,75,0.1402255977536,0.354835974294812,0,9.99592866010101,1,-2.18026765363303,0,2.18026765363303,0
67,76,0.0020446230023674,0.0049673917995279,0,428.22579430308,1,317.134668041689,0,-317.134668041689,0
69,76,0.0087857697054335,0.193801424810092,0,39.8279173257752,1,-0.906390825780823,0,0.906390825780823,0
74,76,0.0004447072044885,0.0041800439703796,0,753.71367536,1,-356.000472670422,0,356.000472670422,0
71,78,0.00084277251311,0.0105343162135398,0,278.165493872319,1,-110.089258022176,0,110.089258022176,0
78,79,0.0003668938518585,0.0173535306421313,0,498.264983893929,1,79.0931177002109,0,-79.0931177002109,0
77,81,0.0109002832734167,0.0676079542760647,0,289.540211311821,1,14.9991334545282,0,-14.9991334545282,0
72,82,0.0006014592932095,0.0083969762305926,0,1207.52382030992,1,-173.934851360832,0,173.934851360832,0
73,82,0.0394966492188939,0.03285861609819,0,41.0702202338218,1,-41.0702202338218,0,41.0702202338218,0
77,82,0.0010453739004899,0.0225861956129599,0,1193.57266534237,1,-34.9423403194603,0,34.9423403194603,0
76,83,0.004915891204947,0.0198811614645775,0,80.9152496139783,1,51.5526850285441,0,-51.5526850285441,0
80,83,0.0014251610348987,0.0200248732758821,0,92.6251643445352,1,-51.552685028544,0,51.552685028544,0
81,84,0.0883684224755912,0.669499219947448,0,39.8279173257752,1,0.261933717372789,0,-0.261933717372789,0
77,85,0.0052783310512916,0.055164954541741,0,9.27971303437221,1,9.27971303437221,0,-9.27971303437221,0
78,85,0.0047185470861473,0.049791263267491,0,2627.5312210779,1,25.4117953448445,0,-25.4117953448445,0
79,86,0.0019932301083292,0.0238011745289868,0,151.433465622299,1,51.6688247703511,0,-51.6688247703511,0
84,87,0.582410660370318,1.45542372417579,0,39.8279173257752,1,0.261933717372789,0,-0.261933717372789,0
81,88,0.0276413750616532,0.0470150810795028,0,2663.93427581807,1,14.7371997371553,0,-14.7371997371553,0
79,89,0.0017346218367996,0.010920514054077,0,648.382200727089,1,178.365463117331,0,-178.365463117331,0
73,90,0.0044295357779671,0.0241478925537729,0,992.878779065025,1,24.6093016674805,0,-24.6093016674805,0
90,91,0.0478304601431211,0.353164120149037,0,4.41702630951092,1,-0.301814137300199,0,0.301814137300199,0
87,92,0.18811982454122,0.588980165307706,0,39.8279173257752,1,0.261933717372784,0,-0.261933717372784,0
89,92,0.0342696009929436,0.0351123244692531,0,765.30346940946,1,-23.9828464171919,0,23.9828464171919,0
90,92,0.0006080177129777,0.0240448007816526,0,618.303258383984,1,23.7209126998192,0,-23.7209126998192,0
90,93,7.44635309613297e-05,0.0005249066052651,0,2488.33308267405,1,-1236.29640840177,0,1236.29640840177,0
90,94,0.0381291832770745,0.0539193878101301,0,43.1486250051018,1,7.81576270127635,0,-7.81576270127635,0
91,94,0.0159737083683765,0.0034709017170183,0,336.106550749972,1,152.125040528033,0,-152.125040528033,0
88,96,0.0010931023953885,0.065221717482054,0,295.839728764762,1,14.7371997371553,0,-14.7371997371553,0
89,96,0.0550551008939722,0.0300808696358914,0,12.2136180294217,1,3.3609368460672,0,-3.3609368460672,0
95,96,0.011767509231753,0.0213776110419907,0,247.245782665193,1,127.980731684493,0,-127.980731684493,0
90,97,0.0012344609591962,0.0121664061063232,0,365.87211438312,1,258.853683292179,0,-258.853683292179,0
91,98,0.0051378055214913,0.028241475784612,0,99.912694058428,1,-47.5244530288258,0,47.5244530288258,0
91,99,0.0011945526351446,0.0268367169750843,0,531.180097144569,1,-95.0639188470655,0,95.0639188470655,0
78,101,0.115200800393948,0.266042478194184,0,6.65153332169508,1,1.07722042809422,0,-1.07722042809422,0
99,102,0.0109309304989207,0.0183914060683161,0,563.84758055133,1,96.1458022154498,0,-96.1458022154498,0
99,103,0.0004740046200204,0.0047118920720459,0,645.191002517789,1,-313.203704954056,0,313.203704954056,0
100,103,0.001755413469129,0.0038183688242466,0,760.625623867604,1,-329.400962847784,0,329.400962847784,0
95,104,0.0093615661802227,0.0028270946433734,0,2004.821723285,1,-223.648811401933,0,223.648811401933,0
64,105,0.000249787664668,0.0036566473167567,0,628.934102198272,1,252.832154951297,0,-252.832154951297,0
78,105,0.0046885512129449,0.0018801145184261,0,445.352051119577,1,-215.671391495325,0,215.671391495325,0
98,105,0.0127542619436352,0.0232682405664122,0,67.9215528094294,1,-37.1607634559711,0,37.1607634559711,0
96,106,0.0212862946950462,0.0245013634539059,0,693.289201170271,1,-33.2534803818758,0,33.2534803818758,0
102,107,0.0139927262611745,0.0315222675258788,0,40.0925070804559,1,36.2045704173981,0,-36.2045704173981,0
99,108,0.0055385976701407,0.013440569231087,0,566.172311904251,1,100.083112327894,0,-100.083112327894,0
101,108,0.010095004957731,0.22477197938063,0,11.0726464040083,1,1.37349629976039,0,-1.37349629976039,0
107,108,0.0024050857807421,0.0154187358095172,0,647.33539715123,1,-101.456608627654,0,101.456608627654,0
102,109,0.0029751193024216,0.0230811190029905,0,623.211271318774,1,23.5449902748571,0,-23.5449902748571,0
104,109,0.0067300818024055,0.155384456113787,0,204.653488983589,1,9.7084901070189,0,-9.7084901070189,0
106,109,0.0062408305468067,0.031422112320981,0,797.202713708913,1,-33.2534803818758,0,33.2534803818758,0
91,110,0.0068582911416312,0.055323069203654,0,183.59856956436,1,-9.83848278944281,0,9.83848278944281,0
101,111,0.425679580290076,0.290232148261614,0,2.04505070307119,1,-0.296275871666163,0,0.296275871666163,0
104,111,0.0992281902987317,0.49720207317274,0,2.38167899893346,1,0.296275871666168,0,-0.296275871666168,0
64,112,0.0003063224074827,0.0031313929990605,0,1860.94498341737,1,415.114723690889,0,-415.114723690889,0
85,112,0.0017486294687773,0.0135239085530838,0,948.271467930159,1,-95.7861392517901,0,95.7861392517901,0
102,112,0.001788468159865,0.0517840040418638,0,1275.31627842542,1,-20.2477575769361,0,20.2477575769361,0
104,112,0.0086011197236775,0.0003569653357367,0,278.423280707799,1,-233.653577380616,0,233.653577380616,0
61,113,0.0044471194942485,0.100223555410581,0,109.691064315706,1,6.84806094277715,0,-6.84806094277715,0
107,113,0.0483010936486037,0.0877316750038928,0,107.184258896772,1,-6.84806094277717,0,6.84806094277717,0
79,114,0.0070361750384749,0.0325184309020728,0,102.692406625468,1,-72.6845687976937,0,72.6845687976937,0
65,115,0.0004044348775303,0.018633339619958,0,366.366015923126,1,-63.1836814150861,0,63.1836814150861,0
90,115,0.160547241282834,0.278424689561756,0,49.7788995864277,1,-3.83713303117508,0,3.83713303117508,0
112,115,0.0078605752700678,0.012976480709122,0,530.526394180973,1,67.0208144462611,0,-67.0208144462611,0
107,116,0.0055819136221938,0.0138848993732974,0,809.703119163293,1,99.5546346175997,0,-99.5546346175997,0
67,117,0.00223984670783,0.010585031817579,0,2731.20130516315,1,-300.161404114307,0,300.161404114307,0
98,117,0.0009075156095146,0.37111150031067,0,71.5799907478364,1,-10.3636895728545,0,10.3636895728545,0
114,117,0.004535233978411,0.0329624632834599,0,109.559854974955,1,-72.6845687976936,0,72.6845687976936,0
65,118,0.0519679120516939,0.0368674807968183,0,35.2141665414388,1,3.20152813186159,0,-3.20152813186159,0
110,118,0.015560766946815,0.0162923783575909,0,216.130805487352,1,53.8833353458656,0,-53.8833353458656,0
116,118,0.0125879048787939,0.0246478056653187,0,136.229011906103,1,-57.0848634777273,0,57.0848634777273,0
61,120,0.0056461198095474,0.0022786073091137,0,1747.78091565318,1,-654.818958995575,0,654.818958995575,0
64,120,2.45760416412922e-05,0.0006343156223343,0,1723.44212039271,1,1120.01547906378,0,-1120.01547906378,0
67,120,0.0066638912694553,0.0445018392801948,0,1114.42066443799,1,-9.21026911569776,0,9.21026911569776,0
79,120,0.0015328369345458,0.0282503243679261,0,501.053505658305,1,-70.516233207558,0,70.516233207558,0
110,120,0.000775399841753,0.0294499744228494,0,355.11032795828,1,-63.7218181353084,0,63.7218181353084,0
112,120,0.0567229774593932,0.369890175171953,0,10.6397614169068,1,-1.59356496471447,0,1.59356496471447,0
119,120,0.0001220458838419,0.0045473617228681,0,808.235438189316,1,-320.154634644931,0,320.154634644931,0
122,124,0.124769937386251,0.398957367190806,0,39.8279173257752,1,1.14516620369996,0,-1.14516620369996,0
123,125,0.0021916819423603,0.0604213391913072,0,4.16531153657477,1,2.18053328586785,0,-2.18053328586785,0
125,126,0.0028662858872319,0.0355179476667111,0,2822.8956987305,1,-18.8459382340028,0,18.8459382340028,0
126,128,0.0113533642222089,0.0140821896249836,0,5178.73789175408,1,-12.3287455720739,0,12.3287455720739,0
127,128,0.0106154642780688,0.0072736421511028,0,9304.91188786041,1,12.3287455720735,0,-12.3287455720735,0
126,131,0.160696251881266,0.103149125111661,0,17485.7531811034,1,15.0925045805689,0,-15.0925045805689,0
127,131,0.0046870574258607,0.0113151540609906,0,641.658238458642,1,160.852362227356,0,-160.852362227356,0
130,131,0.009292274597365,0.161661772767732,0,39.8279173257752,1,0.0,0,0.0,0
131,132,0.0195490535983576,0.416416363759443,0,55.4997882564009,1,-6.23585391952099,0,6.23585391952099,0
126,133,0.0092985950292345,0.009945199547976,0,225.401608185403,1,-82.2265515084464,0,82.2265515084464,0
123,134,4.79721664089128e-05,0.0030148134636849,0,3777.16476815081,1,-474.401714702221,0,474.401714702221,0
125,134,0.0002843310351191,0.0261201538469593,0,231.566347432641,1,-59.7999317735515,0,59.7999317735515,0
126,134,0.109213156106373,0.50682604687289,0,5.57112508905448,1,-1.7611848790031,0,1.7611848790031,0
130,135,0.0187191428203312,0.273375809831534,0,39.8279173257752,1,0.0,0,0.0,0
131,135,0.0819509971489515,0.389047308462824,0,39.8279173257752,1,0.0,0,0.0,0
132,136,0.0129084188683358,0.0688071975174332,0,173.207811746231,1,9.77494321150982,0,-9.77494321150982,0
122,137,0.13658898191324,0.92927298210985,0,39.8279173257752,1,1.21845134201274,0,-1.21845134201274,0
125,137,0.720412396167944,0.552146303764479,0,3.09630461205472,1,-2.43176287666503,0,2.43176287666503,0
129,138,0.0001806303819171,0.0004306279142607,0,2272.84091477707,1,1503.23503953833,0,-1503.23503953833,0
132,138,0.0027568639223567,0.007241552029378,0,915.395564721699,1,-120.321596966449,0,120.321596966449,0
133,138,0.0029698957865312,0.0132984856182036,0,290.334842663695,1,-82.2265515084466,0,82.2265515084466,0
134,139,0.0017438667945558,0.0031945757131588,0,1146.81585349726,1,385.073881482813,0,-385.073881482813,0
132,141,0.0063070425879208,0.0229026317137889,0,650.742663757774,1,104.310799835419,0,-104.310799835419,0
138,142,0.0009688458250067,0.0008285956308495,0,1443.55732126884,1,985.398929169673,0,-985.398929169673,0
139,142,4.65665856452289e-05,0.0020759341497371,0,2028.14724678984,1,-689.946801978203,0,689.946801978203,0
136,144,0.0005003324917286,0.0453795117414278,0,134.703729646639,1,9.77494321150978,0,-9.77494321150978,0
142,144,0.0468849948982641,0.0350516625843142,0,921.103224373572,1,33.4074440273532,0,-33.4074440273532,0
139,145,0.0017014994802368,0.0705720513705107,0,184.645969891438,1,10.710247406406,0,-10.710247406406,0
141,145,0.127068964621131,0.0446836462676905,0,46.7151631354906,1,-5.72203598430461,0,5.72203598430461,0
141,146,0.0053426865043124,0.0082688599933061,0,1618.70166659898,1,124.322899886762,0,-124.322899886762,0
141,147,0.0005423989217742,0.0911067317780283,0,326.756015339311,1,-14.290064067039,0,14.290064067039,0
142,147,0.0024964443504448,0.0098731226170864,0,1130.63848707323,1,115.656282209564,0,-115.656282209564,0
146,147,0.0492998229935185,0.281171904850671,0,127.556718867101,1,-8.28649536805404,0,8.28649536805404,0
138,148,0.0003388767418175,0.0020304704870598,0,649.729132000677,1,315.287961893758,0,-315.287961893758,0
140,148,0.0020171583112046,0.0566688742962696,0,125.777106475505,1,-8.40048335886592,0,8.40048335886592,0
146,149,0.0003058589200791,0.0049139761062559,0,673.061235050525,1,313.642287789921,0,-313.642287789921,0
140,150,0.020624222540633,0.0524713124561401,0,126.844000223371,1,8.40048335886592,0,-8.40048335886592,0
142,150,0.005828031008135,0.058934322538093,0,248.091660075664,1,12.5651054411498,0,-12.5651054411498,0
143,150,0.0018092164262868,0.0110226437716947,0,234.243691335769,1,-58.5268153665892,0,58.5268153665892,0
148,150,6.23132638781022e-07,0.0123177099174479,0,330.084672466211,1,74.431881310864,0,-74.431881310864,0
151,152,0.000761627234426,0.0424387163300082,0,1084.9446915808,1,29.0945381869115,0,-29.0945381869115,0
151,153,0.0648271938555955,0.207680622767776,0,39.8279173257752,1,-0.223535160840516,0,0.223535160840516,0
145,154,0.0384546672393942,0.192326000786578,0,28.9889580710696,1,-2.46731342703991,0,2.46731342703991,0
146,154,0.0191127797845145,0.0097121500102408,0,620.096652659108,1,-181.032892535104,0,181.032892535104,0
148,154,0.0010347732589555,0.0093218574477638,0,967.824011790658,1,202.740075158657,0,-202.740075158657,0
149,154,0.0015454502350435,0.0050674219544891,0,1364.3307132197,1,-651.110041127896,0,651.110041127896,0
151,154,0.0123344560241181,0.0194696000618081,0,1025.43874870704,1,-29.0456009353425,0,29.0456009353425,0
153,154,0.0044225709121298,0.122837725272941,0,53.8303161043146,1,-4.22575647016226,0,4.22575647016226,0
152,155,0.0103679805449286,0.0647812603455015,0,230.080587974348,1,65.9651929312022,0,-65.9651929312022,0
150,156,0.0076657299073527,0.0371728537947996,0,766.538348592298,1,36.8706547442907,0,-36.8706547442907,0
152,156,0.0020454333333776,0.0380448189817645,0,1132.67913408916,1,-36.8706547442907,0,36.8706547442907,0
125,157,0.0086610279286982,0.187730185958473,0,20.6488952810429,1,-2.20091764774616,0,2.20091764774616,0
143,157,0.051931170789509,0.0108094590954261,0,30.1146511468879,1,-3.20969037593404,0,3.20969037593404,0
153,158,0.0189796443149834,0.157167231529019,0,54.6688429534912,1,4.0022213093218,0,-4.0022213093218,0
155,159,0.0498146335223111,0.0918260843333834,0,921.670705379045,1,-38.0570382859842,0,38.0570382859842,0
155,160,0.0052910485440633,0.0172876356396016,0,997.837468337891,1,104.022231217187,0,-104.022231217187,0
151,161,0.526394462037615,0.607107620752677,0,39.8279173257752,1,0.17459790927144,0,-0.17459790927144,0
158,161,0.0079297676124903,0.903321443678574,0,39.8279173257752,1,-0.527602221543311,0,0.527602221543311,0
159,161,0.031536575020416,0.0568915335020299,0,1086.67265806568,1,-33.5272147551191,0,33.5272147551191,0
123,165,0.0001123440632186,0.0028591838783515,0,551.290392760816,1,514.03420043281,0,-514.03420043281,0
162,165,0.0001468764735328,0.0029239788271958,0,533.609841336203,1,-514.490289823628,0,514.490289823628,0
122,166,0.0490144195030355,0.191967295897438,0,6.87776399995026,1,4.47515934736282,0,-4.47515934736282,0
125,166,0.0801779363793821,0.480132204689492,0,3.36548671745906,1,-3.36548671745905,0,3.36548671745905,0
137,166,0.975973118815298,0.225160369552435,0,39.8279173257752,1,-1.21331153465231,0,1.21331153465231,0
145,166,0.177902591505125,0.729293123285614,0,7.22887548414698,1,-2.79707414498361,0,2.79707414498361,0
158,167,0.0349606178166766,0.176301773183495,0,51.9466426360557,1,4.52982353086511,0,-4.52982353086511,0
159,167,0.039672311542232,0.139564893866296,0,47.9158623512077,1,-4.52982353086511,0,4.52982353086511,0
164,169,0.0003525015712414,0.0016353251805176,0,956.36880096247,1,-594.797681436053,0,594.797681436053,0
163,170,0.017905349882712,0.0511177172294683,0,162.041683832117,1,53.2447461060677,0,-53.2447461060677,0
168,170,0.0004319858925128,0.0032662153311333,0,2248.06538670125,1,420.25970654322,0,-420.25970654322,0
139,171,4.06423560899886e-05,0.0007493309294662,0,3385.58817781951,1,1131.7803418972,0,-1131.7803418972,0
143,171,0.0004787628612223,0.002822632491652,0,875.844668048486,1,316.982792569897,0,-316.982792569897,0
162,171,0.006038721127211,0.0082647155488655,0,569.060502578389,1,-281.447557494889,0,281.447557494889,0
165,171,0.231270797830108,1.80167595852921,0,2.65096006602339,1,-0.456089390817474,0,0.456089390817474,0
168,171,0.001252713817705,0.0039645207555848,0,3977.26413000883,1,-1166.85948758138,0,1166.85948758138,0
121,172,0.0651953092246099,0.338731601846942,0,39.8279173257752,1,0.0,0,0.0,0
163,173,0.0005050621427666,0.008403519498098,0,157.244620747554,1,-53.2447461060677,0,53.2447461060677,0
164,173,0.0384483449790855,0.0367904958979907,0,156.540348941684,1,53.2447461060677,0,-53.2447461060677,0
124,174,1.2093096913424,1.13325998779677,0,39.8279173257752,1,1.14516620369996,0,-1.14516620369996,0
134,174,0.0036762691976238,0.0344122239084491,0,1358.27332390022,1,24.4582900461804,0,-24.4582900461804,0
157,174,0.0076060767417238,0.0567663715133264,0,65.8311340495622,1,-5.41060802368012,0,5.41060802368012,0
122,175,0.134314119559384,0.0253934816048115,0,52.6122837709291,1,-15.0091496687929,0,15.0091496687929,0
123,175,0.0502952073884208,0.0651554631774596,0,181.142912403947,1,-41.8130190164573,0,41.8130190164573,0
125,175,0.0306144398901345,0.366734305218725,0,12.4757115837788,1,-7.78791981416941,0,7.78791981416941,0
166,175,0.818658739196295,0.427556529507899,0,3.84353681683194,1,-2.90071304973211,0,2.90071304973211,0
134,176,0.0005887864364824,0.0007037052246252,0,1278.06935905537,1,-949.695917262687,0,949.695917262687,0
122,177,0.115829866624776,0.35326798873757,0,25.8821827541604,1,8.17037277571734,0,-8.17037277571734,0
174,177,0.0017343055605088,0.0795121887908315,0,1359.27006356983,1,14.2328823199247,0,-14.2328823199247,0
176,178,7.14186240939977e-05,0.0009152305075574,0,1064.87567388261,1,-949.695917262684,0,949.695917262684,0
125,179,0.189473178324836,0.535922526521879,0,3.61447497848697,1,0.213714890095662,0,-0.213714890095662,0
126,179,0.0020558533399444,0.012566981625684,0,124.404936871709,1,62.3780391449511,0,-62.3780391449511,0
127,179,0.0006356579448159,0.0010462804608782,0,2089.42685673452,1,1000.87340573021,0,-1000.87340573021,0
169,179,0.0005842506366296,0.0002513637157282,0,1390.9174332369,1,-1191.99232834113,0,1191.99232834113,0
172,179,0.0270397116617867,0.299781085311048,0,39.8279173257752,1,5.55111512312578e-15,0,-5.55111512312578e-15,0
174,179,1.77574828083471e-05,0.0821635394669919,0,54.9433367812963,1,10.1608802851864,0,-10.1608802851864,0
177,179,0.0235851469282493,0.158397294774753,0,57.5052982564234,1,-1.87398236914562,0,1.87398236914562,0
134,180,0.0091969087200413,0.0689050701431385,0,36.7386422000193,1,4.20091437891106,0,-4.20091437891106,0
174,180,0.0037925566104366,0.131447538258542,0,36.6143597559679,1,-4.20091437891101,0,4.20091437891101,0
187,188,0.0101870938564236,0.0360601696186921,0,1065.17598062332,1,26.3163420637129,0,-26.3163420637129,0
183,190,0.169000304096406,0.365978740224462,0,2.26402370303941,1,-0.597485417756682,0,0.597485417756682,0
185,190,0.0450170081939118,0.148404283269174,0,142.248858817673,1,-9.54509623119837,0,9.54509623119837,0
186,190,0.16025512834973,0.0110578709650079,0,136.980318919792,1,9.21032983878689,0,-9.21032983878689,0
185,191,0.0039263740616481,0.131406259756164,0,1299.18129838698,1,-14.3096034444918,0,14.3096034444918,0
188,191,0.0264592746648283,0.0362599935558934,0,945.62281588738,1,14.3096034444918,0,-14.3096034444918,0
184,192,0.0007462438932467,0.0081306775587516,0,496.480827304018,1,-166.149725893522,0,166.149725893522,0
188,193,0.008435587970802,0.0213232110257359,0,225.666291039441,1,-68.5273195394582,0,68.5273195394582,0
185,194,0.0005455273917534,0.0258330932276078,0,561.023948621278,1,-85.401386563104,0,85.401386563104,0
187,194,0.0001027277852105,0.0018366743419818,0,1034.20042182206,1,621.790889938794,0,-621.790889938794,0
192,195,4.11912960715361e-05,0.0017778040723924,0,1340.42353628798,1,-629.365555728584,0,629.365555728584,0
188,196,0.0085107216081338,0.124664811843968,0,59.0603973159895,1,4.76250383897485,0,-4.76250383897485,0
188,198,0.0099922192911961,0.0360158254940847,0,175.702550843352,1,-9.7542451464351,0,9.7542451464351,0
193,198,0.0744241169158459,0.165070288404416,0,99.297204332684,1,6.72389510720499,0,-6.72389510720499,0
195,199,0.0055668319984749,0.0174625800129189,0,83.4957135045281,1,-47.6892722122744,0,47.6892722122744,0
199,200,0.0192511873800297,0.0690371574015051,0,105.011395906629,1,-6.98434206268819,0,6.98434206268819,0
196,201,0.0082190250461368,0.0119902817170004,0,1363.02549782961,1,-121.189473450037,0,121.189473450037,0
199,201,0.0052016134362828,0.023542463495977,0,915.630733787983,1,-37.9160726602807,0,37.9160726602807,0
200,201,0.0394901040494242,0.0587684037384803,0,107.397635892311,1,-6.98434206268823,0,6.98434206268823,0
202,204,0.0001096228753001,0.000718030562683,0,1823.78007040272,1,-1022.61315664208,0,1022.61315664208,0
196,205,0.0020183234444417,0.0702301268738961,0,8864.07741045432,1,-15.8735449343144,0,15.8735449343144,0
201,206,0.0024619131523391,0.0074930691548388,0,435.136492611401,1,-166.089888173006,0,166.089888173006,0
197,207,0.0333221917881625,0.0735920323478827,0,28.9309425508768,1,2.78885748930535,0,-2.78885748930535,0
203,208,0.176696854121037,0.0070600605091615,0,25.1373800502351,1,-2.78885748930549,0,2.78885748930549,0
207,208,0.0017718372836086,0.166768982789102,0,22.8541520691049,1,2.7888574893054,0,-2.7888574893054,0
199,209,0.0086249135093185,0.169907508460116,0,27.5688448035007,1,-2.78885748930552,0,2.78885748930552,0
203,209,0.06687232435061,0.160198267436585,0,28.8035063656385,1,2.78885748930552,0,-2.78885748930552,0
187,211,0.0018119205825104,0.0004835184104613,0,1416.03755350845,1,-629.605990490901,0,629.605990490901,0
205,211,0.0016483164686243,0.0461342075539559,0,2254.02527190396,1,-15.8735449343144,0,15.8735449343144,0
206,211,0.0073254881521373,0.0194103367385812,0,94.2726736229304,1,43.8170891089209,0,-43.8170891089209,0
202,212,0.0004526272666631,0.000567764124999,0,1946.27767062303,1,1022.61315664207,0,-1022.61315664207,0
206,213,0.0004222170419851,0.0057757543533535,0,1196.27392083009,1,-211.901916293307,0,211.901916293307,0
212,213,0.0004281914648877,0.0024649198993429,0,3426.94062357563,1,491.995646557346,0,-491.995646557346,0
195,215,0.0002009068042788,0.0035196894356992,0,5366.22249850834,1,-518.530548404148,0,518.530548404148,0
210,215,0.0039460896651786,0.0036062499417101,0,1284.14511866044,1,418.763178530979,0,-418.763178530979,0
210,216,0.000256152741176,0.0015031626775874,0,1384.25962935907,1,-418.763178530978,0,418.763178530978,0
212,216,0.0003744920874205,0.0027173272494631,0,799.849267570453,1,530.617510084729,0,-530.617510084729,0
213,218,0.0001686933174782,0.0084449733474926,0,244.383835032436,1,244.383835032436,0,-244.383835032436,0
218,219,0.115309631026447,0.0318403895818489,0,59.3829672906781,1,4.37992307378074,0,-4.37992307378074,0
219,220,0.0513581307026121,0.220351355331748,0,13.2790875606169,1,-0.920002262910474,0,0.920002262910474,0
215,221,0.016230143204507,0.0274257723161184,0,6561.87813209626,1,-26.97711077862,0,26.97711077862,0
217,221,0.0492985341471051,0.666187085482309,0,39.8279173257752,1,0.0,0,0.0,0
213,222,0.0013473991849311,0.0310747925757903,0,9654.72603165011,1,26.9771107786199,0,-26.9771107786199,0
221,222,0.0118231160915079,0.0293059258745861,0,679.332282012806,1,-26.9771107786199,0,26.9771107786199,0
197,223,0.0076284368810116,0.131433363173087,0,25.0265018758877,1,-2.78885748930536,0,2.78885748930536,0
206,223,0.0116836841151409,0.08018880235064,0,2.28220460437725,1,1.99493901137986,0,-1.99493901137986,0
215,223,0.009342478446994,0.0549421568382293,0,3386.35229108185,1,-17.9261299440676,0,17.9261299440676,0
195,224,0.0026670977775405,0.0047043223085728,0,331.765311738807,1,-163.439828759112,0,163.439828759112,0
214,224,0.0002825241226506,0.0012089722455509,0,3353.18930088508,1,849.485959344885,0,-849.485959344885,0
215,224,0.0215631619845479,0.134552078256668,0,113.107672222185,1,7.84969563048895,0,-7.84969563048895,0
218,224,9.5277554169485e-05,0.0056713380408636,0,2167.41664741195,1,240.003911958655,0,-240.003911958655,0
215,225,0.0099344569435038,0.0249994403298693,0,338.272702783181,1,-62.7138247809714,0,62.7138247809714,0
220,225,0.0089387939836958,0.0153743390641088,0,390.377579254237,1,-78.0257786596302,0,78.0257786596302,0
224,226,0.0023700418120514,0.0033718688538225,0,287.217409798619,1,246.725140006837,0,-246.725140006837,0
220,228,0.0095482860711808,0.0410608436642563,0,195.190408745889,1,8.90097883685694,0,-8.90097883685694,0
227,228,0.0057330971776634,0.0418946872343628,0,195.131154800585,1,-8.90097883685699,0,8.90097883685699,0
223,230,0.0052165927277679,0.0577061012687083,0,7.21366924833242,1,0.466181542865396,0,-0.466181542865396,0
225,230,0.000550412783948,0.004831872804163,0,254.898942311972,1,126.206094741799,0,-126.206094741799,0
227,230,0.0033387077414806,0.0104850756916679,0,239.082837813633,1,-126.672276284664,0,126.672276284664,0
181,231,9.21015368971444e-05,0.000960024119295,0,6276.86316433528,1,926.335657660884,0,-926.335657660884,0
193,231,0.0002020809982165,0.003914947416957,0,648.351818980999,1,-298.341427595989,0,298.341427595989,0
211,231,0.0001992372934835,0.002259851464468,0,1109.98302061991,1,-608.808000100035,0,608.808000100035,0
223,231,0.0632971473739334,0.03571743732029,0,329.216471629286,1,-19.1862299648585,0,19.1862299648585,0
182,232,5.97230437245909e-05,0.0010277419320258,0,4133.55544798224,1,856.544966349936,0,-856.544966349936,0
226,233,0.0013617454780485,0.0558742373794575,0,122.057340738611,1,-8.52114682053644,0,8.52114682053644,0
183,234,0.0022477093062743,0.0642012776217765,0,210.900271944226,1,-10.7836377549148,0,10.7836377549148,0
193,234,0.0068291766746589,0.0088317212114793,0,1646.58107229028,1,223.090212949326,0,-223.090212949326,0
224,234,5.01586538641763e-06,0.0005993898761358,0,1859.19074601198,1,687.174598168087,0,-687.174598168087,0
227,234,0.0042899670080961,0.0190984206538617,0,167.803570794438,1,57.4868831632371,0,-57.4868831632371,0
198,235,0.007619732880334,0.120999729311548,0,29.6000129265589,1,-3.03035003923011,0,3.03035003923011,0
211,235,0.0085388398297072,0.0749303884650991,0,78.8853299951498,1,7.14555378373487,0,-7.14555378373487,0
232,235,0.0002152135955274,0.0010639108824235,0,3424.92373145913,1,856.544966349938,0,-856.544966349938,0
233,235,0.0002372305878215,0.0018555363523611,0,1378.17869262233,1,-631.059333208539,0,631.059333208539,0
234,235,0.0018505939420525,0.0053441738816763,0,2091.51436923654,1,-229.600836885907,0,229.600836885907,0
183,236,0.0019646688389703,0.0905300478123545,0,2.82560393798932,1,0.417336145311431,0,-0.417336145311431,0
186,237,0.0232555823735791,0.0761382308101297,0,176.863963073462,1,-10.1161861750658,0,10.1161861750658,0
187,237,0.0022552951461543,0.0059210857246415,0,393.951785601959,1,178.953840902256,0,-178.953840902256,0
227,237,0.0013886741671372,0.0046491675202268,0,326.613712170953,1,150.454866952566,0,-150.454866952566,0
229,237,0.0016229300714182,0.0057169654925303,0,309.290430244369,1,-140.901669664831,0,140.901669664831,0
233,237,0.0535651606789869,0.116690968038694,0,23.8826244107893,1,-2.93377918923443,0,2.93377918923443,0
236,237,6.10190727982042e-05,0.0064319070204764,0,536.238504010891,1,-175.457072825691,0,175.457072825691,0
184,238,0.0004109117638679,0.0055619132368491,0,835.417393839798,1,-318.386544156182,0,318.386544156182,0
233,238,2.89116225478947e-05,0.0017884128141871,0,1052.17178031723,1,621.792435285215,0,-621.792435285215,0
234,238,0.0001076093335544,0.0008899173933012,0,6302.64192892996,1,1186.56889341164,0,-1186.56889341164,0
236,238,0.0006360948172062,0.0085132446736946,0,1870.31061371948,1,38.2748912573009,0,-38.2748912573009,0
186,239,0.0664923779311069,0.0816013062110318,0,3.62981405032844,1,0.905856336278776,0,-0.905856336278776,0
233,239,0.0525708054339921,0.13168759829145,0,48.0415183105167,1,3.81054898944366,0,-3.81054898944366,0
236,239,0.0498503836919054,0.0602950723411294,0,58.755353509064,1,-4.71640532572246,0,4.71640532572246,0
188,240,0.0178006107068802,0.0033046291115287,0,439.004561261603,1,85.5257994661393,0,-85.5257994661393,0
189,240,0.0389183805083866,0.0180868295126778,0,2947.38849288503,1,-33.8802190673909,0,33.8802190673909,0
190,240,0.572062842873029,0.750948806593435,0,6.82045704235556,1,-0.932251810168228,0,0.932251810168228,0
233,240,0.0273483408925936,1.30014848592985,0,39.8279173257752,1,-0.131018697417661,0,0.131018697417661,0
236,240,0.0041390423361659,0.0189102041411413,0,136.002032191035,1,-50.5823098911619,0,50.5823098911619,0
245,246,2.37228002005903e-05,0.0036132010061588,0,881.762377645944,1,-206.09271872368,0,206.09271872368,0
246,247,5.28208483513298e-06,0.0013165047816952,0,3215.3822238235,1,-735.576849981062,0,735.576849981062,0
244,251,0.0023159018276962,0.0109641475359763,0,696.593286211684,1,-182.283269669343,0,182.283269669343,0
246,251,0.0017610947515398,0.0028381510132272,0,3599.72631311555,1,529.484131257382,0,-529.484131257382,0
242,252,0.024014874707713,0.0077484092676112,0,359.463325687654,1,-83.4998110358976,0,83.4998110358976,0
250,252,0.0045124045635913,0.0247963697358194,0,337.683914493361,1,83.4998110358976,0,-83.4998110358976,0
243,253,0.0189656313502158,0.0854533433037709,0,120.839962530725,1,12.0109190170441,0,-12.0109190170441,0
250,253,0.0012154570025161,0.12738573896213,0,120.310232473842,1,-12.010919017044,0,12.010919017044,0
254,255,0.0077149369424237,0.0163752109864985,0,415.828863085792,1,107.67252237244,0,-107.67252237244,0
251,256,0.0056849171344635,0.0420474940009487,0,1128.50831608118,1,31.3365582144136,0,-31.3365582144136,0
256,258,0.0089499461651002,0.206049268207807,0,39.8279173257752,1,-0.328748967610087,0,0.328748967610087,0
254,259,0.0051290150599572,0.0416931520028788,0,56.8904080272209,1,-46.7411699002969,0,46.7411699002969,0
256,259,0.0036337845467066,0.101047237460591,0,230.731304598905,1,-12.7609918237342,0,12.7609918237342,0
250,260,0.0045099372523083,0.0298601511129328,0,229.123595241954,1,-71.4888920188535,0,71.4888920188535,0
259,260,0.0119965635567425,0.0223704690992247,0,258.392968117677,1,72.3470167060847,0,-72.3470167060847,0
248,261,0.0006486323502084,0.0054364679327018,0,581.019294107411,1,-324.497205251056,0,324.497205251056,0
251,261,9.6882771122962e-05,0.0081558252875434,0,450.714330709581,1,315.864303373626,0,-315.864303373626,0
256,261,0.046686731057225,0.134738380028099,0,129.36390723769,1,9.34039973683445,0,-9.34039973683445,0
254,262,1.28599656190263,0.227875917104477,0,3.51699370586327,1,-0.858124687231276,0,0.858124687231276,0
260,262,0.0399972067881121,0.157091448030734,0,2.79508157264429,1,0.858124687231282,0,-0.858124687231282,0
245,263,0.0005702239942285,0.0093605598581096,0,584.479488057373,1,130.356214938456,0,-130.356214938456,0
254,263,0.0015379957881985,0.025216587853546,0,60.0732277849116,1,-60.0732277849115,0,60.0732277849115,0
257,263,1.25616102426157,0.0795848666315994,0,39.8279173257752,1,-0.328748967610087,0,0.328748967610087,0
257,264,0.0104752277501061,1.216939781281,0,39.8279173257752,1,0.328748967610093,0,-0.328748967610093,0
258,264,0.155958147769198,1.0997706688793,0,39.8279173257752,1,-0.328748967610092,0,0.328748967610092,0
265,267,0.0001129809799021,0.0103676571722778,0,952.819039144311,1,192.886182008191,0,-192.886182008191,0
265,268,0.0162569327167886,0.136670543958885,0,48.4551711152776,1,5.94423653359916,0,-5.94423653359916,0
266,270,0.0195124856042364,0.012278203116231,0,69.0917681330632,1,44.5097777328981,0,-44.5097777328981,0
267,270,0.0066109845640971,0.0218862144943475,0,100.340977841068,1,-46.5187182345856,0,46.5187182345856,0
269,270,0.0297468627715902,0.474152844731587,0,18.5361147219028,1,2.00894050168768,0,-2.00894050168768,0
269,271,0.35713948502889,0.650456671543046,0,39.8279173257752,1,-0.0760308761472761,0,0.0760308761472761,0
249,272,0.0019350733590893,0.003005178142485,0,2062.60724420063,1,781.638205277721,0,-781.638205277721,0
265,272,0.0040984687281253,0.0060318969549084,0,448.947773769144,1,-264.989540775566,0,264.989540775566,0
266,272,0.0089009901049578,0.0456876843482216,0,72.8977964457386,1,-44.5097777328981,0,44.5097777328981,0
269,272,0.000793905516853,0.0063573448132869,0,381.734097915034,1,-256.003718715988,0,256.003718715988,0
271,272,0.0031757990502009,0.0073012140362973,0,1293.12653512729,1,-216.135168053268,0,216.135168053268,0
268,273,4.01533497164001e-05,0.0629053580797569,0,232.738696972194,1,14.677020986583,0,-14.677020986583,0
269,273,6.78766158519845e-05,0.592029363043453,0,22.4868097285315,1,2.88254451286838,0,-2.88254451286838,0
265,275,0.0039231345679313,0.0241931048096337,0,295.229614018645,1,66.1591222337763,0,-66.1591222337763,0
269,278,0.0044029027443186,0.0089820849210925,0,309.802164240406,1,251.18826457758,0,-251.18826457758,0
276,278,0.0019484343757738,0.0326250955744374,0,1062.90331833777,1,52.8497996579095,0,-52.8497996579095,0
273,279,0.0888613509031912,0.0313074411219652,0,915.582769309738,1,17.5595654994514,0,-17.5595654994514,0
277,279,0.0177935873752138,0.111684999948308,0,73.126474726759,1,14.5690631365432,0,-14.5690631365432,0
248,280,0.0155422394668667,0.0006146847246073,0,852.746821298166,1,239.798319374354,0,-239.798319374354,0
274,280,0.0810089919188282,0.15891346248873,0,100.874378275473,1,-6.20736064555931,0,6.20736064555931,0
276,280,0.0114160573213904,0.264421730131719,0,10.559373728912,1,1.92144789052008,0,-1.92144789052008,0
275,281,0.0002561549565705,0.0255680117501549,0,226.905584209462,1,54.450221545215,0,-54.450221545215,0
280,281,0.0138570070723212,0.0129778583846135,0,152.180895049561,1,148.223765589095,0,-148.223765589095,0
279,282,0.146320436886178,0.426133014853189,0,39.8279173257752,1,0.0,0,0.0,0
278,283,0.0085469066811268,0.0023175872713842,0,938.267971327066,1,198.784274608534,0,-198.784274608534,0
276,284,0.167661851455053,1.03698272442999,0,39.8279173257752,1,0.954323693877052,0,-0.954323693877052,0
278,284,0.0023857376623855,0.0099755169308498,0,335.644880631401,1,-73.6415552153108,0,73.6415552153108,0
275,285,0.0121888886357773,0.129733495667316,0,226.845954097884,1,11.7089006885613,0,-11.7089006885613,0
279,285,0.0019797349864599,0.0259650307624791,0,160.084182379399,1,32.1286286359946,0,-32.1286286359946,0
277,286,0.0008912812046488,0.0326946241812497,0,810.636784333296,1,36.5792371221211,0,-36.5792371221211,0
280,286,0.0091306624530469,0.144010261537684,0,26.9702483879999,1,5.45139983187154,0,-5.45139983187154,0
285,286,0.0024300573571993,0.0301071391657035,0,1078.0087961574,1,-42.0306369539926,0,42.0306369539926,0
242,287,0.0019428910544391,0.0083185161256612,0,567.185564995529,1,-148.098212702792,0,148.098212702792,0
280,287,0.029171660420433,0.0847232786155406,0,92.2222883292032,1,9.19628046141624,0,-9.19628046141624,0
280,288,0.0745217613192494,0.120983843429101,0,39.8279173257752,1,0.0,0,0.0,0
281,290,0.0009487117097701,0.0065658469595297,0,787.98449589694,1,202.67398713431,0,-202.67398713431,0
285,290,0.0010144693670473,0.0140200230410699,0,622.220472212601,1,85.8681662785486,0,-85.8681662785486,0
241,291,0.0003484394670371,0.0081260005124053,0,926.636370227969,1,-338.263206047101,0,338.263206047101,0
278,291,0.160901141801787,0.106816857311622,0,109.820623570821,1,-18.5597375715977,0,18.5597375715977,0
287,292,0.101002168160917,0.153798287857949,0,100.990954525438,1,-13.1061221630478,0,13.1061221630478,0
242,295,0.0039663032480386,0.0232670167112107,0,140.146307361067,1,34.8996601450216,0,-34.8996601450216,0
243,296,0.0032720025391094,0.0015868863857662,0,1354.82583468894,1,-383.618531667928,0,383.618531667928,0
245,296,0.0009077474092526,0.0028216764023888,0,3041.36697904111,1,487.021151864881,0,-487.021151864881,0
289,296,0.260822786169785,0.100531718425475,0,11.7700292331672,1,-2.98452779980091,0,2.98452779980091,0
292,296,0.0106158655574032,0.021071603538378,0,1009.71315545521,1,-125.048783235594,0,125.048783235594,0
293,296,0.0073487561596501,0.061522348692844,0,909.228132951685,1,-35.8846881996675,0,35.8846881996675,0
287,297,0.005072723085173,0.0366244188766783,0,602.736301781012,1,-28.1102258534195,0,28.1102258534195,0
289,297,0.829281799114545,1.11277808766806,0,16.5720550865377,1,2.98452779980092,0,-2.98452779980092,0
293,297,0.0028981360884182,0.0562550159954554,0,12406.5311258966,1,25.1256980536186,0,-25.1256980536186,0
248,298,0.004386592208294,0.0250759897067695,0,238.866989961337,1,-68.8825749239714,0,68.8825749239714,0
256,298,9.14568265705003e-05,0.0369188268556854,0,1695.11514562557,1,35.0858992689235,0,-35.0858992689235,0
261,298,0.07048670627032,0.0520424342491106,0,7.06829977602566,1,0.707497859404516,0,-0.707497859404516,0
277,298,0.0025318258512287,0.0286189805186538,0,986.072347469719,1,-51.1483002586643,0,51.1483002586643,0
293,298,1.5648692457385,1.21505421422736,0,39.8279173257752,1,-0.173548555026062,0,0.173548555026062,0
294,298,0.0135565149595372,0.0215718472343865,0,213.174734467731,1,84.4110266093337,0,-84.4110266093337,0
263,299,0.0024390204853757,0.0307347455184049,0,225.516291114246,1,69.9542381859345,0,-69.9542381859345,0
276,299,0.0035384560583791,0.024538988563279,0,929.345888056457,1,-55.7255712423067,0,55.7255712423067,0
291,299,0.0006098659197361,0.0046372988840209,0,1072.74762844735,1,-239.187964403548,0,239.187964403548,0
294,299,0.0009991793451901,0.0103616337248475,0,414.239318424415,1,175.655614930538,0,-175.655614930538,0
292,300,0.0002639301959427,0.0071220334061668,0,455.864424023445,1,286.229317927679,0,-286.229317927679,0
295,300,0.000419788983624,0.0070612358860417,0,420.098628581466,1,-286.22931792768,0,286.22931792768,0
41,86,0.0027000320531369,0.0238344790068666,0,140.282950556376,1,-51.6688247703511,0,51.6688247703511,0
23,77,0.0033810923667994,0.0259286804190359,0,2031.59030498653,1,-10.6634938305599,0,10.6634938305599,0
25,94,0.0010928461018561,0.0141251671296625,0,358.327889894573,1,-159.940803229309,0,159.940803229309,0
55,116,0.0009511722154775,0.0093271322520358,0,390.953661765953,1,-156.639498095327,0,156.639498095327,0
80,131,0.01410714824456,0.0287508595509888,0,94.4662240106271,1,51.5526850285438,0,-51.5526850285438,0
74,154,3.33889803782321e-05,0.0016739593461452,0,1318.18336345433,1,665.141529336884,0,-665.141529336884,0
62,127,0.000720504497944,0.0041072930113474,0,1147.89609596346,1,292.818789673856,0,-292.818789673856,0
90,127,6.15837298303581e-06,0.0014818776000659,0,2831.90859291657,1,794.325489012444,0,-794.325489012444,0
179,195,0.0008492226191082,0.014567848119951,0,522.167369377395,1,-120.240270659829,0,120.240270659829,0
143,226,0.0001116438392026,0.0046839957866305,0,337.895666025125,1,-255.246286827373,0,255.246286827373,0
161,189,0.0198207299964698,0.0657821189975943,0,872.547498667959,1,-33.8802190673909,0,33.8802190673909,0
127,219,0.0079687981619211,0.0310090774565768,0,232.125263586986,1,-86.9102348433377,0,86.9102348433377,0
219,241,0.0030824429257572,0.0520187065977876,0,11535.056907363,1,8.44008031318402,0,-8.44008031318402,0
213,268,0.0300590993633412,0.0461679497408381,0,115.47989269756,1,8.73278445298384,0,-8.73278445298384,0
187,278,0.0028809136731122,0.0025461112748727,0,389.015073049055,1,-197.455082413865,0,197.455082413865,0
216,287,0.0010179962327499,0.0123859793493706,0,288.415262804878,1,97.6855842249088,0,-97.6855842249088,0
284,26,0.0152081329196689,0.0168558984559137,0,359.615253760337,1,-72.6872315214337,0,72.6872315214337,0
280,42,0.0036398196761129,0.0591555640001198,0,143.006633459204,1,72.6409607369335,0,-72.6409607369335,0
255,6,0.0063101493626614,0.0204676612914255,0,388.996681000647,1,107.67252237244,0,-107.67252237244,0
293,26,0.0123340075304833,0.0841674784426732,0,14.0412426816947,1,10.932538701075,0,-10.932538701075,0
