from_bus,to_bus,resistance,reactance,susceptance,line_rating,line_status,P_from,Q_from,P_to,Q_to
2,4,0.0543482589451064,0.0005749982617849,0,388.930756065205,1,-86.9513617944392,0,86.9513617944392,0
2,5,0.0107550682618254,0.057992630725248,0,210.066716953223,1,-71.9600890051184,0,71.9600890051184,0
3,6,0.0369174507688604,0.152718120540752,0,84.6142200997034,1,7.31366456425373,0,-7.31366456425373,0
4,6,0.0064139829929532,0.0018282263475166,0,1114.74686698379,1,394.048149268068,0,-394.048149268068,0
3,9,0.0077730336681947,0.249538858159695,0,67.5553220345376,1,-7.31366456425373,0,7.31366456425373,0
5,9,0.0011650761645465,0.0040168730726623,0,841.767283750011,1,473.401710777643,0,-473.401710777643,0
7,10,0.0010686135880811,0.0025222771159701,0,1769.81265645499,1,413.752897874612,0,-413.752897874612,0
8,10,0.00753170286159,0.0015247368260967,0,1589.10911960117,1,-413.752897874613,0,413.752897874613,0
5,13,0.0005352646739766,0.0073521709347369,0,2354.80269911658,1,-339.273815382167,0,339.273815382167,0
7,13,0.0042097392660739,0.0008945698050754,0,4657.69420444411,1,398.389896259646,0,-398.389896259646,0
8,13,0.0066199937892837,0.0222964065760697,0,130.902631712274,1,-59.1160808774797,0,59.1160808774797,0
11,15,0.0169901703181756,0.117658548749721,0,1684.90535791414,1,12.0682916181424,0,-12.0682916181424,0
12,15,0.0001392143553416,0.0054112630376944,0,1559.72965352562,1,396.461748409884,0,-396.461748409884,0
14,15,0.105326803222167,0.202298420721329,0,232.833239402804,1,9.75413616790978,0,-9.75413616790978,0
11,17,0.0071039618980491,0.104153458070453,0,2682.58900242085,1,-14.6799893384409,0,14.6799893384409,0
14,17,0.0024525558670359,0.0022053541039879,0,6305.15837095371,1,-442.40649956477,0,442.40649956477,0
8,18,0.0002234398938166,0.0047782746339324,0,3227.56936763053,1,472.868978752092,0,-472.868978752092,0
11,18,0.0484386401468632,0.240195982055066,0,3.48866764824484,1,2.56922300335088,0,-2.56922300335088,0
17,18,7.62570113444761e-06,0.0434871174872887,0,54.9562788623045,1,49.3499873168562,0,-49.3499873168562,0
11,19,0.20381867036346,0.415241974811946,0,50.3649010628847,1,0.0,0,0.0,0
6,20,0.0055859801208917,0.0671113388859446,0,2841.55653827571,1,-28.266421337251,0,28.266421337251,0
11,20,0.292496244941459,1.29325881966969,0,14.0551977375143,1,1.91803209244865,0,-1.91803209244865,0
14,20,0.0536571226438212,0.288077105520307,0,198.285331939719,1,10.5312797387322,0,-10.5312797387322,0
11,21,0.0261821116076703,0.18528045620001,0,50.3649010628847,1,-1.87555737550104,0,1.87555737550104,0
12,21,0.164456668871329,0.137535132101923,0,25.4162911730759,1,2.74778520522947,0,-2.74778520522947,0
15,21,0.0059617108722728,0.0080034072165635,0,1004.52918888113,1,-220.836170897734,0,220.836170897734,0
14,22,0.0112506763992907,0.0009909158696631,0,581.814742368107,1,165.021239997111,0,-165.021239997111,0
14,24,0.0006473174468311,0.0144949205351476,0,564.39295791427,1,257.099843661017,0,-257.099843661017,0
15,24,5.99268618482747e-05,0.0027434511656056,0,1495.35852724746,1,639.12034709367,0,-639.12034709367,0
24,27,2.73017066214708e-05,0.000501743838514,0,3842.94323691647,1,-2058.392981753,0,2058.392981753,0
20,28,0.0054475211870369,0.0510813054450065,0,828.232475641906,1,-13.5427009419171,0,13.5427009419171,0
26,28,0.0364268739785147,0.668533528178798,0,15.0523016744188,1,2.26145138062863,0,-2.26145138062863,0
20,29,0.306985512987724,0.591938470789169,0,4.80800424937308,1,-0.884325620003382,0,0.884325620003382,0
25,30,0.0003304595106189,0.0050738300486075,0,1821.19712680487,1,407.41400378047,0,-407.41400378047,0
23,31,0.002216131750931,0.0077135445929683,0,1341.59106492735,1,-675.087783767406,0,675.087783767406,0
24,31,0.0008683148541003,0.0087367577320872,0,1077.79397271415,1,369.666843421471,0,-369.666843421471,0
25,31,0.0080377967264086,0.009892056407673,0,708.714776019808,1,305.420940345936,0,-305.420940345936,0
24,32,0.0853623054257944,0.296082934407752,0,48.2390367493711,1,-4.40036472839056,0,4.40036472839056,0
25,32,0.0008445905746616,0.0009940070621722,0,1764.76328538592,1,-1520.43324573143,0,1520.43324573143,0
26,32,0.0002359699770222,0.0010450866379059,0,2451.00083678611,1,1524.83361045982,0,-1524.83361045982,0
25,33,0.0014440579433081,0.0073857950392524,0,787.908733948979,1,-189.675150247369,0,189.675150247369,0
26,33,0.0004701495962123,0.0029899019771506,0,896.156229123024,1,569.919296483869,0,-569.919296483869,0
26,34,0.0241119860255653,0.394535536220443,0,27.9167227155225,1,2.85121442239358,0,-2.85121442239358,0
28,34,0.246243591304971,0.196732351522737,0,11.3961664373621,1,-1.96688880239019,0,1.96688880239019,0
29,34,0.180658446244906,0.627894448490361,0,5.23329161477085,1,-0.884325620003387,0,0.884325620003387,0
28,35,0.0642125095992246,0.0708552523846443,0,627.082634252689,1,-23.1947242055268,0,23.1947242055268,0
27,36,0.0006174403925242,0.0232286946477538,0,72.0509840892928,1,-2.94743556785462,0,2.94743556785462,0
33,36,0.0142796493594981,0.0309429069642879,0,84.4335107419934,1,2.94743556785466,0,-2.94743556785466,0
28,38,0.0169296114818415,0.0417616221366613,0,161.053389767255,1,-56.098639365925,0,56.098639365925,0
37,39,0.056735676248196,0.457257929803665,0,50.3649010628847,1,0.0,0,0.0,0
37,40,0.0006125018716004,0.0057514831275951,0,697.969284454742,1,332.676535491619,0,-332.676535491619,0
16,41,0.0020303491653805,0.0050387019382253,0,273.139054877584,1,12.4850124083695,0,-12.4850124083695,0
17,41,0.0020983691633484,0.0013796641681784,0,604.737015966635,1,-506.436476220067,0,506.436476220067,0
26,41,2.61239777002647e-06,0.001599724341072,0,5269.17960746804,1,-1565.62031078732,0,1565.62031078732,0
38,41,0.0052679474019589,0.0162412256690008,0,518.126530605749,1,-103.049292268225,0,103.049292268225,0
27,42,6.91778084582556e-05,0.0095233675616805,0,2049.83890326168,1,-444.53425869493,0,444.53425869493,0
27,43,0.0268427192803913,0.125888894822956,0,771.24158350846,1,-26.5637355329162,0,26.5637355329162,0
35,43,0.0130548737660656,0.0581510343751347,0,6570.30989648747,1,-23.1947242055268,0,23.1947242055268,0
26,44,0.0008078354290771,0.0041001513167768,0,2389.8565206786,1,-560.975838477694,0,560.975838477694,0
27,44,0.0076495850393306,0.016563979698036,0,2352.79948365315,1,-251.374128407102,0,251.374128407102,0
7,45,0.0008476150017613,0.0250837404894957,0,219.342188301193,1,58.2240141077646,0,-58.2240141077646,0
42,45,0.0656294569652941,1.25491509844894,0,50.3649010628847,1,0.188496820616477,0,-0.188496820616477,0
43,45,0.0005212426493679,0.0242096932594956,0,4352.98710232375,1,-26.965906486469,0,26.965906486469,0
40,46,0.0009791032569607,0.005031970309076,0,1677.59881931223,1,429.343307874051,0,-429.343307874051,0
44,47,0.0062964930423901,0.0388081930542017,0,204.152414894319,1,-162.519074953977,0,162.519074953977,0
40,48,0.0117682149697389,0.0672531633071478,0,555.052872505206,1,-96.6667723824318,0,96.6667723824318,0
43,48,0.0163112733062833,0.035301751351359,0,646.904359724316,1,-21.3201269954311,0,21.3201269954311,0
45,49,0.0773627747301093,0.0141009393601526,0,86.6156181747458,1,43.413585121425,0,-43.413585121425,0
44,50,0.0001521008275077,0.004210428822788,0,3518.5434415624,1,-474.009940519819,0,474.009940519819,0
7,51,0.0016807775885987,0.0004715292812647,0,4430.20757550762,1,1169.561766689,0,-1169.561766689,0
16,51,0.0052545171927565,0.0008667401965341,0,1478.31747735523,1,-547.764789156089,0,547.764789156089,0
45,51,0.011719061850404,0.121223688460616,0,153.808024995725,1,-7.49848030890116,0,7.49848030890116,0
48,51,0.0028332240081397,0.0013172617987518,0,1862.85576470596,1,-614.298497224006,0,614.298497224006,0
44,52,0.0444277330373347,0.058433072927436,0,578.984147159245,1,-23.1416771719432,0,23.1416771719432,0
44,53,0.224749644002137,1.7256524088541,0,50.3649010628847,1,0.0,0,0.0,0
44,54,0.0086560660516662,0.0217913048205677,0,556.740866493085,1,-135.277158705903,0,135.277158705903,0
47,54,0.525974177877871,0.100533224558113,0,33.4138872989378,1,33.4138872989378,0,-33.4138872989378,0
50,54,0.0193064216645442,0.108958668523737,0,44.9161550227194,1,-8.73799852428023,0,8.73799852428023,0
52,54,0.0283466185824984,0.0689503392046202,0,702.616864416626,1,-23.1416771719432,0,23.1416771719432,0
26,55,0.0010273510837771,0.0099537655955512,0,3573.62159627401,1,26.7305765182963,0,-26.7305765182963,0
49,55,0.0077131118837511,0.0411655257927184,0,62.2244797432728,1,43.413585121425,0,-43.413585121425,0
12,56,0.0084321347303477,0.0116944752462362,0,511.786238610583,1,-187.307556565729,0,187.307556565729,0
43,56,0.18501642358829,1.16294621741847,0,5.88329610587013,1,-1.47242625654281,0,1.47242625654281,0
45,56,0.022552360569273,0.237107784065673,0,13.9046283977021,1,-4.46850037061195,0,4.46850037061195,0
7,57,0.0007050512728467,0.0001718817276431,0,6090.03438263558,1,-2047.86559039698,0,2047.86559039698,0
41,57,9.28916216898709e-05,0.0006663910447409,0,11049.4754731271,1,-2162.62106686724,0,2162.62106686724,0
27,59,0.0005306689759347,0.0006272869851179,0,7382.01009406376,1,-1345.35763952383,0,1345.35763952383,0
37,59,0.0039397972554659,0.029323964410058,0,2924.73320646382,1,-45.5249139215278,0,45.5249139215278,0
55,59,0.0035307044856808,0.0107446562709534,0,292.698356047134,1,70.1441616397214,0,-70.1441616397214,0
58,59,0.0003641128231773,0.004446499314109,0,5297.97860936265,1,1320.73839180564,0,-1320.73839180564,0
1,60,1.08333595346741e-05,0.0002572230816309,0,11796.4239533209,1,5664.87699043496,0,-5664.87699043496,0
57,60,0.0001257442422049,0.0003887989992927,0,11160.5205314172,1,-4210.48665726421,0,4210.48665726421,0
58,60,9.1613517747555e-05,0.0005018100438754,0,3506.44831869754,1,-1454.39033317074,0,1454.39033317074,0
61,64,0.0040149983803233,0.0060064200283504,0,1238.57557619553,1,-411.104624591325,0,411.104624591325,0
62,65,0.0003857135113633,0.0052442000574668,0,2267.25890229263,1,478.952010109429,0,-478.952010109429,0
63,65,0.0001134985384945,0.012036265390734,0,249.643528628702,1,-242.220500785182,0,242.220500785182,0
61,67,0.0456768569604367,0.141041684014243,0,64.7533058033797,1,-3.87907054504842,0,3.87907054504842,0
64,67,0.0115778561408008,0.03522735271135,0,8770.69838075265,1,54.5643161028629,0,-54.5643161028629,0
68,70,0.0147556427262687,0.0417357678900522,0,10.3347936990511,1,9.11222964463043,0,-9.11222964463043,0
69,70,0.0328513057456533,0.437886753475213,0,3.39603173579705,1,0.297864231862757,0,-0.297864231862757,0
66,71,0.0010095909695188,0.156109111342985,0,50.3649010628847,1,4.86929006303371,0,-4.86929006303371,0
70,71,0.0357906199968789,0.0936658532190347,0,50.3649010628847,1,-4.8692900630337,0,4.8692900630337,0
63,73,0.0002693737347756,0.0116734744135305,0,359.345668683431,1,242.220500785183,0,-242.220500785183,0
70,74,0.0016472400779479,0.0047151623051747,0,3446.34799854142,1,435.764344876842,0,-435.764344876842,0
66,75,0.0002977389497763,0.0105609208713567,0,371.238706989502,1,-265.513680200384,0,265.513680200384,0
69,76,0.0327004358898319,0.238738849024127,0,12.0277503929755,1,0.842201245913771,0,-0.842201245913771,0
72,76,0.0139426211335914,0.0012508476854356,0,288.430529583435,1,-241.878276005115,0,241.878276005115,0
74,76,0.0011266150759618,0.0355513230814235,0,5054.75182534741,1,-55.8084506089683,0,55.8084506089683,0
75,76,0.0044773156366896,0.0134122759143505,0,416.14223435735,1,305.013936527182,0,-305.013936527182,0
68,77,1.3693537236821,1.29034618207593,0,50.3649010628847,1,-0.17185496045248,0,0.17185496045248,0
69,77,0.0099781458544335,0.413684565690786,0,5.87789385587922,1,-1.14006547777654,0,1.14006547777654,0
68,78,0.0265127040857928,0.183321735055901,0,1222.35568805137,1,-13.5644144039684,0,13.5644144039684,0
78,79,0.0015524111762177,0.0230337696239886,0,835.758201899821,1,107.196029939502,0,-107.196029939502,0
77,80,1.41143562510817,0.828122231499353,0,10.3170075268116,1,-1.31192043822901,0,1.31192043822901,0
81,83,0.0036145943400179,0.0456130086880079,0,144.40652522676,1,3.33859860269428,0,-3.33859860269428,0
82,83,0.0001930102890926,0.0106423609597718,0,565.208842328316,1,-9.1468065539912,0,9.1468065539912,0
78,84,0.0782725340019019,0.11340451341348,0,953.839210155584,1,16.6253980153062,0,-16.6253980153062,0
79,84,0.0451932954224189,0.104652414634045,0,50.3649010628847,1,-5.57783103278293,0,5.57783103278293,0
80,84,0.0188610181318636,0.0578629974717992,0,944.499962988493,1,12.2172388661601,0,-12.2172388661601,0
83,84,0.0245411368409208,0.0750012213471768,0,130.799249345918,1,-58.2032811377044,0,58.2032811377044,0
74,85,0.0225634346798176,0.274603924849913,0,3.4907393181654,1,-3.49073931816542,0,3.49073931816542,0
79,85,0.187976280944502,0.677364791560804,0,33.1591252559818,1,2.20554439919015,0,-2.20554439919015,0
82,86,0.0003328573095555,0.0154079846593594,0,577.485854921891,1,81.6901203455933,0,-81.6901203455933,0
80,87,0.0049823874156535,0.0100920391137572,0,512.71056471534,1,281.062490000869,0,-281.062490000869,0
81,87,0.0762874716870259,0.0475206033693384,0,102.254960772191,1,-43.8434261367357,0,43.8434261367357,0
82,87,0.0021626549737054,0.0099164832209903,0,511.149217108614,1,-235.274255585433,0,235.274255585433,0
81,88,2.60259993782506e-05,0.0057579469208896,0,761.045217693061,1,40.5048275340501,0,-40.5048275340501,0
88,89,0.009334563337378,0.151177376628518,0,14.9311850139236,1,1.77444440463372,0,-1.77444440463372,0
83,90,0.0403978696459732,0.57363955969026,0,16.1431694224061,1,-1.94480827870104,0,1.94480827870104,0
87,90,0.133778239589291,0.575959408677176,0,15.4654098933124,1,1.94480827870104,0,-1.94480827870104,0
79,91,0.005043158703435,0.028443611705544,0,349.003440962463,1,79.8127577735579,0,-79.8127577735579,0
82,92,0.0020468041338232,0.0044062190783992,0,1406.3924037862,1,162.730941793831,0,-162.730941793831,0
88,92,0.0023094602444039,0.0010357271143272,0,2332.79337431642,1,708.131193341094,0,-708.131193341094,0
85,93,0.19726278347275,0.0966405142653099,0,4.4492420321716,1,-4.44924203217154,0,4.44924203217154,0
88,93,0.0002053457946096,0.0086093386833145,0,550.123575441376,1,-325.059081125241,0,325.059081125241,0
85,94,0.103477260855108,0.461291794151378,0,10.1668090933744,1,3.16404711319629,0,-3.16404711319629,0
88,94,0.0073893700410189,0.0020522363762899,0,1500.72070887383,1,-442.940064941175,0,442.940064941175,0
91,94,0.0097009833095234,0.0356127362598586,0,624.330019955839,1,19.1881914272299,0,-19.1881914272299,0
86,95,0.02136839149086,0.126823543314906,0,159.576532819632,1,11.7644691001818,0,-11.7644691001818,0
86,96,0.0012021276311377,0.0227882679401978,0,363.289408522714,1,74.7548895239896,0,-74.7548895239896,0
86,97,0.395760459160532,0.748531363708725,0,2.42037221585188,1,-1.05017458843394,0,1.05017458843394,0
76,98,4.46029322487415e-05,0.0190646604151596,0,2411.26202287231,1,8.16941115901266,0,-8.16941115901266,0
94,98,0.0010874454893697,0.0069750947238334,0,1188.1159103337,1,-333.944634902997,0,333.944634902997,0
95,99,0.0011107982796958,0.0275753088924376,0,223.51862044403,1,62.8755347495001,0,-62.8755347495001,0
79,100,0.0082923870493185,0.0394446932970379,0,197.718681981169,1,51.7012253829588,0,-51.7012253829588,0
83,100,0.0016423767660457,0.0644046721445036,0,661.531401540197,1,-27.0515266892221,0,27.0515266892221,0
74,103,0.0004631617445379,0.0039232061291341,0,578.216069296849,1,495.063534803976,0,-495.063534803976,0
89,103,0.0625987981404788,0.148770216345214,0,20.4515113677521,1,1.77444440463372,0,-1.77444440463372,0
95,103,0.001496066938548,0.0073188863097947,0,647.361276904308,1,-305.35437388197,0,305.35437388197,0
96,104,0.0128471510237695,0.0279962607020118,0,339.759784037684,1,-72.5256951564709,0,72.5256951564709,0
97,104,0.274278867444705,0.219084118383409,0,2.09588355065749,1,2.09588355065745,0,-2.09588355065745,0
99,104,0.0001042001757143,0.0293484215296415,0,1230.90733854212,1,-121.053793720826,0,121.053793720826,0
103,104,0.0112312722173553,0.0021721362126266,0,1776.19455161105,1,191.483605326639,0,-191.483605326639,0
101,106,0.0062505094803506,0.128106679739588,0,1833.83266704697,1,19.11853738717,0,-19.11853738717,0
97,107,0.10999760890646,0.138715498071869,0,67.1700989376959,1,-5.23429591451061,0,5.23429591451061,0
100,107,0.0020519309884591,0.008824620791217,0,658.625335433312,1,179.735979753325,0,-179.735979753325,0
101,107,0.0030669237393822,0.0668196788742032,0,561.386699920633,1,-18.4757418864079,0,18.4757418864079,0
105,107,0.0109532859043634,0.0052319795935939,0,259.17479409237,1,-156.025941952407,0,156.025941952407,0
106,108,0.0236943151406627,0.031151952650662,0,347.489971519859,1,-91.755258218756,0,91.755258218756,0
97,109,0.0051834154189929,0.142194744724511,0,68.2709532532361,1,2.08823777541922,0,-2.08823777541922,0
99,109,0.0004203978918806,0.0268009533423337,0,910.284590755698,1,-138.613581425975,0,138.613581425975,0
101,109,0.0061399714400918,0.329076257262138,0,50.3649010628847,1,-0.642795500762111,0,0.642795500762111,0
108,109,0.100054756521399,0.0829706820725813,0,11.7839713553158,1,2.38173738988687,0,-2.38173738988687,0
105,110,0.0016194556123814,0.0082881063946626,0,939.404258782225,1,213.79429171681,0,-213.79429171681,0
62,111,0.0004850878225425,0.0045923444415218,0,2538.88230083754,1,-531.44296024463,0,531.44296024463,0
102,112,0.0026407984263103,0.0101603529009058,0,516.180606675435,1,-272.971910157002,0,272.971910157002,0
108,112,0.0220443658069384,0.0393921353838482,0,278.813709763056,1,-90.6039261489709,0,90.6039261489709,0
109,112,0.000951737704258,0.0155564020020293,0,825.05201707206,1,-242.131599609844,0,242.131599609844,0
105,113,0.0073992549258157,0.0401203627468871,0,547.212229035782,1,98.1593806353119,0,-98.1593806353119,0
106,113,0.0002974994162092,0.076996328773083,0,157.098112782043,1,13.9066242971196,0,-13.9066242971196,0
109,113,0.0011458907365781,0.0341185553739076,0,514.443686783696,1,109.368642937377,0,-109.368642937377,0
61,114,0.0016554896465425,0.0057230797883702,0,1416.8299436559,1,414.983695136374,0,-414.983695136374,0
62,114,0.0132276749228903,0.0184861786005463,0,317.815219208632,1,-73.0753487136005,0,73.0753487136005,0
112,114,0.0019929170058483,4.57700933850706e-05,0,2456.96882317273,1,-494.103430510609,0,494.103430510609,0
62,115,0.0027014288708779,0.0145963056864917,0,620.205569928504,1,125.566298848801,0,-125.566298848801,0
106,115,0.0187910232021093,0.0276931815299456,0,537.746442583412,1,-117.94833727347,0,117.94833727347,0
109,115,0.0079874336359594,0.0794994337471306,0,7.91956084387446,1,-7.61796157533072,0,7.61796157533072,0
66,116,0.0002385424252952,0.0125491504831044,0,840.981376243894,1,218.931713956396,0,-218.931713956396,0
66,117,0.026486847400822,0.0699401772078536,0,1239.65881862891,1,36.1376197243996,0,-36.1376197243996,0
116,117,0.016189893580565,0.0012333347718978,0,396.327655274389,1,-178.325870298631,0,178.325870298631,0
65,118,0.0052569159466853,0.0435574554488081,0,1359.5512148062,1,-11.9594900504877,0,11.9594900504877,0
83,118,1.963419056188e-05,0.0005868832958321,0,2554.57151704571,1,714.348239348115,0,-714.348239348115,0
86,118,0.0304055156550946,0.24788803942246,0,28.3321577962439,1,-3.77906369014403,0,3.77906369014403,0
91,118,0.0032242570466474,0.0100801202503057,0,1376.15461069148,1,191.53140990572,0,-191.53140990572,0
108,118,0.0188428688408582,0.0707651340248648,0,475.559601626637,1,-3.53306945967187,0,3.53306945967187,0
116,118,0.0001084093475538,0.0093937719978757,0,1295.65551225481,1,241.842492832292,0,-241.842492832292,0
66,119,0.0262695167579088,0.177876656980966,0,83.2152614172158,1,5.57505645655471,0,-5.57505645655471,0
67,119,0.0046476592455606,0.0441198757359856,0,30151.2352284871,1,50.6852455578145,0,-50.6852455578145,0
68,119,0.0417732275017616,0.133851470120943,0,146.356468786236,1,1.16361481352489,0,-1.16361481352489,0
116,119,0.002841962250147,0.0305749714749136,0,84.8990383039065,1,-57.4239168278941,0,57.4239168278941,0
68,120,0.0308720087901049,0.347273969828637,0,67.5918589137018,1,3.46042490626554,0,-3.46042490626554,0
111,120,0.232712065239126,0.297194245374307,0,50.3649010628847,1,4.87822505280123,0,-4.87822505280123,0
116,120,0.0047339240042273,0.0976232434910394,0,46.6766694727453,1,-7.27050907715345,0,7.27050907715345,0
117,120,0.0309993813951891,0.458586680529533,0,3.19195020827705,1,-1.06814088191332,0,1.06814088191332,0
122,127,0.0503460618441976,0.0418669987976241,0,1078.21483145915,1,-65.1692111698499,0,65.1692111698499,0
125,127,0.0020329021853898,0.0602162303576159,0,1241.20905042532,1,65.1692111698499,0,-65.1692111698499,0
122,128,0.0037273635339678,0.0223171238707042,0,1128.87582052208,1,-111.729595412351,0,111.729595412351,0
126,128,0.0414297421676733,0.0036103446976373,0,608.049751858901,1,-175.142792057734,0,175.142792057734,0
128,129,0.0088032824969313,0.0042319045614112,0,792.120464389036,1,-286.872387470083,0,286.872387470083,0
129,131,0.012632270653718,0.0323744710112495,0,368.083131343063,1,-89.1720664791294,0,89.1720664791294,0
123,132,0.0059670953618704,0.0650599171325271,0,1267.20974364283,1,17.4437894364095,0,-17.4437894364095,0
124,133,0.0100290637139996,0.0054579381930465,0,1994.10260541095,1,-224.413698653412,0,224.413698653412,0
124,134,0.0003876185496095,0.011354761487843,0,1366.42774968336,1,224.413698653412,0,-224.413698653412,0
130,134,0.559235540832491,1.65264024575316,0,50.3649010628847,1,0.0,0,0.0,0
125,135,0.0046314825558463,0.0285023501407241,0,587.8177956535,1,125.276804686133,0,-125.276804686133,0
132,136,0.0034590423212486,0.0100932025603934,0,336.48537181733,1,255.719196820032,0,-255.719196820032,0
133,138,0.0030334698838386,0.0122672692982839,0,241.636285100357,1,-149.950700309711,0,149.950700309711,0
129,139,0.0020751457754041,0.018880449075219,0,1182.19575883731,1,-197.700320990954,0,197.700320990954,0
131,139,8.9075522162067e-05,0.0094847231288548,0,557.77032933514,1,-89.1720664791299,0,89.1720664791299,0
138,139,0.0023475832191638,0.0048606179279982,0,3813.17370722939,1,-780.083630014019,0,780.083630014019,0
138,141,0.0382755191226178,0.156266623054634,0,135.227678204996,1,-9.59651024985977,0,9.59651024985977,0
132,142,7.60112441054401e-06,0.0018737201009144,0,1238.30498390659,1,-238.275407383625,0,238.275407383625,0
135,142,0.0018969906191751,0.0120519555443225,0,313.204460971672,1,271.970949254853,0,-271.970949254853,0
137,143,0.0397977469837162,0.0749225036359087,0,1967.1375237566,1,38.4221724118814,0,-38.4221724118814,0
134,144,0.0007707302194565,0.0672973116298477,0,225.883099723079,1,-86.07473541952,0,86.07473541952,0
144,146,0.0360871695607684,0.191461004620275,0,100.325553354874,1,8.32545091827029,0,-8.32545091827029,0
145,146,0.0164610541705729,0.199585619553842,0,111.116391083257,1,-8.32545091827029,0,8.32545091827029,0
121,147,0.0469081886350773,0.0538381215443369,0,4.94299908358396,1,4.942999083584,0,-4.942999083584,0
126,147,0.0064766603463169,0.0175479893410176,0,800.384467959417,1,-124.079023545348,0,124.079023545348,0
137,147,0.001470747496725,0.0226581253660953,0,963.645314063348,1,119.136024461765,0,-119.136024461765,0
135,148,0.14308024600733,0.575884706826705,0,2.10651033915167,1,1.86413817699006,0,-1.86413817699006,0
145,148,0.059275265847516,0.770069670960334,0,2.21577330232663,1,-1.86413817699007,0,1.86413817699007,0
143,149,0.0140254854387472,0.369030188210685,0,5.94212967144844,1,-2.40252734930962,0,2.40252734930962,0
145,149,0.0003283937302032,0.013163960308518,0,619.468908254763,1,-316.991101055032,0,316.991101055032,0
133,150,0.52495057456457,1.12967123477652,0,50.3649010628847,1,-0.0305364056573526,0,0.0305364056573526,0
140,150,0.0005006316522054,0.0070067281727913,0,326.683946081047,1,-250.4922999998,0,250.4922999998,0
141,150,0.0006920754229557,0.0214130027159941,0,2838.07255620548,1,154.326967439618,0,-154.326967439618,0
143,150,0.137370309008397,0.108215494340788,0,1402.63023314965,1,18.6268682009821,0,-18.6268682009821,0
145,151,3.97509935380398e-05,0.0019663099483691,0,3212.3281536894,1,895.537530396709,0,-895.537530396709,0
144,152,0.0015737289791928,0.0435293846263892,0,114.913455823435,1,43.2376360450582,0,-43.2376360450582,0
151,152,0.0091287897237974,0.0157648278372662,0,198.824635072973,1,-198.824635072973,0,198.824635072973,0
143,153,0.0051388008460748,0.0161954905303741,0,1778.27614768018,1,-153.505936081843,0,153.505936081843,0
145,155,0.0005421759369052,0.0049327252652878,0,996.75099485831,1,-552.682531136186,0,552.682531136186,0
153,156,0.0125669293403889,0.0020379991050112,0,1295.11024473589,1,-221.8183271425,0,221.8183271425,0
150,157,0.0013235481724466,0.0104710006888266,0,319.991498185185,1,-83.0066918209955,0,83.0066918209955,0
153,157,0.0158515025669799,0.0531771249830701,0,208.970093243299,1,68.3123910606552,0,-68.3123910606552,0
154,157,0.0401229935697614,0.0377915402794776,0,2734.26452578757,1,14.6943007603401,0,-14.6943007603401,0
121,158,0.0100342925760175,0.0459265845812496,0,154.59975829389,1,-7.17804174500531,0,7.17804174500531,0
156,159,0.0016367461929734,0.150301851856119,0,14.2718123439517,1,2.03898946690506,0,-2.03898946690506,0
155,160,0.0002639175593659,0.0028738496435129,0,1096.43371113277,1,-552.682531136187,0,552.682531136187,0
158,160,0.0319192511030193,0.0352788873916157,0,124.487848266981,1,-7.17804174500527,0,7.17804174500527,0
154,161,1.51107401665833,0.0012392721265753,0,50.3649010628847,1,0.0,0,0.0,0
154,162,0.0039188950417241,0.0045829015992764,0,809.188242675774,1,124.651074526896,0,-124.651074526896,0
154,163,0.0037089915684097,0.0241731215089351,0,373.629304135601,1,-168.474629694034,0,168.474629694034,0
138,164,0.177103956329345,0.376479462222515,0,40.4085172964035,1,-7.62662420874866,0,7.62662420874866,0
159,165,0.0348090533998455,0.512814533295495,0,10.8656912261219,1,2.03898946690503,0,-2.03898946690503,0
162,165,0.0006630454066481,0.0094053679713676,0,532.878459421911,1,-292.235045238538,0,292.235045238538,0
143,166,0.0045993461512584,0.0140812328744224,0,359.125998323091,1,175.703767642052,0,-175.703767642052,0
133,167,0.0001791827002922,0.0271569715071104,0,327.927739979332,1,-80.9135900120304,0,80.9135900120304,0
162,167,0.0119133643913258,0.0020599473472779,0,1547.94016682325,1,-635.769736369029,0,635.769736369029,0
163,167,0.0019182475129214,0.003473180065451,0,3708.20631806101,1,959.975889191787,0,-959.975889191787,0
164,168,0.0020101834211517,0.0039887091209797,0,3641.49636014253,1,-577.182519459209,0,577.182519459209,0
133,169,0.0016428084638229,0.0302722790162057,0,236.364643236739,1,10.3104619665356,0,-10.3104619665356,0
150,169,0.0004180919478939,0.0637434670236039,0,31.3425308623903,1,5.43769105613863,0,-5.43769105613863,0
162,169,0.0038462779541698,0.0016191082515084,0,2564.30304603565,1,741.048078101571,0,-741.048078101571,0
162,170,0.002107293976799,0.0171212829289341,0,807.155904322246,1,311.607778032892,0,-311.607778032892,0
151,171,0.0007207093761216,0.0012139449334924,0,8603.69326008884,1,1085.40228552799,0,-1085.40228552799,0
121,173,0.0078305701468457,0.100709858223073,0,100.421380639563,1,2.23504266142118,0,-2.23504266142118,0
164,173,0.0006807293812926,0.0040041470275459,0,609.424131114448,1,609.424131114448,0,-609.424131114448,0
166,173,0.0027534206321663,0.0339358384554933,0,209.049326744613,1,-79.398156107798,0,79.398156107798,0
172,173,0.003796041557105,0.0085032233414535,0,611.198910278194,1,-372.499133382136,0,372.499133382136,0
169,174,0.0021502262655125,0.158767075423638,0,50.3649010628847,1,0.0,0,0.0,0
138,175,0.0031881518724584,0.0016881436359453,0,861.826757733474,1,519.028414171189,0,-519.028414171189,0
172,175,0.0005810478930689,0.0035840142909951,0,800.629705201075,1,-519.028414171185,0,519.028414171185,0
151,176,0.0053337569929814,0.171942295400716,0,46.7792464491751,1,-2.43415117956856,0,2.43415117956856,0
166,176,5.59300509439174e-05,0.0057325155393446,0,1072.04321231899,1,375.838195756477,0,-375.838195756477,0
169,176,0.0008091725283971,0.0035012758489704,0,1545.06744607616,1,647.275745579795,0,-647.275745579795,0
172,176,0.000893358106941,0.0120686867497039,0,776.041984744262,1,139.327335775502,0,-139.327335775502,0
151,178,0.0136687698533731,0.480759400146638,0,179.072796060164,1,11.3940311212558,0,-11.3940311212558,0
177,178,0.0020094846018931,0.0071400815073692,0,1034.64756100056,1,-346.626056372057,0,346.626056372057,0
122,179,0.013648444444375,0.0078057660666149,0,396.346607149354,1,176.8988065822,0,-176.8988065822,0
123,179,0.0022665369166673,0.103455770943811,0,6646.8415094281,1,18.1089864361401,0,-18.1089864361401,0
172,179,0.0116724401808861,0.0497162609014284,0,98.8711263990806,1,46.1199825398963,0,-46.1199825398963,0
178,179,0.0019147071450391,0.0219174501256102,0,2234.06412266335,1,-241.127775558237,0,241.127775558237,0
123,180,0.0059569104620444,0.0186690382744504,0,398.376129540782,1,110.350310536051,0,-110.350310536051,0
140,180,0.0021879788375527,0.0066103704284739,0,325.901551465118,1,250.4922999998,0,-250.4922999998,0
172,180,0.0005881042801861,0.0035117370523632,0,2346.74336751092,1,706.080229237924,0,-706.080229237924,0
178,180,0.0155825214842427,0.18804340613274,0,915.446774180148,1,-27.1120965170402,0,27.1120965170402,0
181,184,0.0045342909235414,0.115154057753834,0,143.573669473074,1,7.07134011772448,0,-7.07134011772448,0
181,185,0.0043227315839833,0.0491711633851383,0,1145.83324906168,1,-33.6688537952131,0,33.6688537952131,0
181,186,0.0031368602697491,0.0977868828267737,0,59.292048986137,1,43.960191766157,0,-43.960191766157,0
181,187,0.0827527430155242,0.138199586916114,0,155.981145754717,1,7.70081499643032,0,-7.70081499643032,0
182,187,0.036108766859338,0.146355629443127,0,136.866933186166,1,-7.70081499643027,0,7.70081499643027,0
181,188,0.0299161784564376,0.27025406106489,0,86.1893532562495,1,5.45197450825415,0,-5.45197450825415,0
183,188,0.0033776680960209,0.0864877439116169,0,1490.31827931734,1,16.9322988318914,0,-16.9322988318914,0
182,190,0.531927172575331,0.0063356155856708,0,131.280791022977,1,7.7008149964314,0,-7.7008149964314,0
186,191,0.001512080143067,0.0893734459253762,0,242.995381928108,1,-13.305174054612,0,13.305174054612,0
188,191,0.0001562539221558,0.026452873284294,0,153.88741858138,1,61.8527370588369,0,-61.8527370588369,0
189,191,0.0054739699249776,0.026615599516314,0,613.395098531365,1,-108.279515793276,0,108.279515793276,0
184,194,0.0020889817076479,0.101061351573507,0,140.529262645237,1,8.42474998577196,0,-8.42474998577196,0
191,194,0.010589685210583,0.0067532994183713,0,971.699979009382,1,-213.805230508478,0,213.805230508478,0
192,195,0.0192372533991753,0.0056674884080771,0,1961.76045031308,1,-145.882247772441,0,145.882247772441,0
186,196,0.303897562295193,0.130870515049199,0,168.581584236874,1,-10.0215985555015,0,10.0215985555015,0
190,196,0.0082680840646238,0.0745491721307594,0,165.395136186358,1,10.0215985555014,0,-10.0215985555014,0
181,197,0.0077039401422724,0.10884301890058,0,555.921481057332,1,15.4583116836815,0,-15.4583116836815,0
188,198,0.212533974117785,0.323733241493277,0,7.00060260779507,1,-1.12005476386574,0,1.12005476386574,0
197,199,0.0037242643472312,0.106723510274138,0,481.267135265604,1,15.4583116836815,0,-15.4583116836815,0
193,200,0.025228444324725,0.188352807371049,0,82.560675863966,1,5.4743483740108,0,-5.4743483740108,0
194,200,0.0068105933766491,0.0155690967626187,0,337.513721275949,1,-168.277948461968,0,168.277948461968,0
186,201,0.0325683373783856,0.0867569259424524,0,691.709055328529,1,-32.4837824063788,0,32.4837824063788,0
193,202,0.115029420968936,0.155340096206329,0,62.1899599669142,1,-5.4743483740108,0,5.4743483740108,0
184,203,0.0050737922430028,0.366675791701125,0,6.67493214547512,1,-1.35340986804751,0,1.35340986804751,0
198,203,0.0140370970161233,0.707812193159616,0,6.67833625685657,1,-1.12005476386574,0,1.12005476386574,0
195,205,0.0123168956491474,0.024445506450895,0,502.934252923654,1,-97.7677963036931,0,97.7677963036931,0
199,206,0.0058959069219918,0.0253541457917901,0,258.516572255316,1,-164.668208159678,0,164.668208159678,0
205,206,8.4506191075868e-05,0.0074038123761834,0,538.074353057114,1,178.197109885691,0,-178.197109885691,0
201,207,0.004257175036208,0.0273089255414013,0,208.783954724234,1,-54.3559465335944,0,54.3559465335944,0
207,208,0.0089264872525648,0.0242248251663104,0,522.25778817695,1,-96.132025485743,0,96.132025485743,0
199,209,0.0010665967285031,0.0532599477258513,0,49.2791502529275,1,-45.8858084683311,0,45.8858084683311,0
203,209,0.0495780512660356,0.0990098325078646,0,38.227848558158,1,5.76092240812693,0,-5.76092240812693,0
207,209,0.0086383058731144,0.0172248538210956,0,98.487302296517,1,51.8021415646055,0,-51.8021415646055,0
204,210,0.245870542097908,0.384323067437187,0,50.3649010628847,1,0.0,0,0.0,0
207,211,0.0209590689454491,0.112604827631493,0,200.664217653437,1,-10.4874537443685,0,10.4874537443685,0
208,211,0.0333467311561327,0.10944921589894,0,181.515094763311,1,10.4874537443686,0,-10.4874537443686,0
203,212,0.442602078982273,0.219176545911638,0,3.40953511036616,1,-0.461391131911393,0,0.461391131911393,0
204,212,0.588567254622208,1.85702628113701,0,50.3649010628847,1,8.326672684688671e-15,0,-8.326672684688671e-15,0
207,212,0.0868733582500081,0.478488257521129,0,3.46618361188721,1,0.461391131911387,0,-0.461391131911387,0
194,213,0.0091905713331988,0.558319980224893,0,74.3396772621228,1,-5.3175589201081,0,5.3175589201081,0
195,213,0.0261067632287934,0.0664130277279677,0,667.217233306727,1,-23.0543235599097,0,23.0543235599097,0
208,214,0.0018445638649608,0.017089514609923,0,875.823864379327,1,-119.470386948606,0,119.470386948606,0
185,216,0.0001672271814323,0.0021553848083685,0,2385.29752738204,1,-841.002565747205,0,841.002565747205,0
213,216,0.0075821745540106,0.0555592746098261,0,1215.83278069414,1,-38.9679602117656,0,38.9679602117656,0
206,217,0.0025000332428784,0.0970510284482155,0,307.598704333663,1,13.5289017260136,0,-13.5289017260136,0
215,217,0.0464418484091405,0.374472707305786,0,12.1490062090846,1,-1.61541567279702,0,1.61541567279702,0
203,219,0.0021570504251048,0.218805116092429,0,92.5722396196704,1,6.22356302161368,0,-6.22356302161368,0
215,219,0.0133864757915954,0.374258196688833,0,10.4065740280953,1,1.61541567279703,0,-1.61541567279703,0
217,219,0.0320855019919115,0.101524577408964,0,263.638143316822,1,11.9134860532165,0,-11.9134860532165,0
218,219,0.0602599393611125,0.0858949127285117,0,611.132656357378,1,-19.7524647476272,0,19.7524647476272,0
214,220,0.009889651181398,0.0162653502455124,0,1415.98215727267,1,-119.470386948606,0,119.470386948606,0
216,221,0.0023647181362923,0.0331006979860371,0,350.479801249674,1,87.8385931638763,0,-87.8385931638763,0
203,222,0.304483099368744,0.326149429472747,0,2.15716692060249,1,-2.10812290846438,0,2.10812290846438,0
195,223,0.0396337371520221,0.0517540710590987,0,2.3616544442084,1,2.07474837289885,0,-2.07474837289885,0
213,223,0.0678773794064562,0.154631189581154,0,216.196913659353,1,10.596077731748,0,-10.596077731748,0
216,223,0.0055178713687869,0.0393605650557763,0,612.691536324691,1,96.6326500027382,0,-96.6326500027382,0
218,223,0.0012674038666177,0.0278227171257287,0,918.668316539281,1,-109.303476107385,0,109.303476107385,0
216,224,0.001759452182564,0.0094719761598678,0,771.842828190582,1,215.514359020422,0,-215.514359020422,0
218,225,0.0088043814114792,0.0529271222736501,0,298.692991126849,1,-17.1155142173264,0,17.1155142173264,0
194,226,0.0004407654820059,0.0687332481021747,0,1798.70181118467,1,-31.7849731406302,0,31.7849731406302,0
202,226,5.93650484257296e-05,0.0110644034550656,0,929.783115579972,1,209.387330739522,0,-209.387330739522,0
203,226,0.0015549513457932,0.0704049875193312,0,249.645146750208,1,-11.8884360212782,0,11.8884360212782,0
218,227,0.0117616813554166,0.0417170436553753,0,119.322809103615,1,-67.7974366561495,0,67.7974366561495,0
195,229,0.0061747473751007,0.0998386622606887,0,1973.61349726309,1,-25.7773259416144,0,25.7773259416144,0
222,229,0.0173684976847806,0.214412473529833,0,116.41701417237,1,-9.21645708607385,0,9.21645708607385,0
227,229,0.0003167819757214,0.0426824615796784,0,160.675172806514,1,-67.7974366561495,0,67.7974366561495,0
224,231,0.0001800123507704,0.0025121043966974,0,2667.23685874856,1,-814.40210234685,0,814.40210234685,0
229,231,0.0096660343021559,0.0259030051503402,0,376.782028824351,1,-43.5116125811854,0,43.5116125811854,0
222,232,0.0056616257719059,0.180964620118744,0,83.8229279204282,1,7.10833417760948,0,-7.10833417760948,0
225,232,0.075351500766833,0.0907781572533398,0,315.93972413224,1,-17.1155142173264,0,17.1155142173264,0
228,232,0.0043777381576528,0.114585489275679,0,107.014623176735,1,10.0071800397169,0,-10.0071800397169,0
229,234,0.072949286592302,0.0521338647468689,0,831.379155882232,1,-103.618757066333,0,103.618757066333,0
233,234,0.0069010267272715,0.0202943677219176,0,802.845650374111,1,325.264169907405,0,-325.264169907405,0
228,235,0.0524976747748655,1.25197728058706,0,50.3649010628847,1,-4.29764535934507,0,4.29764535934507,0
234,235,0.261428472900762,0.49731759405905,0,50.3649010628847,1,4.29764535934506,0,-4.29764535934506,0
181,236,0.0241310532893273,0.0474005802528343,0,45.9737792770345,1,-45.9737792770343,0,45.9737792770343,0
230,236,0.0133312709519412,0.0017650529932326,0,899.200412700792,1,103.790296589902,0,-103.790296589902,0
234,236,0.0291861961028995,0.0728066957344139,0,1033.62046614664,1,76.4835976585236,0,-76.4835976585236,0
183,237,0.0047565207444664,0.0854157227056296,0,1456.81526170098,1,-16.9322988318914,0,16.9322988318914,0
208,237,0.0150692860666491,0.0696716834689511,0,682.044960315316,1,12.8509077184944,0,-12.8509077184944,0
229,237,0.0192112800013224,0.222559644701722,0,50.3649010628847,1,4.08139111339691,0,-4.08139111339691,0
188,238,0.0187980925368503,0.0943917830669778,0,1816.59754650333,1,-38.3484089548258,0,38.3484089548258,0
228,238,0.0184988814553337,0.335667215849062,0,87.3980191611298,1,-5.70953468037181,0,5.70953468037181,0
229,238,0.0722749137261161,0.0065087625947092,0,6961.11301290209,1,30.6201249715276,0,-30.6201249715276,0
230,238,0.0379780751390053,0.0160757296901142,0,211.609437646879,1,13.437818663671,0,-13.437818663671,0
234,240,0.0004131362834288,0.0056352266277964,0,1195.97247223266,1,140.864169823202,0,-140.864169823202,0
239,240,0.0035323958956661,0.0063058237558412,0,1181.24599615261,1,603.505331880701,0,-603.505331880701,0
242,244,0.0134767832526384,0.0789165218839486,0,1165.06619045887,1,26.9669703190139,0,-26.9669703190139,0
243,244,0.0059097794956965,0.079920126623092,0,786.560746360916,1,-26.9669703190139,0,26.9669703190139,0
242,245,0.0323042467447101,0.0073686541327294,0,521.170421545402,1,218.421338795721,0,-218.421338795721,0
242,247,0.0155750898944376,0.0062178413925618,0,1826.28320393666,1,244.493299687316,0,-244.493299687316,0
242,248,0.0128166985336293,0.111945885010675,0,586.193041623311,1,29.0366109345205,0,-29.0366109345205,0
245,248,0.0505154350935825,0.0994579385684639,0,306.803747299737,1,16.5000183153052,0,-16.5000183153052,0
242,249,0.145899881667846,0.0673717608958687,0,47.2498814796091,1,11.5577912565844,0,-11.5577912565844,0
245,249,0.499480923917739,0.355606294647431,0,10.5346198655998,1,-2.3362987783839,0,2.3362987783839,0
248,249,0.121958436973017,0.186267631898799,0,157.364346117689,1,-13.2704771868016,0,13.2704771868016,0
242,251,0.0036441212777154,0.0034697681057212,0,1614.80352989044,1,-592.705380169383,0,592.705380169383,0
242,252,0.0079674094115464,0.0352548943618569,0,56.9567701863465,1,52.1998597963231,0,-52.1998597963231,0
241,253,0.0036919884818655,0.0182652295347034,0,555.01200600568,1,-102.978566207396,0,102.978566207396,0
248,253,0.0003508064544814,0.0087801014895078,0,545.164990007957,1,91.9777810297667,0,-91.9777810297667,0
250,253,0.0017472043893658,0.121847282226083,0,232.597133726169,1,12.4454214918929,0,-12.4454214918929,0
245,255,0.0308376624781653,0.0377079493857858,0,239.775422857888,1,12.7675445554115,0,-12.7675445554115,0
250,255,0.0552773125510265,0.0362184078438321,0,183.108826762194,1,-12.4454214918929,0,12.4454214918929,0
254,255,0.0498378318104265,1.97923860560165,0,50.3649010628847,1,-0.322123063518522,0,0.322123063518522,0
248,256,0.0067481213765326,0.236350983254449,0,39.4327506032222,1,-6.54612905142297,0,6.54612905142297,0
249,256,0.002232638427341,0.064688124063398,0,238.564666498164,1,14.2943752864436,0,-14.2943752864436,0
254,256,0.0032639362745397,0.132303817623343,0,90.9275593921057,1,-7.74824623502069,0,7.74824623502069,0
252,259,0.22333034104041,0.403701445041681,0,24.0996823675199,1,3.42980757814131,0,-3.42980757814131,0
257,261,0.147812754636842,0.892159407103931,0,50.3649010628847,1,0.0287896078527666,0,-0.0287896078527666,0
258,261,1.11975980658386,1.24919283765223,0,50.3649010628847,1,-0.028789607852768,0,0.028789607852768,0
258,262,0.0119187922382187,0.0205444009060263,0,780.190144059562,1,123.021347996811,0,-123.021347996811,0
260,263,0.0225135607387568,0.075288296728388,0,40.7694647644196,1,3.42900291577521,0,-3.42900291577521,0
254,264,0.0226746385692986,0.129982220242575,0,86.0547403964232,1,8.07036929853926,0,-8.07036929853926,0
259,264,0.176401886335098,0.161103302858628,0,23.9165313356184,1,3.42980757814131,0,-3.42980757814131,0
257,265,0.0110598454369086,0.020221483133752,0,759.753963266137,1,122.39553695441,0,-122.39553695441,0
260,265,0.091697558730196,0.0974320122374255,0,163.416855065836,1,9.41090231996522,0,-9.41090231996522,0
257,266,0.0040214173841152,0.0404123018029556,0,493.342351665178,1,-18.1334191044761,0,18.1334191044761,0
258,266,0.0416259044064676,0.301400747342045,0,25.7778620863738,1,-2.63589889533069,0,2.63589889533069,0
260,266,2.41388258999815e-05,0.0137688577698047,0,450.53247114461,1,-166.383397957644,0,166.383397957644,0
264,266,0.0003676928378794,0.0106086735640787,0,323.977361460418,1,-146.203338493588,0,146.203338493588,0
258,267,0.0037933881422143,0.0248651981795877,0,839.912386531615,1,-120.356659493628,0,120.356659493628,0
266,267,0.0135549861739377,0.0153554377842484,0,2044.15711857362,1,-143.156471632896,0,143.156471632896,0
242,270,0.0265694032719451,0.113099163317713,0,82.6188566236142,1,10.0295093799025,0,-10.0295093799025,0
260,270,0.0191064428622779,1.65402196946319,0,11.6983908682513,1,-2.04533491097719,0,2.04533491097719,0
269,270,0.0085309017511719,0.146314342532865,0,74.6700396096259,1,-7.98417446892526,0,7.98417446892526,0
263,272,0.107756122980184,0.0882980843140783,0,41.968584451272,1,3.42900291577528,0,-3.42900291577528,0
265,273,0.0017187438028239,0.0174197123827218,0,1401.27540743546,1,131.806439274375,0,-131.806439274375,0
271,273,0.000182512545182,0.0132218917033476,0,487.151097648136,1,-175.021536879242,0,175.021536879242,0
247,274,0.0055575243750275,0.023209425628436,0,1392.55787731386,1,152.03588363942,0,-152.03588363942,0
268,274,0.0113642580856832,0.100102823676286,0,2.1040086488113,1,-1.94177179753707,0,1.94177179753707,0
271,275,0.0029423859942927,0.0077956246950218,0,465.360155401983,1,-180.818139061123,0,180.818139061123,0
274,275,0.0002530096594591,0.0238913487570249,0,1168.85291342364,1,150.094111841882,0,-150.094111841882,0
241,277,0.0028457262094122,0.0003432232619674,0,5060.0090788938,1,-941.282156838184,0,941.282156838184,0
248,277,0.0007472361358963,0.0024369588771729,0,4987.85261678703,1,970.648906310677,0,-970.648906310677,0
268,277,0.0133181603299197,0.274592024712799,0,50.3649010628847,1,1.35727774674618,0,-1.35727774674618,0
275,277,0.0011248296658678,0.098257831449082,0,961.475036852914,1,-30.7240272192412,0,30.7240272192412,0
243,279,0.0782220600394099,0.0205208737618594,0,679.846543638852,1,26.9669703190139,0,-26.9669703190139,0
253,279,0.0174536960180798,0.538976911235422,0,18.1985102623764,1,1.44463631426426,0,-1.44463631426426,0
264,279,0.0029448211195185,0.0497320356658571,0,2444.08637925933,1,21.2992856212949,0,-21.2992856212949,0
273,279,0.0008649907951865,0.0669576742904683,0,2848.94094706018,1,-43.2150976048672,0,43.2150976048672,0
276,279,0.0069553676349632,0.0408674036735103,0,289.377935527942,1,-6.49579464970569,0,6.49579464970569,0
264,280,0.0322910118102473,0.030710406904372,0,3507.1251873752,1,33.466073309449,0,-33.466073309449,0
246,281,0.0307779820280799,0.128050735133978,0,301.537894273274,1,-9.17160949945105,0,9.17160949945105,0
257,281,0.0032164459053623,0.0004773795297343,0,2111.87961998244,1,1088.90332707577,0,-1088.90332707577,0
269,281,0.0136039274996173,0.147360715399759,0,83.0520441261133,1,7.98417446892528,0,-7.98417446892528,0
272,282,0.0061600268120543,0.077686113578968,0,45.6474688008645,1,3.42900291577526,0,-3.42900291577526,0
280,282,0.185219333682804,0.243563522317247,0,26.5298574417611,1,2.21483579837763,0,-2.21483579837763,0
252,283,0.001238062849596,0.0368974324928565,0,1665.58778341046,1,48.7700522181818,0,-48.7700522181818,0
282,283,0.0144773976804202,0.0620343426407471,0,1843.33913861796,1,-27.4830321364166,0,27.4830321364166,0
278,284,0.0323863567901032,0.179640925358746,0,41.6715893988969,1,4.8146628669312,0,-4.8146628669312,0
280,284,0.0097560638873382,0.0647996103514835,0,1323.11700769384,1,29.4335696910752,0,-29.4335696910752,0
281,284,0.0029041029642933,0.0287562671263878,0,924.722864134022,1,112.442643898463,0,-112.442643898463,0
246,285,0.0159468304847712,0.0695870962178313,0,294.991314246532,1,9.17160949945108,0,-9.17160949945108,0
276,285,0.0001872390715557,0.0291794613455989,0,291.373390000132,1,6.49579464970564,0,-6.49579464970564,0
278,285,0.0443765104663437,1.16140400842745,0,50.3649010628847,1,-0.478613123534044,0,0.478613123534044,0
278,286,0.281164653568283,0.409686401842882,0,39.2744580284181,1,-4.33604974339718,0,4.33604974339718,0
281,286,0.0062427087789717,0.317929424161117,0,24.1118836294655,1,1.86236173519875,0,-1.86236173519875,0
283,286,0.0289634174928025,0.174391984544961,0,9.69621377085175,1,2.47368800819844,0,-2.47368800819844,0
284,287,0.0021324253506621,0.0184914401552367,0,362.471735978536,1,167.321876350032,0,-167.321876350032,0
281,288,0.0594856737994297,0.71763197871562,0,50.3649010628847,1,-1.46738045849048,0,1.46738045849048,0
282,288,0.0093951954595722,0.0161559544526838,0,2297.73747756787,1,-180.654087384115,0,180.654087384115,0
281,289,0.0001351381280521,0.002173343647103,0,5984.46477159345,1,1288.50822755541,0,-1288.50822755541,0
282,289,0.0024182757887963,0.0043725648570513,0,597.15397724237,1,213.780958234684,0,-213.780958234684,0
280,290,0.0255077702965442,0.457890106330108,0,14.6488854656157,1,1.81766781999611,0,-1.81766781999611,0
283,290,0.0297886036959129,0.106186970362769,0,435.157632754549,1,18.8133320735668,0,-18.8133320735668,0
284,290,0.0263578235467677,0.0521056536963818,0,2459.7069445366,1,-20.6309998935629,0,20.6309998935629,0
288,291,0.0146534425725448,0.0128805384910165,0,182.121467842606,1,-182.121467842606,0,182.121467842606,0
285,292,0.0444854322953738,0.0504997267090091,0,128.272230449335,1,-70.0332600965024,0,70.0332600965024,0
285,293,0.0110850586941438,0.0079710486518415,0,295.23879607778,1,-243.595686398692,0,243.595686398692,0
291,293,0.0018217491827635,0.0134230852388947,0,2787.18795013739,1,243.595686398692,0,-243.595686398692,0
264,294,0.0001046823903856,0.0160065461454752,0,801.391868735975,1,102.938156439525,0,-102.938156439525,0
268,294,0.147776263515847,0.311198317971101,0,50.3649010628847,1,0.584494050790918,0,-0.584494050790918,0
285,294,0.0025001964276512,0.0841114189388251,0,43.3022931736911,1,1.58619923034626,0,-1.58619923034626,0
291,295,0.0347724741348245,0.0187166283004473,0,4212.33188489968,1,34.2284867297358,0,-34.2284867297358,0
292,295,0.0116091348869891,0.0334993718785701,0,98.8407595820002,1,-30.8727093435276,0,30.8727093435276,0
241,296,0.0098958065895574,0.0880366574510066,0,8521.76322437155,1,-27.8542781609636,0,27.8542781609636,0
292,296,0.0174559633464982,0.0621719371005549,0,817.686663026579,1,27.8542781609636,0,-27.8542781609636,0
247,297,0.0473482517850531,0.0137865574693636,0,360.317708071454,1,92.4574160478969,0,-92.4574160478969,0
294,297,0.0253909978065126,0.0274520279038304,0,330.86034439057,1,-95.8131934341054,0,95.8131934341054,0
295,297,0.0473318825202493,0.618046919146646,0,25.7042453426724,1,3.35577738620841,0,-3.35577738620841,0
295,298,0.0557582761556994,1.09521965200712,0,50.3649010628847,1,0.0,0,0.0,0
245,299,0.0005728764353222,0.0017686004136417,0,5204.49985288213,1,498.340042134226,0,-498.340042134226,0
289,299,0.0007491459710304,0.0085399029366802,0,2132.77303728373,1,-443.63706617068,0,443.63706617068,0
294,299,0.0462741587531494,0.0536409718372623,0,151.78566582884,1,-54.702975963545,0,54.702975963545,0
291,300,0.004866285599757,0.0095687793932867,0,1658.28777102276,1,-459.945640971033,0,459.945640971033,0
16,70,6.49170003167039e-05,0.0032780711192535,0,963.081053765815,1,535.27977674772,0,-535.27977674772,0
22,91,0.0006951814047402,0.0131865785130907,0,318.410855406083,1,130.906843559392,0,-130.906843559392,0
48,98,0.0011290646492424,0.005054544601964,0,1060.64024275778,1,325.775223743985,0,-325.775223743985,0
9,83,0.0029385557453011,0.0022312908333526,0,1053.20724964382,1,632.956831193786,0,-632.956831193786,0
118,163,0.0002752307601832,0.001674912580867,0,1778.27999619309,1,1128.45051888582,0,-1128.45051888582,0
110,141,0.0018409949068331,0.0126254080271391,0,293.287322212572,1,163.923477689478,0,-163.923477689478,0
92,139,0.0001998357540938,0.0013077261671793,0,2483.87219415556,1,1066.9560174841,0,-1066.9560174841,0
96,160,0.0003153383675866,0.0030413960461785,0,1134.23957016694,1,559.860572881191,0,-559.860572881191,0
180,201,8.30964235933602e-05,0.0019416964724042,0,656.090210944897,1,333.329893267042,0,-333.329893267042,0
171,190,0.0041600357818359,0.201958914110587,0,2.32078355907072,1,2.32078355907073,0,-2.32078355907073,0
126,205,0.0046219787777752,0.0014479773890209,0,555.775820720097,1,299.221815603082,0,-299.221815603082,0
176,195,0.0003156830707523,0.141929735170594,0,9.53745032572564,1,1.35755034012128,0,-1.35755034012128,0
231,241,0.0003328370571274,0.0015578196432319,0,1486.19072259771,1,-1072.11500120654,0,1072.11500120654,0
216,289,7.80845225861127e-05,0.0010424227290682,0,2898.66026470214,1,-1279.95612814601,0,1279.95612814601,0
220,257,0.0001076681533581,0.0021414479092713,0,3231.2847943222,1,-842.935261264381,0,842.935261264381,0
202,289,0.0014593343228515,0.0134555619808824,0,502.673321743301,1,-146.16676776611,0,146.16676776611,0
257,24,0.0001321797587335,0.0009551886662874,0,2763.83595226445,1,-2026.66735030983,0,2026.66735030983,0
266,24,0.000304839885741,0.0046079155701022,0,542.152524416413,1,-261.080408153921,0,261.080408153921,0
248,25,0.0028915349341643,0.0020241874933599,0,1197.38453980991,1,-997.273451852393,0,997.273451852393,0
245,24,0.000109070624522,0.0019099207609392,0,1455.85595970518,1,-306.849967430841,0,306.849967430841,0
