from_bus,to_bus,resistance,reactance,susceptance,line_rating,line_status,P_from,Q_from,P_to,Q_to
1,2,0.0073256888189279,0.0352923777683101,0,169.290083989125,1,-57.8227451610893,0,57.8227451610893,0
5,8,0.0009494471359863,0.0030412163353355,0,588.798832836424,1,522.845439795732,0,-522.845439795732,0
6,11,0.0063038603325886,0.0134735279492386,0,664.781843253307,1,155.526380867669,0,-155.526380867669,0
7,13,0.0076342526036143,0.120933938923062,0,482.442555105779,1,-12.1709536844841,0,12.1709536844841,0
9,13,0.0128085058849876,0.241618063634814,0,162.051498285709,1,4.30975724654918,0,-4.30975724654918,0
7,14,0.0022006599728511,0.0245341778872094,0,380.186735665117,1,99.1355271851635,0,-99.1355271851635,0
10,14,0.0108754282525725,0.0449352906338114,0,431.55744930613,1,38.1074304556984,0,-38.1074304556984,0
6,15,0.0005411592486796,0.0050633389627588,0,1548.53150062425,1,-446.276056573658,0,446.276056573658,0
10,16,0.0258870386440761,0.0971782077184965,0,69026.0796578015,1,-19.6317889523876,0,19.6317889523876,0
7,17,0.003132522200521,0.030053964903978,0,2751.47724898016,1,-86.964573500679,0,86.964573500679,0
13,17,0.0045029488374215,0.145238562523942,0,141.851258100303,1,-7.86119643793497,0,7.86119643793497,0
15,17,0.0115261445684846,0.0133168383817825,0,257.991079828466,1,97.6209199466874,0,-97.6209199466874,0
16,17,0.0423242258819801,0.510057909997261,0,12.8679074097164,1,-2.795150008073,0,2.795150008073,0
10,18,0.0239588249947512,0.04877556435212,0,1113.16752069812,1,43.546311425912,0,-43.546311425912,0
12,18,0.0229308386852438,0.0074251267124147,0,315.942760367777,1,-60.6643316535802,0,60.6643316535802,0
10,19,0.0584605261940948,0.339385871321038,0,16.7252829707514,1,-0.0204268206804858,0,0.0204268206804858,0
16,19,0.120668548186407,0.384698812529013,0,35.8449536807042,1,4.94113688022491,0,-4.94113688022491,0
10,20,0.0044256148604189,0.0116920482159102,0,467.825453746946,1,-53.3505412791687,0,53.3505412791687,0
11,21,0.0042535315868328,0.0144283737295073,0,723.202424407179,1,155.526380867669,0,-155.526380867669,0
9,22,0.0047471778804105,0.0009212982585436,0,1799.77941784441,1,370.357211721736,0,-370.357211721736,0
18,23,0.0288189680564178,0.0219164218880245,0,1372.56962881586,1,-17.1180202276679,0,17.1180202276679,0
23,24,0.0004499420485564,0.0039690076575597,0,3074.16588418692,1,467.658753611886,0,-467.658753611886,0
23,25,8.08600432847084e-05,0.0063481690417058,0,972.160109500223,1,-371.778636531572,0,371.778636531572,0
1,26,0.0028291973104323,0.156550780281807,0,116.497388321895,1,-8.88391816304215,0,8.88391816304215,0
9,26,0.0044763694102359,0.0458168726683261,0,316.331621419284,1,84.3725290708781,0,-84.3725290708781,0
19,26,0.0319317987134585,0.129977426328707,0,5.75322560491807,1,4.92071005954444,0,-4.92071005954444,0
2,27,0.0005856042612815,0.0627436246215556,0,49443.9926119695,1,35.0958934651219,0,-35.0958934651219,0
16,27,0.0045689687990888,0.0720893917457327,0,3708.96358004004,1,56.7705780337542,0,-56.7705780337542,0
2,28,0.0018760979041367,0.0079573221242093,0,426.941174329612,1,-238.797197018118,0,238.797197018118,0
20,28,0.0209654984925961,0.0242486444853213,0,554.723855449287,1,-53.3505412791689,0,53.3505412791689,0
23,29,0.0004010233752375,0.0199530698696002,0,845.978376105566,1,-92.8505314926507,0,92.8505314926507,0
28,29,0.0003566855520443,0.0142152363544244,0,307.564750445329,1,127.58369851141,0,-127.58369851141,0
3,31,0.0576276809962656,0.0442701027309715,0,322.997917382288,1,-22.5169834293109,0,22.5169834293109,0
23,31,0.561454151753175,0.779017234458835,0,2.6953568294517,1,1.03560374202182,0,-1.03560374202182,0
25,31,0.0086098064459881,0.0510781729292335,0,129.466437923799,1,62.0003929719633,0,-62.0003929719633,0
29,31,0.0015996476566092,0.0452774402791113,0,172.51687400271,1,58.7357917986002,0,-58.7357917986002,0
3,32,0.0170283277757671,0.0681861387079354,0,102.395878704653,1,-55.0089498775664,0,55.0089498775664,0
6,32,0.0082373099900343,0.242099106518938,0,111.647804891317,1,8.98553548453402,0,-8.98553548453402,0
22,32,0.0064623809242163,0.519124782064932,0,56.4276199371385,1,5.18833238813247,0,-5.18833238813247,0
23,32,0.043050167617289,0.0919249535130698,0,927.680032068914,1,-21.1832095573538,0,21.1832095573538,0
26,32,0.0038681525476712,0.0985550481396588,0,62.1039487122473,1,-8.43268875988308,0,8.43268875988308,0
30,33,2.54626149313258e-05,0.0031470103026255,0,1485.48738045949,1,282.011230389062,0,-282.011230389062,0
28,34,0.116834456279388,0.493546350620127,0,7.82677723510092,1,-1.17872468562669,0,1.17872468562669,0
28,35,0.00127127900965,0.0048967320504887,0,992.491316936526,1,-675.64198372967,0,675.64198372967,0
30,35,1.75526988917964e-05,0.0002545919140112,0,5451.20135460336,1,2291.66852180845,0,-2291.66852180845,0
34,35,0.0007858120841838,0.0051824991558795,0,1081.45403537542,1,-526.132741635769,0,526.132741635769,0
26,36,0.0011325829630377,0.0134051064052741,0,353.811668829857,1,-237.146443598847,0,237.146443598847,0
29,36,0.0077472480184902,0.101759774079554,0,1185.70671822435,1,-24.0026247798401,0,24.0026247798401,0
32,36,0.0060782996011266,0.0333265662544669,0,250.492986716126,1,-70.450980322137,0,70.450980322137,0
27,37,0.0105448453847454,0.0064831328680998,0,282.644067428048,1,-225.434104434506,0,225.434104434506,0
28,37,0.0003228537886356,0.0135290594946846,0,1034.40132469037,1,195.188034567567,0,-195.188034567567,0
36,37,0.0038338950297362,0.108099326368696,0,1095.96048356603,1,30.2460698669395,0,-30.2460698669395,0
30,39,0.004302047810567,0.0065104097551503,0,5549.68363380543,1,-2755.62522573226,0,2755.62522573226,0
33,40,0.0002296681123361,0.0017082050941656,0,2361.7635507027,1,728.441823333367,0,-728.441823333367,0
36,40,0.0001456643021949,0.0026475940875467,0,695.173831728121,1,-427.251484824929,0,427.251484824929,0
34,41,0.042571617582842,0.165180459751828,0,9.48701720972765,1,-0.173073788768319,0,0.173073788768319,0
36,41,0.0224762128880497,0.107038568674638,0,9.45550142381744,1,0.173073788768319,0,-0.173073788768319,0
40,42,0.0006833179751623,0.0054356730464109,0,686.130388938788,1,301.190338508435,0,-301.190338508435,0
34,43,0.0002529486939501,0.0034645724611998,0,1083.62096246128,1,525.127090738912,0,-525.127090738912,0
31,44,0.0037048268444485,0.020749140905354,0,346.458601924503,1,147.982952388176,0,-147.982952388176,0
38,44,6.21259950673439e-05,0.0033899840336731,0,3050.04710757584,1,493.727171628289,0,-493.727171628289,0
38,45,0.0035315336569313,0.159213809737994,0,298.324712862264,1,-10.8783695535977,0,10.8783695535977,0
36,46,0.0158012210282789,0.0569298279851364,0,4031.602155556,1,42.8534638337868,0,-42.8534638337868,0
45,46,0.0059602965749455,0.10331809812547,0,1718.45350010699,1,-22.5233810864915,0,22.5233810864915,0
6,47,0.0006636049206421,0.0036922585828662,0,2525.90882348652,1,-613.038801542247,0,613.038801542247,0
9,47,0.0002191217811092,0.0035370183747424,0,4697.6918833596,1,-397.025507298514,0,397.025507298514,0
35,47,3.14492128034047e-05,0.0005400249887445,0,3741.69938382444,1,1089.89379644305,0,-1089.89379644305,0
42,47,0.0214093454715127,0.131419306626967,0,505.397780125814,1,-19.7610411440508,0,19.7610411440508,0
43,48,0.0074763417826667,0.0377371743020391,0,57.0396442783361,1,43.8894948001646,0,-43.8894948001646,0
42,49,0.0027379610813529,0.01468542033844,0,1060.44603968352,1,341.233750876918,0,-341.233750876918,0
46,49,0.0001533181391956,0.0878941284949769,0,5120.41962361439,1,35.0137659148964,0,-35.0137659148964,0
42,50,0.086592953942201,0.0464895397006356,0,2209.91899003602,1,-20.2823712244304,0,20.2823712244304,0
47,50,0.0401828055651435,0.0138947995427754,0,1071.9737282135,1,119.04196372354,0,-119.04196372354,0
43,51,0.0003048704629668,0.0102745117765282,0,414.285507956377,1,231.559592510906,0,-231.559592510906,0
2,52,0.0241829215868734,0.0450964624502569,0,651.928572748627,1,111.507459723954,0,-111.507459723954,0
43,52,0.0029168673636016,0.0227941289221898,0,471.926316322991,1,249.678003427841,0,-249.678003427841,0
45,52,0.0390146077848067,0.26642094082779,0,104.416658692385,1,10.4756563222467,0,-10.4756563222467,0
49,52,0.0004698574971959,0.005423298703351,0,1276.73828816307,1,376.247516791813,0,-376.247516791813,0
51,52,0.119179022563909,0.407298057358826,0,109.855981804779,1,8.13171283070945,0,-8.13171283070945,0
45,53,0.0201174845521247,0.0787064543301117,0,214.206489961517,1,15.2507906160713,0,-15.2507906160713,0
48,53,0.0044812467612817,0.0462427737776902,0,64.5469379510806,1,52.8586052726472,0,-52.8586052726472,0
2,54,0.0021884966992713,0.0498566499559663,0,1711.51265301439,1,34.3710986679524,0,-34.3710986679524,0
53,54,0.000115102113169,0.0501690561041888,0,966.202535581291,1,-34.3710986679523,0,34.3710986679523,0
3,55,0.0292480017108051,0.236747023576097,0,293.468164079054,1,-16.6293358130433,0,16.6293358130433,0
45,55,0.0372518873035037,0.184989793632172,0,207.824957146817,1,-14.0814354054243,0,14.0814354054243,0
4,56,0.000307308515942,0.0010907323204391,0,1746.44994964639,1,-802.795346009111,0,802.795346009111,0
6,56,0.0010690683701987,0.0001013301758607,0,1160.56273662135,1,894.802941763828,0,-894.802941763828,0
46,56,0.0067078038826193,0.148223753491182,0,300.743589884719,1,-14.6836831676012,0,14.6836831676012,0
53,56,0.0052436128640863,0.0517928902838694,0,732.103083544756,1,-110.128613314461,0,110.128613314461,0
55,56,0.0137048358897414,0.0916586068783345,0,1742.86724700951,1,-20.7140580285561,0,20.7140580285561,0
1,57,0.0270597020106974,0.12777144698117,0,58.977263910926,1,6.60889642161449,0,-6.60889642161449,0
3,57,0.248743225637252,0.103580267726909,0,60.6453633505048,1,-6.60889642161453,0,6.60889642161453,0
1,58,0.0053934926995505,0.113905344781495,0,108.647740218012,1,-22.1210932020937,0,22.1210932020937,0
48,58,0.0119744474296883,0.16419392684685,0,8.96911047248256,1,-8.96911047248257,0,8.96911047248257,0
5,59,0.0009652372200159,0.0031320279470721,0,6177.65187731163,1,-522.845439795731,0,522.845439795731,0
51,59,0.0051741001631866,0.0096700652175116,0,330.332397814243,1,223.427879680197,0,-223.427879680197,0
53,59,0.0004142657248364,0.0014666136710227,0,596.655825913234,1,299.417560115535,0,-299.417560115535,0
9,60,0.0307264378130195,0.0665657132773933,0,4209.81537652915,1,8.53260215907246,0,-8.53260215907246,0
10,60,0.106421208984575,0.308064118705972,0,52.8129983848462,1,-8.65098482937382,0,8.65098482937382,0
53,60,0.003214017481361,0.0701058719727385,0,112.009580551124,1,-86.8084522443993,0,86.8084522443993,0
55,60,0.007548767293614,0.228127456600719,0,15.3660384193354,1,-9.99671318991138,0,9.99671318991138,0
62,65,0.0001103581442658,0.0002563171374019,0,10203.4910554919,1,-2277.31648236738,0,2277.31648236738,0
62,70,3.81245611605832e-05,0.0007603477834951,0,4044.51033922332,1,769.952793535509,0,-769.952793535509,0
61,71,0.0009639913738072,0.0057297437579159,0,351.328461666518,1,-230.75478911681,0,230.75478911681,0
64,72,0.0015792271580212,0.0655819847197368,0,404.579358228558,1,22.0074593970617,0,-22.0074593970617,0
66,72,0.0017895153704468,0.0087369652171616,0,622.032297530361,1,-290.275903558254,0,290.275903558254,0
63,73,0.0889640832801443,0.561706629064257,0,16.7033574073529,1,0.0,0,0.0,0
68,74,0.0007080791748708,0.0043854535508989,0,1840.33298472567,1,405.718588799628,0,-405.718588799628,0
69,74,0.0058802942293547,0.0466141122017374,0,322.506284952666,1,-144.775473371003,0,144.775473371003,0
71,74,0.00488794227007,0.0135963118064775,0,636.368209288913,1,-260.943115428625,0,260.943115428625,0
68,75,0.0022465698815439,0.0147207080087579,0,1289.98386323811,1,-55.1762801579763,0,55.1762801579763,0
67,76,0.0182910044104789,0.0463132338612229,0,231.316060310904,1,-152.05617930305,0,152.05617930305,0
69,78,0.872801679701012,0.233903090352273,0,16.7033574073529,1,1.46280095618638,0,-1.46280095618638,0
70,78,0.0005786053550851,0.0026988399551678,0,805.168304011383,1,563.667407596388,0,-563.667407596388,0
72,78,0.0001396368101521,0.0027526893145743,0,969.919674741208,1,-583.760475052242,0,583.760475052242,0
69,79,0.0007116605283962,0.0015280481967307,0,1776.54461235449,1,785.022796431286,0,-785.022796431286,0
71,80,0.0119088829798135,0.0014957383036825,0,342.233218478041,1,248.469360491745,0,-248.469360491745,0
79,81,0.0003369213154978,0.0052131604636335,0,2058.07590582206,1,-432.469552238737,0,432.469552238737,0
82,83,0.0018522161675659,0.0285952578575166,0,1522.69479655363,1,226.424115122656,0,-226.424115122656,0
81,84,0.0296590257956931,0.0540106134566464,0,51.2948518755553,1,-1.90133843398792,0,1.90133843398792,0
79,85,0.000201733787952,0.0431573117592927,0,485.546944263998,1,102.009655957055,0,-102.009655957055,0
83,85,0.0009068945899455,0.0035900355121298,0,594.585697178379,1,-531.496675941349,0,531.496675941349,0
77,86,0.0002791269668815,0.0743904444651137,0,20.0052234912245,1,2.12919753653642,0,-2.12919753653642,0
79,87,8.9390739748892e-05,0.0007024414462957,0,1510.4150562233,1,1115.48269271295,0,-1115.48269271295,0
82,87,0.0008712984782477,0.0289724080067542,0,494.686555944527,1,32.7091475121234,0,-32.7091475121234,0
84,88,0.0026943567808058,0.0092042276057953,0,353.465741089775,1,240.246717414244,0,-240.246717414244,0
85,88,0.0033561680604576,0.0207042594448515,0,849.739887304515,1,-219.684393675167,0,219.684393675167,0
67,89,0.0087011767050118,0.0341895661460287,0,230.545528604241,1,152.05617930305,0,-152.05617930305,0
78,89,0.048491497568343,0.260052929386788,0,54.7090141375808,1,-12.0582380251423,0,12.0582380251423,0
84,89,0.0066583154465283,0.0707769907684793,0,250.115534115638,1,-23.1141997068686,0,23.1141997068686,0
82,90,0.000605825251556,0.0129692054013074,0,188.337091380078,1,-91.4020514253657,0,91.4020514253657,0
84,90,0.0726576286390758,0.332683163169217,0,21.6017795921176,1,3.02904465239946,0,-3.02904465239946,0
88,90,0.0009232002593168,0.0089708395684826,0,658.55859833838,1,-134.165069288875,0,134.165069288875,0
89,90,0.0005384887424093,0.0118796104576739,0,446.503056961543,1,222.538076061841,0,-222.538076061841,0
81,91,0.0072824730985342,0.0804686074950667,0,1012.06863704177,1,-38.3734187756397,0,38.3734187756397,0
84,91,0.001253307784889,0.0134428718521732,0,2019.74956896768,1,-222.062900793762,0,222.062900793762,0
89,91,0.407896959000468,0.306698151642529,0,62.047804298716,1,-4.39914493123888,0,4.39914493123888,0
87,93,0.0843782011079306,0.474879078138078,0,9.03316334456718,1,2.28338604376044,0,-2.28338604376044,0
85,94,0.001696942582772,0.0163696279804575,0,868.801501620555,1,-209.802626309127,0,209.802626309127,0
86,94,0.0004328488293866,0.0163135530003017,0,1123.94912899831,1,209.802626309127,0,-209.802626309127,0
63,95,0.0100179691278784,0.540931402342282,0,10.7810939267603,1,-2.1817225021296,0,2.1817225021296,0
92,95,0.0653742848575232,0.601636373402711,0,9.15698829516958,1,2.18172250212958,0,-2.18172250212958,0
92,96,0.0364365455348851,0.150000986237348,0,45.4648556637104,1,-2.7039505973508,0,2.7039505973508,0
64,97,0.0402103740420484,0.132942475283168,0,390.800688346224,1,-22.0074593970618,0,22.0074593970618,0
77,97,0.0047685729399183,0.0852120038293598,0,140.542102371701,1,-11.8124219301678,0,11.8124219301678,0
93,99,0.0584061623883743,0.491707412433295,0,9.36167775282147,1,2.28338604376045,0,-2.28338604376045,0
98,100,1.60418988837561,0.0230905956336566,0,16.7033574073529,1,0.0,0,0.0,0
98,101,0.0003281701003497,0.0023314792182811,0,1104.07892566137,1,753.043036521686,0,-753.043036521686,0
98,102,0.0147961166890204,0.170648545109096,0,88.747904817807,1,7.43176471824205,0,-7.43176471824205,0
101,103,0.112667913324841,0.413619535406859,0,10.8873355965402,1,-2.09382455543591,0,2.09382455543591,0
98,104,0.0001111603580414,0.0022247300582304,0,1147.77688874364,1,-756.040349096594,0,756.040349096594,0
97,106,0.167002407820104,0.315215108967498,0,9.13833197914142,1,4.96088015198801,0,-4.96088015198801,0
102,106,0.0146887666437231,0.192288529604088,0,109.136795745141,1,-8.99834534617609,0,8.99834534617609,0
96,107,0.234061286748927,0.225117596963055,0,24.755390309211,1,4.79492349609199,0,-4.79492349609199,0
98,107,0.640876163777152,0.949251809705067,0,28.0445438311736,1,-4.4344521433283,0,4.4344521433283,0
106,107,0.0025484002795158,0.0190733747413747,0,688.766458906689,1,-196.470368468728,0,196.470368468728,0
101,108,0.306763845703695,0.788161362009085,0,16.7033574073529,1,0.0,0,0.0,0
99,109,0.200295595107531,0.455041089825508,0,8.70253222727867,1,2.28338604376047,0,-2.28338604376047,0
101,109,0.014394798146601,0.0340602154804684,0,735.098407342151,1,113.554340351299,0,-113.554340351299,0
105,109,0.0005318917971396,0.0741419643172822,0,1336.31631529963,1,45.2594164168798,0,-45.2594164168798,0
101,110,0.00397834812053,0.0335159438361386,0,5.51614042065093,1,-5.47199758120289,0,5.47199758120289,0
102,110,0.255335338841644,0.0185077999213152,0,378.259192077974,1,16.4301100644181,0,-16.4301100644181,0
105,110,0.000140900079721,0.003034743999152,0,2005.51014265613,1,-229.16675274876,0,229.16675274876,0
61,111,0.0038622145271602,0.0289838889190456,0,78.4990027226717,1,-52.6087675868006,0,52.6087675868006,0
96,111,0.0010601058089147,0.0237766588981881,0,451.215346980742,1,95.8766870980934,0,-95.8766870980934,0
103,111,0.336996813597968,1.86207747535666,0,9.73670981671555,1,-2.09382455543592,0,2.09382455543592,0
105,111,0.0089831598423063,0.128162466027064,0,1470.29227624242,1,-41.1740949558572,0,41.1740949558572,0
112,113,2.31361827037216e-06,0.0007231289609934,0,457.205809975168,1,190.86967754335,0,-190.86967754335,0
61,114,0.0038675536165122,0.0077088497213613,0,886.797483565801,1,98.2281277722763,0,-98.2281277722763,0
112,114,0.0004170971298434,7.615497282545e-05,0,2025.90869159629,1,1407.3506487639,0,-1407.3506487639,0
63,115,0.115948968178867,0.508757794578689,0,9.69368269876936,1,2.18172250212959,0,-2.18172250212959,0
78,115,0.0180713647136302,0.306877641813183,0,62.545256516402,1,-6.57202847452687,0,6.57202847452687,0
112,115,0.0323058315619365,0.186266057406058,0,17.460073784511,1,-2.39524946774716,0,2.39524946774716,0
82,116,0.0215956417541379,0.0209808738435944,0,203.535148826779,1,-60.5440467511869,0,60.5440467511869,0
97,116,0.0077459275169847,0.0360917116421543,0,136.766346883335,1,60.5440467511868,0,-60.5440467511868,0
68,117,0.233605969080688,0.419162387839376,0,236.74306658536,1,14.6265706919508,0,-14.6265706919508,0
115,117,0.0109520760336447,0.106443305777199,0,61.7954020347738,1,-6.78555544014441,0,6.78555544014441,0
75,118,0.0004031010317875,0.0041781494653394,0,1868.82830140709,1,440.442823861583,0,-440.442823861583,0
96,118,0.0035431081422958,0.0175752738607621,0,530.764918074623,1,-103.375561191537,0,103.375561191537,0
107,118,9.3001169648063e-05,0.0085925741662674,0,735.811153502153,1,-337.067262670047,0,337.067262670047,0
62,119,0.000373416353651,5.6878238289504e-05,0,2752.26529701057,1,1507.36368883199,0,-1507.36368883199,0
76,119,0.0597928672054241,0.308822335404839,0,262.935764224132,1,43.2474693468918,0,-43.2474693468918,0
112,119,8.00095842967232e-05,0.000282166830895,0,3685.31678344386,1,-1595.82507683949,0,1595.82507683949,0
70,120,0.0020167779730469,0.005267051354283,0,561.20987098734,1,206.285385939118,0,-206.285385939118,0
110,120,0.000130844918921,0.005301610579816,0,2038.3499411563,1,-239.688066970074,0,239.688066970074,0
117,120,0.019275088853656,0.293884539068699,0,85.5881180552394,1,7.84101525180642,0,-7.84101525180642,0
119,120,0.0030897623980874,0.0620543060050313,0,7028.9119972516,1,25.5616657791505,0,-25.5616657791505,0
123,129,0.0037208453105942,0.0012760803208499,0,1101.84094224757,1,-615.742198395827,0,615.742198395827,0
124,130,0.0233747082929407,0.0091853184918231,0,1929.71725146634,1,-135.925816304622,0,135.925816304622,0
129,130,0.0020411714765629,0.0173925624303582,0,1644.73152513217,1,135.925816304623,0,-135.925816304623,0
124,132,0.0362834290885994,0.0299503529477986,0,121.176961366272,1,9.38177020659268,0,-9.38177020659268,0
124,133,0.0008749997759811,0.0007042146472554,0,2829.62436848221,1,865.916480226201,0,-865.916480226201,0
132,133,0.0013195052863427,0.0350470894588253,0,112.355429513026,1,9.3817702065925,0,-9.3817702065925,0
125,135,0.0091650925472534,0.420896196028632,0,4.77596247071721,1,1.25132216030247,0,-1.25132216030247,0
125,136,0.0033838499989405,0.0073271953547353,0,5818.72822624075,1,766.735209604776,0,-766.735209604776,0
127,136,0.25683872547287,0.764074605810953,0,14.8902121787216,1,-2.33980407203489,0,2.33980407203489,0
129,136,0.0001503378117003,0.006373848295659,0,3336.51177180522,1,-220.336550050481,0,220.336550050481,0
125,137,0.0187299633462052,0.0028822546811554,0,1016.09898323174,1,365.570680815965,0,-365.570680815965,0
128,137,0.0020992491062511,0.0948850523875134,0,3125.41217876774,1,-41.9747697302225,0,41.9747697302225,0
131,137,0.0012802006249421,0.0095010655207189,0,499.340562183103,1,-273.430619210636,0,273.430619210636,0
135,137,0.0063904481292919,0.421147395543592,0,4.3695358095802,1,1.25132216030247,0,-1.25132216030247,0
138,140,0.0003566609998761,0.0120639780874763,0,781.608756098138,1,-559.312411727971,0,559.312411727971,0
138,142,3.45077322398397e-05,0.0029952921347298,0,850.124416391564,1,559.834639823192,0,-559.834639823192,0
134,143,0.0011478540907272,0.0112594179752593,0,1847.98116571605,1,-685.568847930121,0,685.568847930121,0
139,143,0.0002473187681892,0.0289111135966641,0,218.375376329673,1,-83.184565364953,0,83.184565364953,0
142,143,0.0006705895094595,0.0009287827735083,0,3359.07185056888,1,768.75341329507,0,-768.75341329507,0
139,145,0.014167348401214,0.0229863145263062,0,220.072399536847,1,83.1845653649534,0,-83.1845653649534,0
141,146,0.0016064225240113,0.0016747006557256,0,1301.67703016403,1,618.627037809756,0,-618.627037809756,0
145,146,0.07790359169432,0.0308383368026972,0,38254.318971844,1,48.6935096796346,0,-48.6935096796346,0
137,148,0.0082960812796708,0.0246980016233113,0,78.5307679737281,1,51.4166140354089,0,-51.4166140354089,0
144,149,0.543821518707781,1.56548341099758,0,16.7033574073529,1,0.0,0,0.0,0
141,150,0.0040803404956132,0.019882494500464,0,255.1219570041,1,144.400802126208,0,-144.400802126208,0
145,150,0.0173781613676799,0.0967398600470659,0,974.792102632905,1,34.4910556853187,0,-34.4910556853187,0
141,151,0.0055403599765444,0.0218825037106116,0,320.983481951115,1,-173.89553868167,0,173.89553868167,0
149,151,0.0005474367727447,0.0160718918288767,0,274.565716467248,1,-146.93168873386,0,146.93168873386,0
147,152,0.0665865576896557,0.0977091386470482,0,18.8374372618128,1,-4.8812033536012,0,4.8812033536012,0
147,153,0.0277082489394535,0.117344136206283,0,20.1120970363331,1,4.8812033536012,0,-4.8812033536012,0
150,153,0.142810148021367,0.153321860960518,0,18.8159833278124,1,-4.88120335360112,0,4.88120335360112,0
148,157,0.0022320381498859,0.0453543492557827,0,161.044440810708,1,65.9518117824862,0,-65.9518117824862,0
149,158,0.0042293767183941,0.0211320108825232,0,750.199827088851,1,108.653681496325,0,-108.653681496325,0
155,158,0.003235135806358,0.0263352990423783,0,67.4614985752387,1,-46.7941692608667,0,46.7941692608667,0
136,159,0.0023863288802056,0.0311361571682787,0,326.054011932359,1,-84.6808604454541,0,84.6808604454541,0
152,159,0.0052663026137742,0.0240443069282673,0,692.968216167013,1,111.110257069777,0,-111.110257069777,0
155,159,0.003213370212662,0.0232980949493893,0,247.048025340501,1,71.2458969479607,0,-71.2458969479607,0
156,159,0.0367109592899186,0.0646654713441535,0,2564.09959656118,1,-27.0423416451557,0,27.0423416451557,0
134,160,0.0006437119915099,0.0097157203909778,0,301.273544106158,1,157.561948071867,0,-157.561948071867,0
152,160,0.0081330584295693,0.0724712749047214,0,15383.8606124484,1,46.8368066151065,0,-46.8368066151065,0
155,160,0.0169495655105627,0.0235385733769788,0,557.961585291543,1,101.223111430216,0,-101.223111430216,0
125,161,0.0728908126223262,0.602421108667599,0,8.21632285705597,1,1.74000646443123,0,-1.74000646443123,0
156,163,0.0387757632728138,0.349111069404018,0,46.3316214560391,1,4.56347710755614,0,-4.56347710755614,0
125,164,0.0685571002550642,0.439651601547882,0,146.45717037943,1,10.6112351358173,0,-10.6112351358173,0
127,164,0.0022791202306955,0.0154974431634039,0,472.903846203764,1,-176.839301127524,0,176.839301127524,0
134,164,0.0001607733166301,0.0167020709984528,0,201.747621831185,1,149.199359987537,0,-149.199359987537,0
154,164,0.0045018285554728,0.0126613894918721,0,1575.40566902606,1,-215.74911642259,0,215.74911642259,0
162,164,0.0091225429700655,0.0026967954472233,0,295.835979950592,1,232.77782242676,0,-232.77782242676,0
123,165,0.0023614600476257,0.0059870692843765,0,644.461201301914,1,-198.932424461896,0,198.932424461896,0
127,165,0.0038896716693198,0.229936369639752,0,21.7363361557661,1,-3.42998733655098,0,3.42998733655098,0
156,165,0.0229954355008987,0.0839471604992684,0,483.864584372717,1,22.4788645375996,0,-22.4788645375996,0
160,165,0.0123560847747185,0.0097948801744229,0,629.255860345962,1,297.399110764125,0,-297.399110764125,0
158,166,0.0200268100862936,0.0861011721764418,0,141.867371239565,1,57.4643334634622,0,-57.4643334634622,0
166,168,0.0026685331596881,0.0010727224679775,0,1122.07305377596,1,-590.948641120559,0,590.948641120559,0
162,169,1.02212408699313,1.33986402860243,0,16.7033574073529,1,0.0,0,0.0,0
136,170,0.267660567835315,1.45917817637218,0,16.7033574073529,1,0.425765868400357,0,-0.425765868400357,0
163,171,0.0419708245959709,0.343156176854701,0,39.0607408836388,1,4.56347710755614,0,-4.56347710755614,0
121,172,0.0160036620794416,0.0388663026902523,0,1136.27816518265,1,34.3784431391979,0,-34.3784431391979,0
128,172,0.184070953348465,0.212074473510624,0,23.4272905079083,1,3.28196431716943,0,-3.28196431716943,0
129,172,9.22119265579311e-05,0.0018770938287937,0,1793.69503302772,1,-687.202474818426,0,687.202474818426,0
134,172,0.0015659358741774,0.0093956911953558,0,1292.81794612816,1,378.807539870715,0,-378.807539870715,0
148,172,0.0079914002986882,0.0098906817147923,0,683.410382739405,1,344.658898227443,0,-344.658898227443,0
159,172,0.0050406702380577,0.0656049181221421,0,5761.27875413327,1,41.9341244241778,0,-41.9341244241778,0
121,173,0.0382745956623185,0.0630059048325898,0,1535.77967414576,1,-34.3784431391977,0,34.3784431391977,0
136,174,0.0540385423250132,0.915605864460182,0,3.26516680345304,1,-1.07572436583673,0,1.07572436583673,0
159,174,0.004108118808264,0.0575527708197187,0,1423.01621527002,1,28.6988275029498,0,-28.6988275029498,0
170,174,0.002071934879578,0.0581472614913693,0,884.001245331621,1,-27.623103137113,0,27.623103137113,0
166,175,0.0002195019654292,0.0023640314009454,0,1727.81154657107,1,699.087368865455,0,-699.087368865455,0
167,175,0.0241450705675686,0.200805206116895,0,16.403700444868,1,-2.59520785726601,0,2.59520785726601,0
171,175,0.0018073060031126,0.0017224496092503,0,1986.46566433876,1,-696.492161008189,0,696.492161008189,0
128,176,0.0894567370101987,0.0696347055255605,0,1334.13247321034,1,38.692805413053,0,-38.692805413053,0
136,176,0.0019747545739214,0.0692118369691963,0,1517.09755208951,1,30.5264181412913,0,-30.5264181412913,0
167,176,0.0377433091148659,0.200413988691076,0,14.4537392302325,1,2.59520785726606,0,-2.59520785726606,0
122,177,0.570259787785107,0.293131983221594,0,16.7033574073529,1,0.0,0,0.0,0
170,178,0.0057656965325756,0.136611207357051,0,290.197505003866,1,16.5534732411933,0,-16.5534732411933,0
177,178,0.112518255119892,0.388015864341469,0,19.2968925280741,1,-2.72278615670636,0,2.72278615670636,0
129,179,0.0004916993260065,0.0143417578540338,0,424.00031269158,1,173.200642027203,0,-173.200642027203,0
171,179,0.0008954829744604,0.002337317113213,0,1663.34746140904,1,691.89520053333,0,-691.89520053333,0
177,179,0.0406559077936424,0.094545595734932,0,16.7033574073529,1,-0.536767898439994,0,0.536767898439994,0
178,179,4.68035508797287e-05,0.0727176587206629,0,252.172370579487,1,13.8306870844868,0,-13.8306870844868,0
124,180,8.99144087497392e-05,0.0006896620332751,0,2789.28060508217,1,-725.552712580793,0,725.552712580793,0
126,180,0.0003440100024163,0.019110567933099,0,237.96456827422,1,-232.460996692641,0,232.460996692641,0
171,180,0.0462869071468227,0.245120476551972,0,94.5058585804847,1,9.1604375824182,0,-9.1604375824182,0
172,180,0.0007084401698511,0.0050380886741132,0,4305.11650533955,1,873.779286224271,0,-873.779286224271,0
176,180,0.0011027272731531,0.0334728859102434,0,184.706089999744,1,71.8144314116108,0,-71.8144314116108,0
177,180,0.0376592649210724,0.17716634925236,0,24.2709088968959,1,3.25955405514646,0,-3.25955405514646,0
187,188,0.0035462401587616,0.0892560466595068,0,1708.96491020039,1,30.1815363972787,0,-30.1815363972787,0
186,189,0.0029002480444809,0.0607217056290666,0,2282.29239125074,1,-50.2659940250381,0,50.2659940250381,0
187,189,0.003299758379056,0.0550730958996591,0,2177.954593823,1,30.6200532069306,0,-30.6200532069306,0
184,191,0.0431538906448222,0.0101046684839429,0,130.074619761063,1,-58.5903069211156,0,58.5903069211156,0
182,192,0.0129778134814986,0.0218876895399138,0,459.381037809115,1,99.846323330142,0,-99.846323330142,0
187,192,0.0075294031809697,0.125723707205589,0,837.55902241483,1,-24.2919960274567,0,24.2919960274567,0
183,193,0.0160535157082009,0.0228958145471122,0,254.086452348181,1,-81.8557407068948,0,81.8557407068948,0
189,193,0.001742496724301,0.0276744796829714,0,255.976230405682,1,81.8557407068957,0,-81.8557407068957,0
194,195,0.0003142674501101,0.0033381763775894,0,1452.93104218585,1,-638.935268677245,0,638.935268677245,0
185,196,0.0074046388657462,0.027132926936818,0,510.114006024689,1,-122.96470321088,0,122.96470321088,0
190,197,0.0074510382853134,0.898550432809742,0,16.7033574073529,1,0.380936989073527,0,-0.380936989073527,0
190,198,0.0288218734037675,0.0101913068653643,0,567.813372899444,1,113.459972462869,0,-113.459972462869,0
194,198,0.0021687950011491,0.0166634702991667,0,1149.64708180217,1,-130.104412730509,0,130.104412730509,0
197,198,0.0012933214293827,0.0489060783547153,0,369.521596595601,1,16.6444402676409,0,-16.6444402676409,0
190,199,0.0004962847765701,0.0339141535354686,0,125.503960030579,1,66.1067901754384,0,-66.1067901754384,0
194,199,0.0157153403256217,0.0126646086973747,0,274.315538472267,1,-85.4618257655122,0,85.4618257655122,0
196,200,0.0001034534019602,0.0281018652982113,0,482.520519794928,1,-122.96470321088,0,122.96470321088,0
191,201,0.0119994169234941,0.0121540135052195,0,489.800461144925,1,177.006592250237,0,-177.006592250237,0
195,201,0.0009237979379148,0.0169839726610063,0,481.22953617297,1,-177.006592250237,0,177.006592250237,0
199,203,0.0002085338425573,0.0731285934595473,0,117.603185182904,1,-15.1797692506406,0,15.1797692506406,0
195,204,0.0018420586205008,0.0062852199552732,0,2943.02809260259,1,-461.928676427006,0,461.928676427006,0
197,204,0.0012119128301917,0.0167011092915784,0,1215.42040235009,1,-122.997616661905,0,122.997616661905,0
200,204,0.024333669005412,0.0221706103610418,0,647.246572059969,1,96.2137091436343,0,-96.2137091436343,0
190,207,0.0061952621575457,0.01432502994095,0,374.342125009709,1,-179.947699627379,0,179.947699627379,0
203,207,0.0004062555337712,0.0101833569761814,0,939.550560186399,1,-364.284277871337,0,364.284277871337,0
199,208,0.0069102385365874,0.0836141559618688,0,157.207870712711,1,-3.70789652520847,0,3.70789652520847,0
203,208,0.409570376748308,0.403498701491554,0,16.7033574073529,1,1.98276359510746,0,-1.98276359510746,0
203,209,0.0258022907587033,1.76311726579409,0,16.7033574073529,1,0.0,0,0.0,0
206,210,0.0007437185130166,0.0665490371562797,0,734.049349300861,1,15.0516240082559,0,-15.0516240082559,0
208,210,0.0049696886912844,0.0666352814953817,0,792.17482284725,1,-15.0516240082556,0,15.0516240082556,0
202,211,0.0017455005481677,0.0362998242608947,0,697.5043114762,1,163.867065874572,0,-163.867065874572,0
206,211,0.0002236334562352,0.0122037990000579,0,535.995763300582,1,-153.877516942466,0,153.877516942466,0
202,212,0.0056408378376133,0.056676474594755,0,503.265062442523,1,72.4345282172475,0,-72.4345282172475,0
204,212,0.0142637046522965,0.0289923414365015,0,1019.41210086517,1,-71.8021978229938,0,71.8021978229938,0
206,212,0.0035813388946363,0.0197541784121255,0,357.683673413665,1,-188.360265098013,0,188.360265098013,0
205,213,0.0003109005171124,0.0303653044921649,0,802.036581647657,1,-135.364880244794,0,135.364880244794,0
206,214,0.0348414115356323,0.352258208909408,0,54.6797772800307,1,3.20313616783527,0,-3.20313616783527,0
185,215,0.0209299393130862,0.0198652684248687,0,746.601152739667,1,133.782353395755,0,-133.782353395755,0
205,215,0.0012132956556551,0.0105565881480876,0,501.856419659185,1,-244.265620884417,0,244.265620884417,0
207,216,0.001914241566516,0.042322218370821,0,271.905875821945,1,104.832107291999,0,-104.832107291999,0
213,216,0.0064814985523872,0.0202689026190707,0,382.312059528913,1,-109.220249248396,0,109.220249248396,0
214,216,0.0032774708629726,0.183074578140168,0,57.9109811188246,1,4.38814195639614,0,-4.38814195639614,0
211,217,0.015280248215709,0.257481550349372,0,16.7033574073529,1,0.0,0,0.0,0
214,218,1.11900194848227,0.903748547195996,0,5.44757493337861,1,-1.18500578856087,0,1.18500578856087,0
211,219,0.0009825512563532,0.0928383994332634,0,275.428573361505,1,9.98954893210748,0,-9.98954893210748,0
218,219,0.0356690133085055,0.0763904173193332,0,387.461269993786,1,-13.1935436195809,0,13.1935436195809,0
207,221,0.0001624459675912,0.002448164049489,0,1234.61356606384,1,-670.6078614432,0,670.6078614432,0
213,222,0.0040012960859999,0.0704924122570204,0,388.610100975949,1,-26.1446309963981,0,26.1446309963981,0
218,223,0.0053773457871004,0.081970466897047,0,296.024311878586,1,12.00853783102,0,-12.00853783102,0
222,223,0.0569436324063811,0.100433865113211,0,316.356470702064,1,-12.552892718776,0,12.552892718776,0
220,224,0.0140931789704998,0.0865952299207542,0,949.129119756904,1,31.1456664902518,0,-31.1456664902518,0
207,225,0.0071296290062085,0.0615706653804737,0,388.67420344953,1,-13.2605345657359,0,13.2605345657359,0
219,225,0.308737620602174,0.740020725543231,0,3.20399468747339,1,-3.20399468747341,0,3.20399468747341,0
224,226,0.0012612134716924,0.0384993636156627,0,68.0031730667866,1,-5.27520900309622,0,5.27520900309622,0
226,227,0.0024429379664884,0.0017678116136992,0,901.514706702529,1,-571.078715561441,0,571.078715561441,0
225,228,0.0064625364356701,0.0364858226803472,0,39083.0447792673,1,53.8510869401309,0,-53.8510869401309,0
225,229,0.0035571555094052,0.0462402641795658,0,1488.75958904746,1,44.9647814388972,0,-44.9647814388972,0
185,230,0.0004179551122556,0.249081039712114,0,60.6288059637343,1,-10.817650184875,0,10.817650184875,0
207,230,0.0170244570689387,0.0813172898938802,0,2771.16062514888,1,34.804311218218,0,-34.804311218218,0
220,230,0.15356732089905,0.0925268241557665,0,829.985955163705,1,-31.1456664902519,0,31.1456664902519,0
223,230,0.0877718945536377,1.31637658402051,0,16.7033574073529,1,-0.544354887755988,0,0.544354887755988,0
229,230,0.0166190752338719,0.105692994069767,0,205.908307778085,1,14.8303947928286,0,-14.8303947928286,0
181,231,0.0086921926178679,0.0387897350350444,0,1277.48222175552,1,60.5929860169191,0,-60.5929860169191,0
222,231,0.010587560000323,0.0248362422060272,0,864.801542730549,1,-125.749248002528,0,125.749248002528,0
225,231,0.0109724778235235,0.0901276887557541,0,765.803202425832,1,27.7475769882406,0,-27.7475769882406,0
229,233,0.0309674944933723,0.0662443667822476,0,8518.50110896315,1,30.1343866460686,0,-30.1343866460686,0
232,233,0.0212168843026598,0.0805519882122014,0,90.8900544664228,1,61.4053813861426,0,-61.4053813861426,0
183,234,0.0003901387290917,0.0018794200445815,0,1790.19781988476,1,-695.392189853612,0,695.392189853612,0
224,234,0.0031359544186893,0.0445633672400173,0,3989.07259317976,1,36.4208754933484,0,-36.4208754933484,0
226,234,0.0008195969123532,0.0027711813846474,0,1358.90528037727,1,658.971314360269,0,-658.971314360269,0
226,235,0.022833818966053,0.23288303918316,0,445.769267218642,1,-22.5226979445641,0,22.5226979445641,0
228,235,0.0167602692843376,0.0336572632971774,0,2530.44643762135,1,53.8510869401305,0,-53.8510869401305,0
184,237,0.0278655435141377,0.033321571622299,0,116.833575678566,1,58.5903069211152,0,-58.5903069211152,0
231,237,0.0061932625306504,0.23256968771831,0,5.3013381889356,1,-2.27222203102595,0,2.27222203102595,0
233,237,0.0152580380304325,0.0373422094166642,0,105.913444168524,1,-56.318084890089,0,56.318084890089,0
181,238,0.0036077921174428,0.145570576543002,0,99.7884312362359,1,11.9867442441916,0,-11.9867442441916,0
182,238,0.037783852580757,0.112840249119439,0,108.573759527402,1,7.13533246491957,0,-7.13533246491957,0
230,238,0.0187786503508712,0.0915850222545569,0,269.554071811035,1,-19.1220767091111,0,19.1220767091111,0
182,239,0.0084212847694479,0.0571466574781158,0,164.252755032301,1,70.6406623436613,0,-70.6406623436613,0
189,239,0.0017068205170407,0.028462075416683,0,486.791624285185,1,-101.501681525003,0,101.501681525003,0
199,239,0.0396815308179298,1.08926703265621,0,2.25400836829446,1,-0.467369814224888,0,0.467369814224888,0
235,239,0.0031066458034542,0.043085522255858,0,1278.60964036916,1,31.3283889955667,0,-31.3283889955667,0
187,240,0.0128725430551304,0.0437845567480629,0,982.12841649469,1,-36.5095935767528,0,36.5095935767528,0
230,240,0.0390026951215105,0.0413149317929518,0,610.931307206426,1,26.2491111572745,0,-26.2491111572745,0
236,240,0.0057840108129859,0.0257908981445627,0,1212.99733564695,1,-133.008203797343,0,133.008203797343,0
241,245,8.77208530141877e-05,0.006169518165743,0,828.027639882747,1,353.099479655185,0,-353.099479655185,0
244,247,0.0131742756005122,0.0748788553387533,0,1335.71553279262,1,-36.7145820776896,0,36.7145820776896,0
242,248,0.0134018272797062,0.0451565544184202,0,205.701308649463,1,28.7474503649128,0,-28.7474503649128,0
245,248,0.073938092559093,0.125532877888902,0,108.785929778001,1,11.3274935451677,0,-11.3274935451677,0
242,250,7.04852617050296e-05,0.0054431504939036,0,633.005800630885,1,-256.093835765433,0,256.093835765433,0
249,250,0.0047409256776403,0.0146173090186543,0,636.580233925307,1,-182.96650736463,0,182.96650736463,0
246,251,0.0434525003347637,0.114255185341297,0,41.9776337786186,1,-5.71319013317457,0,5.71319013317457,0
247,251,0.0277458664872222,0.28942084353422,0,131.481890940538,1,10.0753762402628,0,-10.0753762402628,0
249,251,0.0238677503875233,0.25159244518787,0,110.588765578808,1,-8.79425049865856,0,8.79425049865856,0
250,251,0.0172837868710484,0.104220279953304,0,22.7382782248533,1,4.43206439157029,0,-4.43206439157029,0
246,252,0.0297480210073514,0.172281752357605,0,4.96383578687865,1,2.07985446164312,0,-2.07985446164312,0
244,253,0.0111791064591257,0.0111294290271319,0,158.964089231599,1,138.851516702193,0,-138.851516702193,0
252,253,0.0037284776372315,0.176636167675151,0,4.45224481103632,1,2.07985446164309,0,-2.07985446164309,0
244,254,0.122273466509566,0.364590835787424,0,8.73435403042582,1,-2.73112996300571,0,2.73112996300571,0
253,254,0.230070159697923,1.21199984110192,0,2.09660345664131,1,-2.09660345664131,0,2.09660345664131,0
242,255,5.02772721744678e-05,0.0010191694604796,0,2399.3777813723,1,443.07267724422,0,-443.07267724422,0
255,256,0.0007481338127893,0.0240588380569759,0,2630.34388473179,1,92.5244748875221,0,-92.5244748875221,0
255,258,0.0012467410784465,0.0708208453414361,0,186.635245538116,1,30.4688010524338,0,-30.4688010524338,0
256,258,4.29441482460275e-05,0.0001578345093832,0,1425.11253746993,1,-432.130532281803,0,432.130532281803,0
257,259,0.0544685760274696,0.272653661581195,0,16.7033574073529,1,6.87407891515448,0,-6.87407891515448,0
250,260,0.0054767419946383,0.278936793930256,0,61.0112290461227,1,-9.79957525521883,0,9.79957525521883,0
257,260,0.198670460858518,0.195457433624033,0,59.1559128349682,1,9.79957525521882,0,-9.79957525521882,0
257,261,0.0100072303326615,0.040872856497541,0,2589.38562946601,1,45.7733396080665,0,-45.7733396080665,0
255,262,0.0032900229341477,0.017353138109319,0,338.088281005028,1,-301.757480241852,0,301.757480241852,0
257,262,6.27893407656445e-07,0.0056728034981088,0,1496.94659629977,1,221.750345111482,0,-221.750345111482,0
255,263,0.0146053616238841,0.0889561993130759,0,1075.7320776452,1,-29.3980106866508,0,29.3980106866508,0
262,263,0.0090302922983237,0.0891660309960228,0,685.271625891655,1,29.3980106866508,0,-29.3980106866508,0
259,264,0.058582905899007,0.263460239427002,0,16.7033574073529,1,6.8740789151545,0,-6.8740789151545,0
258,265,0.0017390318381464,0.0096804316272762,0,473.934320261918,1,-265.624990048401,0,265.624990048401,0
264,266,0.0805490624530035,0.19051548122544,0,105.662186587082,1,6.03905404720952,0,-6.03905404720952,0
265,266,0.0170612521690991,0.20616217296634,0,92.3145713518364,1,-6.03905404720952,0,6.03905404720952,0
257,267,0.002396960744263,0.0043125542916033,0,2339.59935711009,1,-463.698246368066,0,463.698246368066,0
257,268,0.0480118406153851,0.204935090044244,0,16.7033574073529,1,0.0,0,0.0,0
267,269,0.0004821211200991,0.0033236250010025,0,4551.77113976315,1,-520.544469921402,0,520.544469921402,0
264,270,6.12142282051343e-05,0.0052122270274237,0,1589.21180572066,1,-221.042085316247,0,221.042085316247,0
264,272,3.76586317723909e-06,0.0053814398031483,0,1354.0418624132,1,221.877110184194,0,-221.877110184194,0
247,273,0.0004502317170339,0.0115749626019567,0,348.97274034208,1,-156.035834776897,0,156.035834776897,0
269,274,1.75915245618524e-05,0.0014534952369244,0,2592.99343509217,1,-742.994098650337,0,742.994098650337,0
271,274,0.000523871687053,0.004876884389999,0,2262.17295295364,1,440.246234488448,0,-440.246234488448,0
269,275,0.0848253348845125,0.0177330132872137,0,398.393415105336,1,133.657006142285,0,-133.657006142285,0
273,275,0.0023799810630254,0.0112045870496888,0,392.711532419218,1,-156.035834776897,0,156.035834776897,0
267,276,0.146563957324967,0.633245423464859,0,16.7033574073529,1,3.12559080415981,0,-3.12559080415981,0
267,277,0.006888631891593,0.038765702528755,0,177.796353266102,1,53.7206327491747,0,-53.7206327491747,0
269,278,0.0096905652815992,0.0099220568356048,0,945.831977401128,1,88.7926225866533,0,-88.7926225866533,0
277,278,0.0027789985146537,0.0062375650808199,0,696.397604271356,1,-469.992248145459,0,469.992248145459,0
276,279,0.0129923261181725,0.641067896813336,0,16.7033574073529,1,3.12559080415982,0,-3.12559080415982,0
272,280,0.0714832412011037,0.233452743005453,0,21.16547515417,1,-14.7618830640544,0,14.7618830640544,0
277,280,0.0382695107441825,0.0554368905699556,0,236.734955075288,1,24.3576301205743,0,-24.3576301205743,0
280,282,0.02749121678177,0.1067095989082,0,219.405186078723,1,18.0992528268591,0,-18.0992528268591,0
248,283,0.0070139917995612,0.181450322707983,0,229.924169851674,1,-54.2066533051385,0,54.2066533051385,0
281,284,0.0031062615072122,0.110121454071226,0,729.89028854542,1,-257.99799942855,0,257.99799942855,0
283,284,0.0545436393208151,0.423313695429357,0,216.662582051665,1,-54.2066533051385,0,54.2066533051385,0
279,285,0.0319075980644761,0.206345345823996,0,250.304053860575,1,-3.03873307144003,0,3.03873307144003,0
279,286,0.0020414318299574,0.0256028087652533,0,489.401097036939,1,19.3962339786903,0,-19.3962339786903,0
281,286,0.0048480093139533,0.0252616156853704,0,489.386284876787,1,-19.3962339786905,0,19.3962339786905,0
254,287,0.0405538370445478,0.0925593264926984,0,480.784634829079,1,-38.2227807150365,0,38.2227807150365,0
277,287,0.0001417032439599,0.0007648817100452,0,1059.6633695852,1,428.145828054568,0,-428.145828054568,0
280,287,0.0281955856245489,0.120283373710911,0,30.882269868455,1,-8.50350577033923,0,8.50350577033923,0
254,288,0.0225827234270252,0.0681382099559998,0,507.274181205279,1,33.3950472953894,0,-33.3950472953894,0
272,288,0.0014654868128606,0.0051225954354889,0,1478.57048105107,1,262.429689215054,0,-262.429689215054,0
281,288,0.0066392701542664,0.0117298483548334,0,1083.43819253862,1,277.394233407241,0,-277.394233407241,0
255,290,0.0021136091122173,0.0402140140216037,0,15068.1497876703,1,-43.1004344327937,0,43.1004344327937,0
272,290,0.0064484578163319,0.236134796053776,0,64.2074197613138,1,-0.500407767827982,0,0.500407767827982,0
282,290,0.0284825751960955,0.0771675168416102,0,222.128121672229,1,18.0992528268591,0,-18.0992528268591,0
287,290,0.0372071814474538,0.121643788052913,0,1726.83717808379,1,35.7672910314459,0,-35.7672910314459,0
242,291,0.247560701830436,0.213368867664916,0,66.4603328342041,1,-11.1577387206002,0,11.1577387206002,0
247,291,0.0264043911338052,0.065419364809249,0,1257.37825724654,1,22.4299963033321,0,-22.4299963033321,0
277,291,0.0003012535259,0.0199016758820487,0,1422.96033407933,1,179.849725242364,0,-179.849725242364,0
287,291,0.0195080295611177,0.0965753255687168,0,608.171821556991,1,33.671437367551,0,-33.671437367551,0
242,292,0.000382211756762,0.0065746948693241,0,1106.55558763282,1,-350.632570233725,0,350.632570233725,0
285,292,0.0006916338065607,0.0067914037576936,0,990.45439792094,1,350.632570233725,0,-350.632570233725,0
287,293,0.0006767807140197,0.015843741497085,0,784.488337431633,1,114.92437202483,0,-114.92437202483,0
289,294,0.001211436097991,0.0344105833862266,0,271.238532402583,1,86.0345235329323,0,-86.0345235329323,0
287,295,0.046486704028217,0.625985445318888,0,23.8352490597149,1,4.95026888713344,0,-4.95026888713344,0
291,295,0.0025396012193808,0.142974572933456,0,18.9495203615845,1,-1.07035642238751,0,1.07035642238751,0
243,297,0.009567074683102,0.0721841001613963,0,790.925483515161,1,-26.103058007911,0,26.103058007911,0
244,297,0.0199580355887604,0.114627443668391,0,1840.88021889356,1,14.9384984714999,0,-14.9384984714999,0
246,297,0.0403437742158806,0.245703222883505,0,55.5077871237542,1,3.63333567153146,0,-3.63333567153146,0
287,297,0.0101025397275269,0.0888304373357635,0,101.941468001797,1,70.3135307545733,0,-70.3135307545733,0
291,297,0.0037728150554595,0.0412420119205699,0,131.446356277629,1,72.5995537555029,0,-72.5995537555029,0
295,297,0.0137077198906706,0.0358674827473315,0,312.242345371387,1,87.7448087439059,0,-87.7448087439059,0
296,297,0.0052838689037433,0.0150844453987111,0,1415.90687139241,1,-223.126669389103,0,223.126669389103,0
242,298,0.422819886545774,1.35795930077615,0,3.9590827672664,1,1.29875955685144,0,-1.29875955685144,0
247,298,0.0207266923677588,0.0646394737574835,0,322.833272964478,1,86.8158801556129,0,-86.8158801556129,0
289,298,0.0109272048959589,0.0322945538158614,0,308.984955686393,1,-86.0345235329325,0,86.0345235329325,0
244,299,0.0131555635155532,0.214157363131573,0,507.796567781598,1,14.0300044157952,0,-14.0300044157952,0
249,299,0.0004298658833532,0.003260227799794,0,1021.06959655734,1,191.76075786329,0,-191.76075786329,0
290,299,0.181485719109776,0.310488253288333,0,114.186179737616,1,10.2657016576831,0,-10.2657016576831,0
291,299,5.78522460084992e-05,0.0279675089190247,0,1056.91737267367,1,153.264222859531,0,-153.264222859531,0
296,299,0.0024351997637704,0.007875252351841,0,456.469317501757,1,-263.290001435018,0,263.290001435018,0
298,299,0.002374967083647,0.0682855241333185,0,56.7224108120434,1,2.08011617953217,0,-2.08011617953217,0
244,300,0.0377739241503749,0.0885815629400442,0,5007.68031435135,1,27.1520733188745,0,-27.1520733188745,0
22,68,0.0003105844600683,0.0044397113907186,0,1320.31866225989,1,365.168879333601,0,-365.168879333601,0
52,104,0.0020623094724645,0.0002245883662284,0,1306.51578583279,1,756.040349096588,0,-756.040349096588,0
12,89,0.0057228128305416,0.0311417686985948,0,302.597026921975,1,60.6643316535795,0,-60.6643316535795,0
44,69,0.0033248524897981,0.002541887356727,0,1353.02054967519,1,641.710124016471,0,-641.710124016471,0
87,125,2.71446572311494e-05,0.0006717001794428,0,2366.32870186892,1,1145.90845418131,0,-1145.90845418131,0
101,141,0.0020511104896315,0.0009707781610375,0,2116.09788207228,1,647.054518307027,0,-647.054518307027,0
92,138,0.0555476708811862,0.179114717720746,0,23.3070383495218,1,0.522228095221244,0,-0.522228095221244,0
83,172,0.0004441788959695,0.001286652406826,0,2560.63263197228,1,757.920791063998,0,-757.920791063998,0
150,226,0.0449579421370077,0.0624709106798084,0,321.45000583371,1,70.6451098573641,0,-70.6451098573641,0
166,194,0.0201524127791546,0.179958924136976,0,4.55453055429466,1,-4.55453055429462,0,4.55453055429462,0
151,215,0.0634016835060906,0.373949705055956,0,2523.86712170575,1,29.591927660584,0,-29.591927660584,0
173,192,0.0003545360809617,0.0423490523472666,0,1401.6729558643,1,-34.3784431391979,0,34.3784431391979,0
204,256,0.0072420642853007,0.0029064512234735,0,923.918229815978,1,-416.910386122285,0,416.910386122285,0
181,288,0.0026246665145323,0.0299897263665681,0,136.780555178736,1,-72.579730261111,0,72.579730261111,0
232,288,0.0008206697080383,0.0023076463559019,0,3054.40585609736,1,-500.639239656577,0,500.639239656577,0
225,253,0.0034896986970026,0.012309499822105,0,1571.79115521943,1,-143.027974620478,0,143.027974620478,0
241,14,0.0017745971470522,0.0093786805635635,0,493.297036394599,1,-137.242957640862,0,137.242957640862,0
250,58,0.0407438883187051,0.0306993578090389,0,573.375339200654,1,-143.460249070536,0,143.460249070536,0
244,21,0.0033519530377118,0.0143849321929692,0,809.480416267711,1,-155.526380867668,0,155.526380867668,0
275,36,0.0036739601768823,0.0199137078503966,0,238.073099418263,1,-22.3788286346117,0,22.3788286346117,0
