from_bus,to_bus,resistance,reactance,susceptance,line_rating,line_status,P_from,Q_from,P_to,Q_to
7,9,0.0103308141637869,0.0290030316177459,0,547.765435278483,1,98.7727531211715,0,-98.7727531211715,0
3,10,0.626865721743758,0.253593406108028,0,61.0884090215312,1,0.0,0,0.0,0
5,11,2.29882288240338e-05,9.51029199768409e-05,0,5990.41061375244,1,2124.92014862699,0,-2124.92014862699,0
8,11,5.70799208888816e-05,0.00042451728281,0,5645.88996892427,1,-1975.21785045128,0,1975.21785045128,0
2,12,0.0004885843916224,0.0038309780946286,0,1216.21558616431,1,-700.892872242419,0,700.892872242419,0
6,12,0.0092882269304883,0.0185175801042744,0,267.819003276659,1,-178.334337206251,0,178.334337206251,0
8,12,0.0015578428530498,0.002088407047952,0,10774.2512537365,1,1515.23549447043,0,-1515.23549447043,0
3,13,0.0536070229736584,0.121626841844814,0,113.682603469598,1,23.256470885065,0,-23.256470885065,0
7,13,0.0116596760466981,0.0226692493279983,0,868.981794567626,1,-118.643304606716,0,118.643304606716,0
4,14,0.0083704620658482,0.0594326538037229,0,62.7837591897893,1,-15.3001320041602,0,15.3001320041602,0
6,15,0.0031053329762926,0.0326422967477689,0,406.444113411597,1,69.2192754846687,0,-69.2192754846687,0
9,15,0.0205019062178634,0.0102805302434609,0,391.809952003203,1,-69.2192754846685,0,69.2192754846685,0
12,16,0.0001633043395483,0.000978097883939,0,2769.06266127546,1,792.746717063603,0,-792.746717063603,0
14,17,0.0092667397610279,0.0046839812685048,0,863.294695325798,1,-250.471513697351,0,250.471513697351,0
16,17,0.0012540525267757,0.0023304430377695,0,978.917381934753,1,337.759455891663,0,-337.759455891663,0
16,18,0.0011718824404167,0.006910995101237,0,399.277934249038,1,96.8602725842982,0,-96.8602725842982,0
13,19,0.0006952634625083,0.012859421528741,0,1082.76219135413,1,59.7208423883821,0,-59.7208423883821,0
17,21,0.0166496826603013,0.0386496241862566,0,401.126640155363,1,-49.5461508587163,0,49.5461508587163,0
18,21,2.70922274794535e-05,0.0052369843357621,0,535.368528665869,1,-343.176853748297,0,343.176853748297,0
18,23,0.0026233200854346,0.0087540044331273,0,1037.42113445531,1,334.084964831603,0,-334.084964831603,0
20,23,0.0007919379531604,0.0011640929942685,0,1023.80018468776,1,-680.904990657339,0,680.904990657339,0
22,23,0.001347607772362,0.0046414294157095,0,746.431657676841,1,346.820025825736,0,-346.820025825736,0
14,24,0.0958508899998939,0.48880324424682,0,15.7649751034773,1,2.18245090242441,0,-2.18245090242441,0
17,24,0.0009025038983317,0.0163701378069485,0,495.257137154167,1,136.834093053029,0,-136.834093053029,0
18,24,0.0119032632921285,0.0222526962136003,0,485.146082338672,1,105.952161500992,0,-105.952161500992,0
16,25,0.0005289562579273,0.0250486328955456,0,212.814136458223,1,53.4790204582546,0,-53.4790204582546,0
19,25,0.0017187575322264,0.0012864338731312,0,1597.14642517817,1,488.04788077148,0,-488.04788077148,0
21,25,0.0322219019553023,0.0822629283753352,0,2987.42000234198,1,29.9939150957017,0,-29.9939150957017,0
19,26,0.0047066011211386,0.268787217773449,0,61.0884090215312,1,-2.05484544155777,0,2.05484544155777,0
22,26,0.000153686394251,0.0055727186505557,0,851.838772213903,1,-327.456442854489,0,327.456442854489,0
26,28,0.384214254124912,0.464589935557865,0,61.0884090215312,1,0.383102151750704,0,-0.383102151750704,0
22,30,0.206606094049624,0.0017676684316082,0,31.810901615006,1,-19.3635829712477,0,19.3635829712477,0
21,31,0.0012007082138672,0.0025860903324482,0,1047.3562225227,1,-540.834821471834,0,540.834821471834,0
28,31,0.0028311351385322,0.0431679082751217,0,246.70590784318,1,-66.3424056474975,0,66.3424056474975,0
26,32,1.97044324149333e-05,0.0011559055991403,0,1065.88287256408,1,-344.083065343415,0,344.083065343415,0
29,33,0.0003889222898698,0.0035333630788477,0,463.751386705695,1,354.106756302665,0,-354.106756302665,0
4,34,0.0010915366612112,0.0028650179013198,0,340.975168858965,1,-239.933112802813,0,239.933112802813,0
19,34,0.0123009229634865,0.021886501596516,0,428.058767562191,1,67.1881161138747,0,-67.1881161138747,0
28,34,0.0029167217066514,0.0248972822759459,0,265.829149317029,1,74.0981917360683,0,-74.0981917360683,0
3,35,0.0007585677619946,0.020489620637037,0,388.729374628451,1,174.549491241212,0,-174.549491241212,0
26,35,0.0679678999204249,0.0375075515152801,0,739.887913451207,1,14.1886748956186,0,-14.1886748956186,0
27,35,0.0007142888343349,0.0009389888386585,0,2393.69900913404,1,-338.804574450763,0,338.804574450763,0
32,35,1.88711516918416e-06,0.0028487003272588,0,638.960153130219,1,326.433071068452,0,-326.433071068452,0
34,35,0.0029580537538602,0.0065860785127759,0,1228.07247737163,1,-226.332944909689,0,226.332944909689,0
29,36,9.21735252564818e-05,0.0030346623849415,0,401.814366179955,1,-373.038230988591,0,373.038230988591,0
30,36,0.109562530893611,0.175350422734725,0,37.5167590459971,1,-19.3635829712478,0,19.3635829712478,0
3,39,0.0085163149946523,0.0644591352500835,0,125.692073455001,1,4.630221279797,0,-4.630221279797,0
28,39,0.0281110276534467,0.396571421300074,0,14.0859933222518,1,-7.37268393682007,0,7.37268393682007,0
36,39,0.0126039576866981,0.0097331596977661,0,218.818609665845,1,-117.227308642681,0,117.227308642681,0
37,39,0.0284548570214493,0.160056778298281,0,40.6962756785384,1,-20.7332725415051,0,20.7332725415051,0
36,40,0.0031883972123597,0.0268447778982145,0,634.297184571318,1,-27.5773247359384,0,27.5773247359384,0
37,41,0.103643240870479,0.630308130848159,0,61.0884090215312,1,0.0,0,0.0,0
34,42,0.0084870560309742,0.336797502304673,0,4.41860948308978,1,-1.85268560632335,0,1.85268560632335,0
37,43,0.001855153297065,0.0424306186892286,0,64.78002342962,1,11.948990113459,0,-11.948990113459,0
38,43,0.0089615290133952,0.0866817505364379,0,64.1839054340402,1,-11.948990113459,0,11.948990113459,0
37,44,0.001993536449695,0.0099741945591763,0,2828.29051230532,1,203.07271063456,0,-203.07271063456,0
29,45,0.0638834878830759,0.209641636862774,0,75.8993923601843,1,18.9314746859251,0,-18.9314746859251,0
36,46,0.0012476733350074,0.0182386367217049,0,1647.61066236197,1,-247.597180581219,0,247.597180581219,0
19,47,0.0002468470470095,0.0027853969852246,0,1231.35655458476,1,-467.079347702806,0,467.079347702806,0
37,47,0.0034264478388231,0.0068011033539439,0,307.891539579472,1,-194.288428206514,0,194.288428206514,0
38,48,0.0407805000869508,0.0738874140834243,0,59.2683458276681,1,11.948990113459,0,-11.948990113459,0
45,48,0.0065344624238046,0.0416536736556062,0,64.1823162613678,1,-11.948990113459,0,11.948990113459,0
45,49,0.0059982335216377,0.0061127197550147,0,377.522238393393,1,236.123350396783,0,-236.123350396783,0
40,50,0.821491190047748,1.05501629315976,0,61.0884090215312,1,0.0,0,0.0,0
1,52,0.102066181560832,0.151857005805627,0,21.4529570292191,1,-1.51438405020408,0,1.51438405020408,0
16,52,0.0118448400564557,0.0081839641024799,0,544.345785221373,1,206.757269647603,0,-206.757269647603,0
45,52,0.0096804218522256,0.0095661146029533,0,437.498547707128,1,-205.242885597399,0,205.242885597399,0
1,53,0.0221216708097212,0.562348469900604,0,61.0884090215312,1,0.265599581001777,0,-0.265599581001777,0
1,54,0.0102526327402725,0.229952425633049,0,17.5463301452767,1,1.2487844692023,0,-1.2487844692023,0
51,54,0.026470647818849,0.213749059201264,0,7.27840739538596,1,0.335661580825003,0,-0.335661580825003,0
53,54,0.160086502924388,0.518831766539702,0,61.0884090215312,1,0.26559958100178,0,-0.26559958100178,0
51,56,0.211737582583477,0.0013250967856641,0,8.2999206207739,1,-0.335661580825075,0,0.335661580825075,0
55,56,0.0006503488097651,0.128555984286341,0,17.1065127796862,1,2.58779215899004,0,-2.58779215899004,0
40,57,0.0009062320335263,0.0399834439127492,0,1130.36981368972,1,64.7416948125923,0,-64.7416948125923,0
42,57,0.324410037686683,0.623623659055351,0,3.71951973175302,1,-1.85268560632335,0,1.85268560632335,0
55,57,0.0199357555505962,0.167907792431346,0,20.4705253565662,1,-8.3466480258437,0,8.3466480258437,0
4,58,0.0005662995724105,0.0204949102397669,0,43.5107009167545,1,-43.5107009167545,0,43.5107009167545,0
55,58,0.127686293162709,0.0869721339668419,0,37.3578683421645,1,1.995535386617,0,-1.995535386617,0
56,58,0.0040509127727056,0.0604692138624502,0,187.881150657093,1,-2.63142493482662,0,2.63142493482662,0
57,58,0.0021168326341518,0.0356771202172742,0,1009.48593009196,1,44.1465904649642,0,-44.1465904649642,0
6,59,0.0004358869083949,0.0212341949933213,0,306.479117677759,1,109.115061721583,0,-109.115061721583,0
7,59,0.0164213321619626,0.111249695035942,0,417.63275937317,1,19.8705514855446,0,-19.8705514855446,0
54,59,0.166425711210862,1.42411734240643,0,9.19901939648395,1,1.85004563102909,0,-1.85004563102909,0
55,59,0.0221993067811101,0.982059989753861,0,8.8937503855755,1,3.0950760629951,0,-3.0950760629951,0
56,59,0.0728973715561477,0.0344811902066303,0,240.436929858971,1,78.5029223864916,0,-78.5029223864916,0
57,59,0.247311894761527,0.427194647947398,0,46.6520958602704,1,10.3957707154611,0,-10.3957707154611,0
2,60,0.0003955861031961,0.0012932653766942,0,1768.1208309631,1,700.892872242421,0,-700.892872242421,0
55,60,0.43082207904146,1.51412446318698,0,2.12774723168371,1,0.668244417241563,0,-0.668244417241563,0
61,65,2.5016800924633e-06,0.0098158379686053,0,232.835772692729,1,-208.627769956401,0,208.627769956401,0
64,69,0.0012037081137514,0.0685026477960431,0,1715.53634880571,1,-32.8976221326698,0,32.8976221326698,0
63,70,0.0306580106666815,0.0568894657957365,0,2175.48241730834,1,-34.0212876662526,0,34.0212876662526,0
67,70,0.0366797169443376,0.115001607165516,0,828.435188635836,1,25.5349413858684,0,-25.5349413858684,0
67,71,9.86569483538606e-05,0.105965557409478,0,416.474522895155,1,18.6026858436033,0,-18.6026858436033,0
63,72,0.0040665010070976,0.0415286588733794,0,40.0340554689278,1,40.0340554689278,0,-40.0340554689278,0
64,72,0.001219102467437,0.0286792238725264,0,432.346660932741,1,85.0757472569064,0,-85.0757472569064,0
69,73,0.0317690015383176,0.034867768434418,0,1503.88053849458,1,35.8661953337729,0,-35.8661953337729,0
71,73,0.0468454960165334,0.0602290667262162,0,377.48466420973,1,18.6026858436033,0,-18.6026858436033,0
73,74,0.0068643339116405,0.0313987175483762,0,159.774106783703,1,58.5089220249839,0,-58.5089220249839,0
74,75,9.2064505549013e-05,0.0015648011312585,0,3833.98912104178,1,759.424594511599,0,-759.424594511599,0
69,76,0.083996507162802,0.145807078921258,0,28.7736624051253,1,4.04004084760764,0,-4.04004084760764,0
73,76,0.0340020404381157,0.163737859037015,0,25.5350692950084,1,-4.04004084760764,0,4.04004084760764,0
68,77,0.008504938196643,1.37404033704865,0,61.0884090215312,1,0.0,0,0.0,0
66,78,0.0033508201069913,0.0550124578374017,0,30.4186076845403,1,4.34732362762315,0,-4.34732362762315,0
70,78,0.0211231140920972,0.109734076627314,0,108.452068025792,1,-8.48634628038417,0,8.48634628038417,0
74,79,0.424400062986152,0.24681861443447,0,9.00330070696022,1,1.91246218853145,0,-1.91246218853145,0
75,79,0.000602385299201,0.0009248662115857,0,977.975137495549,1,-774.508991778909,0,774.508991778909,0
74,80,0.0020739255614423,0.0339410992246572,0,560.507587712841,1,20.1204548404041,0,-20.1204548404041,0
75,80,0.0054238239110944,0.0251206105638784,0,1491.2436884196,1,-20.1204548404042,0,20.1204548404042,0
62,81,0.0035109920098077,0.0119557632280453,0,1692.06046444528,1,-123.06264790953,0,123.06264790953,0
65,81,0.0004598326799995,0.0102723783245173,0,1590.30098125595,1,497.916839050533,0,-497.916839050533,0
66,81,0.0033361229862821,0.0441046218698088,0,157.60356194032,1,-11.2982207432669,0,11.2982207432669,0
74,83,0.0001431711922902,0.0019615018335075,0,3592.35004731308,1,-669.116575426028,0,669.116575426028,0
78,85,0.0272983300620631,0.0070741243947577,0,141.376903086715,1,54.2167023106442,0,-54.2167023106442,0
84,85,0.0002865475778181,0.0074777931622191,0,1150.27510085288,1,198.105687166359,0,-198.105687166359,0
81,87,0.015905946271312,0.0670459673925649,0,943.317770270652,1,33.0546922281191,0,-33.0546922281191,0
82,87,0.0481857331766678,0.255599213866348,0,61.0884090215312,1,0.0,0,0.0,0
83,87,0.0001646498591945,0.0005437417509247,0,506.407823004695,1,-243.235097511717,0,243.235097511717,0
83,89,0.0001383065075717,0.0060383249726633,0,1115.59084370321,1,-329.654193841582,0,329.654193841582,0
88,89,0.0981395997053271,0.116022183086256,0,608.984592272027,1,21.5151614983256,0,-21.5151614983256,0
83,90,9.79510148875098e-05,0.001922099813445,0,378.448285119656,1,236.421989030782,0,-236.421989030782,0
83,91,0.0120590567578162,0.0656662561303247,0,2227.35300237746,1,-24.4336793661701,0,24.4336793661701,0
83,93,0.0059718076036374,0.0079170424238569,0,1106.38254930325,1,-308.21559373734,0,308.21559373734,0
84,93,0.0025880329397292,0.0552129762445331,0,19.729636013386,1,4.86628193378101,0,-4.86628193378101,0
86,93,0.482722378180896,1.49062374620648,0,61.0884090215312,1,0.0,0,0.0,0
88,93,0.0020285804827749,0.0066262722763321,0,1034.16987413098,1,308.867360235619,0,-308.867360235619,0
92,93,0.0063379101751127,0.0423256743404371,0,47.8407421929329,1,-5.51804843205982,0,5.51804843205982,0
92,95,0.0007249272819971,0.124712206292109,0,80.3697550342238,1,-7.39426161010265,0,7.39426161010265,0
75,96,1.15287264464567e-05,0.0011339747546699,0,2831.37426830182,1,-715.586549798009,0,715.586549798009,0
78,97,0.0512362118146257,0.113037541032886,0,76.3896230911347,1,6.62321361158842,0,-6.62321361158842,0
84,97,0.0038511303897624,0.0120094297943521,0,397.457537520831,1,153.756628622632,0,-153.756628622632,0
91,97,0.0003299989035719,0.0063170602231113,0,1188.80650559945,1,117.485003781958,0,-117.485003781958,0
88,98,0.0005833719369655,0.0457053406677127,0,1079.68634618989,1,17.9337819017997,0,-17.9337819017997,0
91,98,0.0032101564244469,0.0145340786216685,0,262.351950545724,1,-141.918683148128,0,141.918683148128,0
95,98,0.0163175327497287,0.0034747319186109,0,337.648468218941,1,-154.938587826181,0,154.938587826181,0
95,99,0.0384309813479651,0.0677446689446048,0,2611.83188329167,1,34.0672372207095,0,-34.0672372207095,0
62,100,0.000296005310179,0.0156797373701826,0,637.156726815523,1,102.499526594204,0,-102.499526594204,0
74,100,0.0044101206931715,0.0519105643076177,0,110.255110553434,1,-11.2200811956933,0,11.2200811956933,0
94,100,0.0453403853938306,0.19214680655939,0,83.3272025472838,1,6.6474330608509,0,-6.6474330608509,0
92,101,0.008788838877391,0.064819409692567,0,222.884032704864,1,12.9123100421625,0,-12.9123100421625,0
94,101,0.0190387128903227,0.0636897736826212,0,197.719508801553,1,-12.9123100421625,0,12.9123100421625,0
100,102,0.0004834352848591,0.0280300274656365,0,661.024952385096,1,97.9268784593619,0,-97.9268784593619,0
79,104,0.0005202838055971,0.0071323760018045,0,3539.64002646542,1,-366.801124182979,0,366.801124182979,0
81,104,0.0005386592490976,0.0090015219680061,0,413.474519425938,1,168.502840075117,0,-168.502840075117,0
95,104,0.0023689406104611,0.0115840468389156,0,900.267152892661,1,198.298284107862,0,-198.298284107862,0
85,105,0.0005942214493703,0.0082982042555722,0,493.52192044874,1,252.322389477003,0,-252.322389477003,0
97,105,0.0011467574425541,0.0062213218654623,0,840.789086564603,1,277.864846016179,0,-277.864846016179,0
102,106,0.0061920313988506,0.0152482827572031,0,473.159987200209,1,-159.721323325653,0,159.721323325653,0
79,107,0.0087977003883973,0.0242633716912784,0,252.247181924773,1,-73.5760560278826,0,73.5760560278826,0
99,107,0.0007867875096892,0.0014250520005553,0,2658.92994859512,1,575.546186428931,0,-575.546186428931,0
103,107,0.0002202718877156,0.0026782120648254,0,503.236701947624,1,240.814457429538,0,-240.814457429538,0
105,107,0.0007376748174081,0.001156510254929,0,1824.66016530276,1,-749.735484946229,0,749.735484946229,0
99,108,0.0003338323269428,0.0019766307015762,0,1766.01090818684,1,-541.47894920822,0,541.47894920822,0
103,108,7.6210539961649e-05,0.0074852475149605,0,526.547176881101,1,-166.398635700845,0,166.398635700845,0
66,109,0.030651757316719,0.0988713275543392,0,74.111504692452,1,6.9508971156437,0,-6.9508971156437,0
107,109,0.05481602137608,0.167200601396616,0,87.3673138299806,1,-6.9508971156437,0,6.9508971156437,0
81,110,0.001493301285625,0.0018597088158099,0,2073.19265181134,1,521.691022187125,0,-521.691022187125,0
106,110,0.0271346887769421,0.0260798129585474,0,491.474453654345,1,-92.7037836259063,0,92.7037836259063,0
102,111,0.001608400255622,0.0437298634991403,0,839.379554915916,1,-30.2083314405011,0,30.2083314405011,0
78,112,0.0299466778653388,0.366221173639238,0,49.7499626315253,1,5.06516595060972,0,-5.06516595060972,0
79,112,0.0003043123616491,0.0046370382233275,0,1504.98576865626,1,-332.219349379517,0,332.219349379517,0
103,112,0.0003552105534941,0.0023422577930821,0,575.908660692119,1,379.822221653292,0,-379.822221653292,0
106,112,0.0001218723457159,0.0107069356114768,0,372.214336914116,1,-74.2938062677368,0,74.2938062677368,0
72,113,0.0003774083894101,0.0150785279718837,0,267.27475624174,1,125.109802725834,0,-125.109802725834,0
110,113,0.0004870771099754,0.0089935349204108,0,1002.86740515707,1,687.493173703053,0,-687.493173703053,0
62,114,0.0074011665260503,0.174757822926976,0,42.4103396573834,1,-5.48569258464882,0,5.48569258464882,0
106,114,0.0122008009118968,0.150088373630881,0,504.984321166015,1,-19.1570504347793,0,19.1570504347793,0
111,114,0.0719235784179662,0.132073505654337,0,5628.33949669086,1,-30.2083314405011,0,30.2083314405011,0
105,115,0.0004283022888573,0.0042260650420172,0,1454.77638825083,1,329.089350446061,0,-329.089350446061,0
94,116,0.0013363713041905,0.0764689828620824,0,48.4066289277162,1,6.2648769813116,0,-6.2648769813116,0
64,117,0.0013007439447849,0.0430817571961751,0,113.095262051199,1,-52.1781251242367,0,52.1781251242367,0
67,117,0.0097659705949749,0.0923373124129483,0,1200.39395470007,1,19.9999441681722,0,-19.9999441681722,0
116,117,0.014179409163143,0.0291716373008791,0,155.564095326039,1,-58.3229311944248,0,58.3229311944248,0
62,118,0.215859336796253,0.631578327546589,0,10.3151254059592,1,-2.06675085099082,0,2.06675085099082,0
62,119,0.0202239729668387,0.196451830950308,0,7.25170915406261,1,1.73460339835567,0,-1.73460339835567,0
116,119,0.0136119829059166,0.0023239823409642,0,2093.92396686928,1,-201.458234768029,0,201.458234768029,0
117,119,0.0238108201920733,0.145417038156237,0,95.8392216769911,1,8.48036812412726,0,-8.48036812412726,0
118,119,0.0291458559751145,0.085940131432452,0,501.977217929122,1,19.1538112877762,0,-19.1538112877762,0
67,120,0.0333184988124104,0.0020431049513337,0,185.689995752388,1,-64.1375713976439,0,64.1375713976439,0
68,120,4.78300480336351e-05,0.0014504137811546,0,1681.86121610568,1,707.142180529777,0,-707.142180529777,0
69,120,0.005501989946875,0.0138001668553297,0,385.665804910907,1,-142.906386461397,0,142.906386461397,0
112,120,0.0471415685390763,0.184563559825115,0,977.35885187553,1,-21.6257680433525,0,21.6257680433525,0
114,120,0.0014903116041975,0.0102670927688955,0,981.470272549638,1,-186.180960256229,0,186.180960256229,0
117,120,0.0038292534356807,0.0199813225373058,0,686.328057593022,1,-98.9814802746166,0,98.9814802746166,0
118,120,0.0180872854853753,0.0737440331662813,0,740.398125209141,1,-21.220562138767,0,21.220562138767,0
119,120,0.0055269328428265,0.0186587316139526,0,601.505538623673,1,-172.08945195777,0,172.08945195777,0
125,127,0.415749512929934,0.98031903129634,0,16.1372431839949,1,-2.88681486388878,0,2.88681486388878,0
125,128,0.0113986216062525,0.0458573565864268,0,10694.8091555695,1,-34.930360594381,0,34.930360594381,0
122,129,0.118105143381174,0.732128060815282,0,4.35168708677393,1,1.21499632271324,0,-1.21499632271324,0
128,129,0.022153665995965,0.246471226110382,0,9.28932279688127,1,-1.73401194582046,0,1.73401194582046,0
125,130,0.0327387667173277,0.233168796165239,0,102.14993623763,1,-9.41873630396231,0,9.41873630396231,0
126,130,0.0001205520695355,0.0101014150772204,0,234.121848824965,1,212.772815059879,0,-212.772815059879,0
122,132,0.123846542468995,0.120530631923167,0,61.0884090215312,1,0.519015623107219,0,-0.519015623107219,0
129,132,0.320636715643133,1.59335400284048,0,61.0884090215312,1,-0.51901562310722,0,0.51901562310722,0
130,133,0.0063578160732646,0.0786495797239556,0,22.6443750426342,1,22.6443750426342,0,-22.6443750426342,0
125,135,0.001923753563749,0.065314900416989,0,54.9782310427869,1,-54.9782310427869,0,54.9782310427869,0
127,135,0.0123782791402835,0.158428145258406,0,24.5029808028407,1,-4.80279645716641,0,4.80279645716641,0
130,135,0.0323321799996447,0.0372985218715576,0,2138.25078282799,1,-37.39403628573,0,37.39403628573,0
131,135,0.0177822411319488,0.0261672963109595,0,265.092954701491,1,61.3077122733964,0,-61.3077122733964,0
128,138,0.0112745594005035,0.054261375102943,0,787.639437759182,1,-33.1963486485605,0,33.1963486485605,0
131,138,0.0923558575725074,0.21087383306421,0,90.8525284698742,1,8.49826270661361,0,-8.49826270661361,0
133,139,0.0007121097076992,0.0255309788700642,0,289.662402218875,1,57.7608282242893,0,-57.7608282242893,0
123,140,0.001367783727561,0.0094767473160188,0,420.972005198231,1,-235.951554588898,0,235.951554588898,0
134,140,0.0006717314830632,0.0028788834110085,0,433.815353574687,1,235.951554588898,0,-235.951554588898,0
131,141,0.0001074288526851,0.0281967116811215,0,283.216234100242,1,-69.8059749800099,0,69.8059749800099,0
134,141,0.0010350086908029,0.0084386140566619,0,605.616921963568,1,181.486773013449,0,-181.486773013449,0
137,141,0.0033760434984942,0.0530059146020369,0,809.152001559738,1,-31.6607431828276,0,31.6607431828276,0
133,143,0.0367184848686132,0.119460470600232,0,100.609692801506,1,4.94935921665167,0,-4.94935921665167,0
136,143,0.0126616807435949,0.581780365989454,0,8.7752170344708,1,0.0926725821706647,0,-0.0926725821706647,0
139,143,0.0372593935925933,0.175214623582357,0,54.3193365748889,1,-5.04203179882234,0,5.04203179882234,0
136,144,0.0029080860242409,0.0107065022287677,0,2105.37005605919,1,-359.019049344313,0,359.019049344313,0
137,144,0.0012954486625525,0.0049121674131167,0,1612.54611496327,1,359.019049344313,0,-359.019049344313,0
136,145,0.0003012008703757,0.0052761287530454,0,2079.95160699616,1,358.926376762143,0,-358.926376762143,0
139,145,0.0050102240879437,0.0354812078317543,0,84.8104835044695,1,26.9548034752033,0,-26.9548034752033,0
138,146,0.0050708788946873,0.115541593677701,0,585.975383806407,1,-24.6980859419469,0,24.6980859419469,0
141,148,0.0069937031075258,0.0638447288913821,0,6396.55584651512,1,31.614709935914,0,-31.614709935914,0
142,149,0.0022664950912525,0.0001698639588319,0,608.71309612198,1,-252.283794195476,0,252.283794195476,0
146,150,0.033719970709074,0.0460861860336862,0,20834.5532059123,1,-27.3968629155698,0,27.3968629155698,0
147,152,0.0005232964617519,0.0109630250600116,0,1044.774449623,1,-182.867042942395,0,182.867042942395,0
151,153,0.0392748125084958,0.0161933844512217,0,4729.25569350943,1,-38.8226180582869,0,38.8226180582869,0
152,153,0.004071046698453,0.0914454062018838,0,191.398465050857,1,-9.85814213587409,0,9.85814213587409,0
146,154,0.0703949421179456,0.532984502855885,0,15.6458272528496,1,2.69877697362294,0,-2.69877697362294,0
148,154,0.0539736441050749,1.44833767697282,0,61.0884090215312,1,0.225553539689591,0,-0.225553539689591,0
152,154,0.0182670101485389,0.129700611768542,0,57.0215513590953,1,3.66051179402933,0,-3.66051179402933,0
148,155,0.000361457881486,0.0265617297422664,0,666.417527350139,1,97.5202477870668,0,-97.5202477870668,0
149,156,0.0401302248038118,0.573916604741967,0,61.0884090215312,1,-1.70997490014686,0,1.70997490014686,0
150,157,0.0004833515047572,0.145549356367077,0,102.875616841289,1,14.3778609703164,0,-14.3778609703164,0
153,157,0.0175894274864193,0.0052944964845061,0,407.542376310861,1,145.040726502117,0,-145.040726502117,0
155,157,0.0169832666657685,0.0329523263338655,0,390.27380420248,1,-87.1551089237412,0,87.1551089237412,0
148,158,0.0063712216071842,0.0851796957068,0,226.934386357792,1,14.6011707326443,0,-14.6011707326443,0
149,158,0.0028377235780864,0.0326605131896871,0,185.25059635771,1,-50.2098856186558,0,50.2098856186558,0
151,158,0.0145352337936979,0.0428777997203881,0,1800.94386158118,1,38.8226180582869,0,-38.8226180582869,0
155,158,0.0760019473342111,0.13172077164141,0,165.272847979122,1,-10.22301319199,0,10.22301319199,0
137,159,0.13236739378601,0.227348398345456,0,14.5901143577258,1,2.87796102848946,0,-2.87796102848946,0
141,159,0.000889892094932,0.031448896280253,0,276.159046988582,1,74.1681507334267,0,-74.1681507334267,0
149,159,0.0003102404390242,0.0128243140840971,0,1229.26928135765,1,-200.363933676674,0,200.363933676674,0
137,160,0.0470002256277048,0.0235450523394503,0,1224.56182072756,1,15.333963471095,0,-15.333963471095,0
150,160,0.0006302339125618,0.0132026970937145,0,1273.4100629496,1,181.414339434551,0,-181.414339434551,0
155,161,0.0001887178987671,0.0081390678894736,0,726.132053433212,1,273.571549403794,0,-273.571549403794,0
160,162,0.0116670550740859,0.0183890949328578,0,198.999204305397,1,69.5581615742312,0,-69.5581615742312,0
123,163,0.0016245364898942,0.0343405943999271,0,650.776650876102,1,80.9356127081537,0,-80.9356127081537,0
124,163,0.0014745163038657,0.0035379388809556,0,534.796129659083,1,-376.664461856281,0,376.664461856281,0
156,163,0.036329576326713,0.0024352493882396,0,285.361255323836,1,99.6025238270544,0,-99.6025238270544,0
160,163,0.0005257837073689,0.0108295756180515,0,1638.0869621444,1,196.126325321073,0,-196.126325321073,0
154,164,0.0224636160303737,0.105829614753279,0,117.259828785472,1,6.58484230734187,0,-6.58484230734187,0
156,164,0.0072956914279846,0.0829087865783167,0,287.054257819582,1,-10.598055339407,0,10.598055339407,0
159,164,0.0110774932846654,0.116264337926929,0,149.520374735184,1,6.10225914565831,0,-6.10225914565831,0
162,164,0.0187803020998619,0.13229753880835,0,19.1228349121771,1,-2.08904611359314,0,2.08904611359314,0
162,166,0.0244034399424433,0.0861786225533775,0,1342.95304262291,1,-24.6131439997123,0,24.6131439997123,0
159,167,0.0009335809325503,0.0129670257502902,0,606.877022411936,1,-160.156779807494,0,160.156779807494,0
166,167,0.0020955775332019,0.0024262510282483,0,701.382245378685,1,-388.039411007661,0,388.039411007661,0
166,168,0.0009344065973756,0.0170719579114243,0,182.660138235572,1,123.44677160332,0,-123.44677160332,0
165,169,0.0127642305906162,0.0428066834343077,0,848.122398569841,1,23.5200318595238,0,-23.5200318595238,0
166,169,0.0064883806076923,0.159574956444235,0,173.289729514581,1,7.93336580096196,0,-7.93336580096196,0
165,170,0.0026140027211132,0.0185335493308238,0,800.621995503189,1,-105.437141893238,0,105.437141893238,0
161,171,0.0023609237868799,0.032450642593072,0,250.054281642178,1,-83.157048318978,0,83.157048318978,0
165,171,0.0005664410229246,0.0327217897847227,0,240.22206020127,1,81.9171100337143,0,-81.9171100337143,0
122,172,0.0446810886868915,0.692987965927302,0,7.60198587756105,1,-1.73401194582047,0,1.73401194582047,0
156,172,0.0380777539733066,0.131793752271763,0,224.509274805079,1,-6.65873873394139,0,6.65873873394139,0
159,172,0.0010792938646701,0.0231178654029236,0,1302.08882884746,1,30.736698747077,0,-30.736698747077,0
171,172,0.251386681903699,0.882127343602086,0,2.6128710324941,1,-1.23993828526368,0,1.23993828526368,0
167,173,0.0015182811354957,0.0043545750350761,0,3305.35236362664,1,-345.827641151501,0,345.827641151501,0
170,173,0.0026806381494814,0.0071363932333023,0,984.576928229094,1,-105.437141893238,0,105.437141893238,0
121,174,0.0195082736640253,0.129042819094995,0,47.5606131137437,1,4.43168217475073,0,-4.43168217475073,0
123,175,0.0019531324134644,0.0156400467273857,0,281.480806875681,1,155.015941880745,0,-155.015941880745,0
166,175,0.0001898376755669,0.0109383493664586,0,446.924029948858,1,238.70691265407,0,-238.70691265407,0
172,175,0.0243595751556862,0.0362593024855154,0,358.392217433743,1,21.1040097820515,0,-21.1040097820515,0
174,175,0.0311972958971635,0.0571817661498641,0,120.757664482259,1,-51.208242098762,0,51.208242098762,0
137,176,0.0021368799804429,0.0068183858620209,0,422.021562253837,1,-345.57023066107,0,345.57023066107,0
141,176,0.0007452886668027,0.0263179612678627,0,2603.81081645335,1,-25.7628058187295,0,25.7628058187295,0
124,177,0.0040025686009313,0.040190853480864,0,3062.24998200311,1,-28.3558721188778,0,28.3558721188778,0
168,177,0.0161154220826429,0.0370812482972516,0,7903.68706369244,1,28.3558721188778,0,-28.3558721188778,0
121,178,0.0033183593632319,0.12933113406091,0,39.1750352728617,1,-4.43168217475074,0,4.43168217475074,0
126,178,0.0010147281622493,0.0402844872094257,0,169.175112048198,1,68.8464694780613,0,-68.8464694780613,0
127,178,0.207008878195749,0.656573292225209,0,4.67593910959525,1,1.91598159327763,0,-1.91598159327763,0
169,178,0.0028004182019019,0.0241331071093966,0,624.761139167171,1,129.624402381753,0,-129.624402381753,0
130,180,0.0040994094403848,0.0075828706202555,0,329.516615417481,1,222.955736015797,0,-222.955736015797,0
174,180,0.0241694890959325,0.181974953649325,0,61.0884090215312,1,-0.431515094957479,0,0.431515094957479,0
179,180,0.0001315283604604,0.0110660899628424,0,851.337499955522,1,-182.352727222734,0,182.352727222734,0
183,184,2.60693716556705e-05,0.0017573159973545,0,1991.21647215303,1,-616.573451106728,0,616.573451106728,0
182,186,0.0139765083108701,0.0032336269325192,0,702.208452075892,1,160.331509128299,0,-160.331509128299,0
182,187,0.0019609056547529,0.0110427405097479,0,1153.37165316249,1,-411.642610399487,0,411.642610399487,0
187,188,0.0016720762738471,0.0223272627062042,0,1007.81950325684,1,114.885284950559,0,-114.885284950559,0
183,191,0.0055541809967568,0.0303000031905195,0,166.3418942848,1,67.5598741709403,0,-67.5598741709403,0
185,194,0.002650680722725,0.0193559357197606,0,233.341088780922,1,124.027155148633,0,-124.027155148633,0
189,195,0.0016164436951836,0.0119097839828336,0,909.133103953761,1,-180.654431987366,0,180.654431987366,0
193,195,0.005936332655413,0.0003099115539416,0,1026.47256070303,1,312.751771185108,0,-312.751771185108,0
193,196,0.0121837501559306,0.0946550026849994,0,285.055352815326,1,11.9502547415642,0,-11.9502547415642,0
191,197,0.129119421683389,0.7627360137436,0,9.44883853398673,1,1.58519936609563,0,-1.58519936609563,0
190,198,0.000401639570838,0.0010360439402286,0,747.397114819396,1,727.326401223507,0,-727.326401223507,0
197,198,0.0004332168683892,0.0027593952345324,0,1011.3132233492,1,-340.064392952203,0,340.064392952203,0
187,199,0.0033997174076953,0.0015802874247419,0,1863.49094570209,1,-197.615277246394,0,197.615277246394,0
192,200,0.0031562984926452,0.0252464700905031,0,1761.98365535261,1,117.242971080617,0,-117.242971080617,0
191,201,0.0250017115441862,0.0307637321102017,0,145.965016488452,1,65.9746748048447,0,-65.9746748048447,0
192,201,0.000914295384159,0.0576253129347247,0,16688.3079747299,1,32.0676043689826,0,-32.0676043689826,0
193,201,0.0002708845574017,0.0066841494961602,0,784.296363835459,1,-287.689010198742,0,287.689010198742,0
198,201,0.0002891452189607,0.0045419137536039,0,1516.43302427924,1,387.262008271308,0,-387.262008271308,0
199,201,0.0033663906156393,0.0147717356723904,0,1296.03571820936,1,-197.615277246394,0,197.615277246394,0
192,202,0.0027963957394696,0.0751792228547964,0,2556.77306535894,1,37.0130157279348,0,-37.0130157279348,0
193,202,0.043565393486542,0.0267001299955135,0,5279.5718646396,1,-37.0130157279348,0,37.0130157279348,0
200,203,0.0091255688230549,0.0426595090947449,0,230.00580850452,1,51.0926095175753,0,-51.0926095175753,0
195,204,0.0002971829783434,0.0382492767621407,0,209.465695181865,1,65.0863392568751,0,-65.0863392568751,0
196,205,0.0004867692484639,0.0947685568123168,0,268.078665121071,1,11.9502547415642,0,-11.9502547415642,0
205,206,0.0614357832729892,0.0400358853670913,0,260.620396870911,1,11.9502547415642,0,-11.9502547415642,0
197,207,0.0025923696522423,0.0056783254825336,0,884.541012517506,1,341.649592318298,0,-341.649592318298,0
203,207,0.0017517502672028,0.0140066373006895,0,388.989389008649,1,-155.083051680956,0,155.083051680956,0
200,208,0.0105306994241702,0.0430008292229899,0,116.040186349551,1,66.1503615630422,0,-66.1503615630422,0
206,208,0.0056310823918885,0.0896023175486984,0,794.983537514422,1,-7.90681942666179,0,7.90681942666179,0
203,209,0.0065728527151248,0.0581021554978596,0,2557.65946095422,1,26.8721777489136,0,-26.8721777489136,0
206,209,0.0490680960899286,0.0998381584656723,0,139.618243932684,1,1.88231982371737,0,-1.88231982371737,0
206,210,0.242091452914936,0.121181377452457,0,40.3590844606692,1,-0.734572353423046,0,0.734572353423046,0
209,210,0.0049734480689604,0.122080868313483,0,16.6254794156168,1,-2.26852772506928,0,2.26852772506928,0
203,211,0.0111419351313118,0.0049933370705901,0,647.606675665691,1,180.171689717697,0,-180.171689717697,0
195,212,0.383143727772689,0.725710435494941,0,5.01938525134924,1,0.868206268078986,0,-0.868206268078986,0
203,212,0.405415020554799,0.739113504448974,0,5.12854421374216,1,-0.868206268078986,0,0.868206268078986,0
209,213,0.0040701247572366,0.0427431693911648,0,84.6375395834107,1,31.0230252977002,0,-31.0230252977002,0
210,213,0.0082729648002206,0.0220498950261476,0,732.508078166493,1,72.6972286214877,0,-72.6972286214877,0
213,214,0.122100892707945,0.128646402107395,0,5.65407313110086,1,4.57552480796703,0,-4.57552480796703,0
185,215,0.0002929011443963,0.0037372237141723,0,439.589362395526,1,439.589362395526,0,-439.589362395526,0
207,215,0.0458180471690253,0.00742462009289,0,146.997369104923,1,21.7767132698217,0,-21.7767132698217,0
213,216,0.0148958118896434,0.0107274778263518,0,394.995142313657,1,-199.748780886306,0,199.748780886306,0
213,217,0.0557962041659578,0.0550711431028925,0,2530.28259712591,1,23.9144634057134,0,-23.9144634057134,0
210,218,0.0924770308406344,0.0938870511174364,0,153.778379654741,1,9.67323799341133,0,-9.67323799341133,0
214,218,0.0051247597282895,0.132675250522045,0,167.826076982506,1,-9.67323799341133,0,9.67323799341133,0
215,219,0.0487599957134759,0.144472895616791,0,614.496634630965,1,7.8951832526485,0,-7.8951832526485,0
216,219,0.0272388132208734,0.0092823757765409,0,657.652174054337,1,-173.923308436253,0,173.923308436253,0
207,221,0.0147654682070964,0.0248849729048115,0,641.437781765485,1,62.4839517836023,0,-62.4839517836023,0
216,221,0.0157200598613967,0.0527321956860003,0,59.656749267181,1,-25.8254724500527,0,25.8254724500527,0
219,221,0.0001969164372943,0.161804198145654,0,151.44607961909,1,1.56106974466489,0,-1.56106974466489,0
207,223,0.0050868020338306,0.0157556302380976,0,1157.86620611719,1,102.305875583918,0,-102.305875583918,0
210,223,0.0030643815384154,0.0397762801018689,0,122.213857378454,1,-46.3765369821842,0,46.3765369821842,0
215,223,0.0156524950362113,0.0543144449457667,0,984.701675688852,1,26.7002585671796,0,-26.7002585671796,0
214,224,0.130209172947017,0.0842368963285304,0,123.208821500969,1,14.2487628013784,0,-14.2487628013784,0
220,224,0.0522452075932541,0.0448795591104039,0,172.590501143346,1,8.02970946808307,0,-8.02970946808307,0
210,225,0.0613615015556929,0.0571595678640792,0,1445.67908314426,1,-21.2357724400492,0,21.2357724400492,0
215,225,0.0007873376900148,0.0063331424894055,0,1237.85960386499,1,328.599629124254,0,-328.599629124254,0
220,227,0.169572502246343,0.120315482821899,0,91.6435950358106,1,-6.677723253351,0,6.677723253351,0
226,227,0.0461086114715183,0.20279353225782,0,91.2950619119399,1,6.677723253351,0,-6.677723253351,0
220,228,0.0018399892522371,0.335912641455742,0,19.1014866591515,1,-1.35198621473206,0,1.35198621473206,0
187,229,0.0099684306067231,0.0030464777830982,0,328.912618103653,1,-328.912618103653,0,328.912618103653,0
208,229,0.0080594419294215,0.160149848595467,0,180.610558423705,1,-10.7849070566869,0,10.7849070566869,0
222,230,0.0610173408877987,0.110219862101432,0,93.218082336913,1,9.76435135292994,0,-9.76435135292994,0
181,231,0.008385110509603,0.0407125956285976,0,3607.75812572159,1,29.1714109312105,0,-29.1714109312105,0
222,231,0.014109049453502,0.172334899694052,0,113.249681104797,1,-9.76435135292994,0,9.76435135292994,0
229,231,0.137797513293923,0.63696675847713,0,10.8670939833584,1,1.37149636747818,0,-1.37149636747818,0
182,232,0.0525747015825329,0.0921469883769084,0,215.26916819838,1,-13.20431106391,0,13.20431106391,0
230,232,0.0122117523628597,0.075271384390516,0,103.673527233993,1,9.27827293843098,0,-9.27827293843098,0
226,233,0.0170151577799812,0.0953681195902471,0,300.607773880976,1,-11.1686337731189,0,11.1686337731189,0
230,233,0.0161772379542849,0.153713925904441,0,77.7067465391588,1,-9.60992217263978,0,9.60992217263978,0
231,233,0.032455215032774,0.061687881928271,0,2380.51367151316,1,20.7785559457587,0,-20.7785559457587,0
181,234,8.64016501479325e-05,0.0545361035910447,0,1052.64218423039,1,-29.1714109312105,0,29.1714109312105,0
183,234,0.000494981774948,0.0080164408562546,0,1240.39792574119,1,549.013576935791,0,-549.013576935791,0
229,234,0.0063543028494089,0.0053280682438659,0,590.233137236254,1,-357.529457761136,0,357.529457761136,0
226,235,0.0252655558933616,0.319310393385507,0,76.8330238696365,1,8.70174530746621,0,-8.70174530746621,0
228,235,0.142394286276277,1.14801837301657,0,61.0884090215312,1,0.93646096593371,0,-0.93646096593371,0
230,235,0.0417545235653725,0.160694240586493,0,364.760261201981,1,14.7267907373173,0,-14.7267907373173,0
182,236,0.110891501952369,0.242778689579938,0,61.0884090215312,1,0.0,0,0.0,0
223,237,0.0013783961923735,0.0316109566902622,0,374.28956051971,1,82.6295971689137,0,-82.6295971689137,0
228,238,0.0588768440069872,0.297503683692254,0,25.2580471801403,1,-2.28844718066577,0,2.28844718066577,0
230,238,0.0558705401665585,0.266824857606633,0,26.2145339947108,1,2.28844718066577,0,-2.28844718066577,0
210,239,0.0011024409255351,0.0705593376408273,0,864.928663838387,1,-17.7612572711579,0,17.7612572711579,0
221,239,0.0463000997822139,0.498489536483846,0,3.6826311145528,1,1.30082103784012,0,-1.30082103784012,0
229,239,0.0153993480874082,0.0664278591081198,0,1001.45562026794,1,16.4604362333178,0,-16.4604362333178,0
185,240,0.0003284479846165,0.0021800463712199,0,1320.96394322872,1,-563.616517544158,0,563.616517544158,0
241,243,0.0004067575963454,0.0881526047575813,0,345.961243052953,1,37.1212929460737,0,-37.1212929460737,0
242,246,0.0384546542418201,0.513557288621743,0,18.3925714050575,1,1.22375514214687,0,-1.22375514214687,0
243,246,0.0200940994715953,0.268369933075881,0,115.630021316646,1,8.52929179993811,0,-8.52929179993811,0
242,250,0.0011818971049891,0.0087260942045276,0,258.169340079815,1,205.403565675339,0,-205.403565675339,0
244,250,0.0015439692990827,0.0715456539299787,0,201.908866076132,1,-10.6778875633583,0,10.6778875633583,0
245,250,0.0011512665190561,0.0105687699342302,0,1474.62297154607,1,-194.72567811198,0,194.72567811198,0
249,253,0.0054394260713885,0.0219489741807219,0,320.349140569602,1,-69.2820682678325,0,69.2820682678325,0
248,254,0.0005542287628863,0.0071001670705717,0,2163.60919232383,1,713.431888112415,0,-713.431888112415,0
247,255,0.0023793556410365,0.0026079655462249,0,670.773880982811,1,-378.206554860733,0,378.206554860733,0
253,256,0.008067621547935,0.0246246002158339,0,365.004741371032,1,-69.2820682678325,0,69.2820682678325,0
246,257,0.0258526497785841,0.181925503728249,0,2172.16848735772,1,24.9038023411906,0,-24.9038023411906,0
249,257,0.159100942489845,0.33288629297204,0,52.4421322002349,1,5.71426340849325,0,-5.71426340849325,0
251,257,0.0012327941168661,0.0076022244673719,0,787.277674013555,1,282.03403767656,0,-282.03403767656,0
254,257,0.0005466624254046,0.0079042259313258,0,1401.93026270229,1,-312.652103426244,0,312.652103426244,0
249,259,0.0006706475146933,0.0028728316102162,0,1183.16384205434,1,313.478056040227,0,-313.478056040227,0
252,259,0.0019555683669055,0.0089865227464089,0,1204.17439226195,1,-313.478056040227,0,313.478056040227,0
255,260,0.0007301120095112,0.0343035417079193,0,349.281667324263,1,69.2820682678325,0,-69.2820682678325,0
256,260,0.0236383050158746,0.0100487262701838,0,412.792727209688,1,-69.2820682678325,0,69.2820682678325,0
252,261,0.0044716023208196,0.014438870337305,0,565.656457677691,1,91.4766611191628,0,-91.4766611191628,0
254,261,9.41488213941551e-05,0.0006480894131236,0,1459.91018303214,1,1026.08399153866,0,-1026.08399153866,0
242,263,0.0003378115493489,0.0034880117083732,0,944.586128813659,1,-178.116095318369,0,178.116095318369,0
264,265,0.0561581516425013,0.24574493484109,0,49.7969934323295,1,9.81510752867488,0,-9.81510752867488,0
258,266,0.000195345171494,0.0020378495450826,0,1464.01666172804,1,605.724862705372,0,-605.724862705372,0
262,266,0.0222748019854641,0.0983979329266941,0,241.801674757966,1,-28.8068300451583,0,28.8068300451583,0
264,266,0.0136963150501682,0.103115985663686,0,182.355925182461,1,-19.53513086714,0,19.53513086714,0
261,269,7.35540050640995e-06,0.0006070988797511,0,2044.42245466222,1,1117.56065265782,0,-1117.56065265782,0
262,272,0.0746849671217856,0.0684645142829185,0,212.824730167773,1,28.8068300451583,0,-28.8068300451583,0
263,272,0.186391159347713,0.336861898079354,0,139.867837729709,1,-6.51883991291179,0,6.51883991291179,0
265,272,0.0188572221815257,0.0387546363652654,0,164.47211495812,1,9.81510752867488,0,-9.81510752867488,0
267,272,0.0120514445546167,0.112404125798729,0,303.793207722971,1,-12.0488474247524,0,12.0488474247524,0
272,274,0.0143315695827685,0.0403537744797556,0,78.8904117389904,1,20.054250236169,0,-20.054250236169,0
270,275,0.0005098216821903,0.0013761300531993,0,4289.15199973388,1,-639.195559195113,0,639.195559195113,0
271,275,0.0152037990770975,0.0827375854065106,0,1226.62629809475,1,20.425302198684,0,-20.425302198684,0
274,275,0.0673520211263808,0.120554662933021,0,254.972247461694,1,21.1101272316574,0,-21.1101272316574,0
273,276,0.0027228240643254,0.349728175152738,0,61.0884090215312,1,-2.24658027799131,0,2.24658027799131,0
274,276,0.0603746098482433,0.410695912176964,0,2.24658027799131,1,2.24658027799131,0,-2.24658027799131,0
268,277,0.0020261326002769,0.0020985150182497,0,651.890066435985,1,502.921443274496,0,-502.921443274496,0
271,277,0.0002989567042894,0.0069943024361456,0,444.541554741716,1,-175.532978308717,0,175.532978308717,0
242,278,0.0235745697416247,0.0950466071444164,0,34.7451042514958,1,-2.14706801335938,0,2.14706801335938,0
263,278,0.0220586451374619,0.0603250850968203,0,23.6061190452012,1,6.91585424657914,0,-6.91585424657914,0
273,278,0.0593070460859631,0.396889653175265,0,13.4219026706253,1,0.240696205157619,0,-0.240696205157619,0
275,278,0.007910447756723,0.147927593541106,0,9.1097836103235,1,-5.00948243837737,0,5.00948243837737,0
274,279,0.0003457844739058,0.0327570584115113,0,278.600847032046,1,-3.11572546266612,0,3.11572546266612,0
267,280,0.20312230683675,0.703663504198574,0,61.0884090215312,1,-0.542238249223884,0,0.542238249223884,0
274,280,0.0963226532817366,0.31638062061749,0,61.0884090215312,1,0.51685278128628,0,-0.51685278128628,0
275,280,0.0407688857554131,0.0567322811830321,0,1308.55130964092,1,-41.9761380913178,0,41.9761380913178,0
273,281,0.223952378825237,0.0732731503650295,0,5.30565363681971,1,2.0058840728337,0,-2.0058840728337,0
274,282,0.0020147286452053,0.0623907872924132,0,885.652864734503,1,-0.703584592099904,0,0.703584592099904,0
277,282,0.0039123523982721,0.0010542446423055,0,703.079229455912,1,311.928977597867,0,-311.928977597867,0
281,282,0.001057014231422,0.0062785379377007,0,1012.81570088799,1,-302.49532904972,0,302.49532904972,0
279,283,0.007955770502273,0.0340333250458949,0,114.165099440142,1,-41.4939333334479,0,41.4939333334479,0
279,284,0.0140549300548247,0.0503109915804528,0,35008.7521483887,1,-10.0357397546093,0,10.0357397546093,0
275,285,0.0005015532424638,0.0198933569760547,0,336.206016027881,1,-110.287589709462,0,110.287589709462,0
277,285,0.0045835616848224,0.0065617585143843,0,337.863830832504,1,110.287589709462,0,-110.287589709462,0
277,286,0.0007875698115231,0.0017037404165654,0,1878.60877718632,1,-226.020169930516,0,226.020169930516,0
251,287,0.0950462006088729,0.250301440424285,0,1240.32512806891,1,-27.5536073782073,0,27.5536073782073,0
264,287,0.126235742240557,0.616942948054787,0,18.507077636135,1,2.80078600762081,0,-2.80078600762081,0
266,287,0.0131334843499939,0.038647852291056,0,246.446675376527,1,96.8309809989744,0,-96.8309809989744,0
280,287,0.0049194297533631,0.0282645341174874,0,81.0540214569626,1,-72.078159628388,0,72.078159628388,0
243,288,5.26243435310263e-05,0.0576920459228552,0,113.423484677375,1,28.5920011461355,0,-28.5920011461355,0
267,288,0.0147291392477523,0.115309643230475,0,296.234133355757,1,12.5910856739763,0,-12.5910856739763,0
280,288,0.0286126033797144,0.0600553585760345,0,1017.21077155926,1,30.5289470745342,0,-30.5289470745342,0
282,288,0.018447058091947,0.0343697799059816,0,505.696401053835,1,59.3790902773253,0,-59.3790902773253,0
266,289,0.0001641288037136,0.0277042840955349,0,181.097052176288,1,180.462029274383,0,-180.462029274383,0
266,290,0.0019508257191848,0.0202887495132355,0,614.686633963909,1,269.187521535855,0,-269.187521535855,0
280,290,0.005781226337473,0.703248102434751,0,4.03125041745379,1,-0.452311005401609,0,0.452311005401609,0
290,291,0.125895526762021,0.286356846888072,0,8.94923603972802,1,0.410011319411149,0,-0.410011319411149,0
282,292,0.0052962729514748,0.0365743688688944,0,4347.06763417108,1,-13.0418733028034,0,13.0418733028034,0
286,292,0.0013180680440576,0.0022611145465431,0,807.8893077399,1,104.784990802929,0,-104.784990802929,0
284,293,0.0122385039694275,0.0510154774557668,0,1467.86960884225,1,-10.0357397546093,0,10.0357397546093,0
292,293,0.0259798546966563,0.0462144321105361,0,6288.57463297,1,-12.9408188225551,0,12.9408188225551,0
288,295,0.0079170756162699,0.0356588336951719,0,116.409960579974,1,-51.9179193274038,0,51.9179193274038,0
289,295,0.0335859126836008,0.0044675264235294,0,1483.60716865355,1,170.583912770027,0,-170.583912770027,0
290,295,0.0439410569065738,0.493125227032854,0,14.9966543451262,1,0.608732330487175,0,-0.608732330487175,0
291,295,0.395726686120643,0.445772376043728,0,7.79997968741238,1,0.410011319411149,0,-0.410011319411149,0
292,295,0.0148886348606502,0.0169061924165799,0,1089.75328040693,1,39.4241400575988,0,-39.4241400575988,0
294,295,0.0125137334144149,0.0233766991307355,0,371.26710340947,1,-67.7678547299378,0,67.7678547299378,0
241,296,0.0020366571481565,0.0233754632817025,0,137.823151470124,1,133.940259069181,0,-133.940259069181,0
294,296,0.0069477391368275,0.036611365199907,0,379.814613473705,1,-41.6212395206506,0,41.6212395206506,0
247,297,0.0088248793337696,0.103456182478964,0,41.2066926080561,1,4.54410863838443,0,-4.54410863838443,0
289,297,0.0710472737954263,0.10510781235684,0,41.1352908215327,1,9.87811650435634,0,-9.87811650435634,0
292,297,0.0047845677874694,0.0144452056223492,0,212.771036503093,1,65.2597962650815,0,-65.2597962650815,0
294,297,0.0015095033251706,0.0164153675998358,0,209.326529760777,1,-79.6820214078222,0,79.6820214078222,0
244,298,7.93258556796479e-05,0.0041719081479666,0,4323.29777028585,1,-346.330519096979,0,346.330519096979,0
294,298,0.0006885944275201,0.0040124039759427,0,365.867519616821,1,346.330519096979,0,-346.330519096979,0
242,299,0.0223891166235925,0.0443783569103417,0,55616.8763254943,1,-26.3641574857574,0,26.3641574857574,0
293,299,0.0130647752995577,0.0424934824309854,0,46.0518906159029,1,46.0518906159028,0,-46.0518906159028,0
294,299,0.006065507119939,0.0452996914709659,0,824.639153050931,1,-19.6877331301454,0,19.6877331301454,0
246,300,0.0248221416312486,0.159238526198124,0,233.245092658917,1,-15.1507553991056,0,15.1507553991056,0
249,300,0.0007004200552286,0.0201713245426009,0,549.010767941363,1,-249.910251180888,0,249.910251180888,0
290,300,0.0003079291307004,0.0014134512905432,0,537.591156344092,1,267.716466880555,0,-267.716466880555,0
294,300,0.33152534899142,0.567120447441941,0,61.0884090215312,1,-2.65546030056174,0,2.65546030056174,0
25,75,0.0005339173251957,0.0014980235527461,0,785.090910194919,1,559.713430394029,0,-559.713430394029,0
19,62,0.0103601082458795,0.0724632289173986,0,3818.68626850165,1,-26.38096135261,0,26.38096135261,0
9,105,0.105250304486643,0.121545708506947,0,4490.91109257313,1,-40.7618409376961,0,40.7618409376961,0
35,63,0.0058506001819033,0.0401364539325631,0,37.6483725345573,1,6.01276780267519,0,-6.01276780267519,0
89,125,0.0166127302514413,0.0194305674875425,0,415.61042014149,1,-102.214142805019,0,102.214142805019,0
81,175,0.0006556253752554,0.0138544995549781,0,1518.99440953881,1,-359.692584092625,0,359.692584092625,0
98,178,0.0107953138313161,0.0096018369958345,0,649.009783311563,1,-195.955171278341,0,195.955171278341,0
84,161,0.0002802031738275,0.0044737017605307,0,2111.75012900371,1,-356.728597722772,0,356.728597722772,0
168,182,0.0106698153590891,0.0335211313807433,0,457.114109173251,1,95.0908994844425,0,-95.0908994844425,0
130,226,0.0536094900130045,0.165335766059853,0,4.85199601678426,1,-4.85199601678426,0,4.85199601678426,0
175,232,0.0081468557478621,0.373719121419642,0,20.4797952818025,1,3.92603812547898,0,-3.92603812547898,0
169,215,0.0358938845997142,0.0251282255874983,0,174.670903500067,1,-98.171004721267,0,98.171004721267,0
230,264,0.0487796972924596,0.0649780915624845,0,292.083807810804,1,-6.91923733084435,0,6.91923733084435,0
208,293,0.0065835007780319,0.0570557798010408,0,90.6582895551076,1,69.0284491930672,0,-69.0284491930672,0
225,241,0.0016726422016716,0.0088718113458676,0,767.371869396671,1,307.363856684204,0,-307.363856684204,0
224,279,0.0972567501595085,0.0423746558922294,0,1041.27462786707,1,22.2784722694614,0,-22.2784722694614,0
283,46,0.0301164205333849,0.0171909338891963,0,122.066736308751,1,-41.4939333334479,0,41.4939333334479,0
296,40,0.0027661534892516,0.0145362778540786,0,346.488546031762,1,92.3190195485307,0,-92.3190195485307,0
271,13,0.0053605405335482,0.0181967260241946,0,285.855224629866,1,155.107676110033,0,-155.107676110033,0
286,11,5.80906745936829e-05,0.0008004976969018,0,2402.23124461963,1,-358.306719522786,0,358.306719522786,0
