from_bus,to_bus,resistance,reactance,susceptance,line_rating,line_status,P_from,Q_from,P_to,Q_to
2,6,0.0006195275837891,0.0121794104033063,0,1924.05277547162,1,-117.416186149959,0,117.416186149959,0
5,6,0.0006430243863015,0.0050705896707361,0,1886.38731730589,1,-350.274248395834,0,350.274248395834,0
1,7,0.001516483579925,0.0025893540505985,0,1012.26814523103,1,467.833971088761,0,-467.833971088761,0
3,8,0.0002704657816678,0.0103403198601803,0,591.048222897889,1,160.683708193577,0,-160.683708193577,0
1,9,7.8337899309532e-05,0.0035379902619277,0,921.399510081343,1,-458.170187745389,0,458.170187745389,0
8,10,0.005430146296291,0.0118190378028845,0,279.550575120225,1,-196.653673578699,0,196.653673578699,0
3,11,0.0087965353490842,0.025048476676409,0,626.166921422281,1,-75.1879360534628,0,75.1879360534628,0
4,11,0.0028087297199878,0.0073769047702501,0,454.607533495996,1,125.076805756286,0,-125.076805756286,0
10,11,0.0027632988915088,0.0230514832287136,0,276.197240906479,1,-52.9513431916945,0,52.9513431916945,0
2,12,0.0006733762086797,0.012055801693342,0,117.416186149959,1,117.416186149959,0,-117.416186149959,0
5,12,0.0024820298228269,0.0020946035120759,0,1527.39610753528,1,510.602213219345,0,-510.602213219345,0
9,13,0.0009867942209436,0.0048431162879756,0,568.649823481801,1,382.803047186099,0,-382.803047186099,0
5,15,0.0042709457332829,0.0177492520316759,0,498.886859401626,1,-152.575754804471,0,152.575754804471,0
10,16,0.0002300141790093,0.0124381770782746,0,840.33947766734,1,-177.096573669676,0,177.096573669676,0
10,18,0.0034161447778523,0.0551927258384745,0,744.423434824147,1,33.3942432826713,0,-33.3942432826713,0
12,18,0.0072839887225411,0.0037670205471855,0,554.386613587962,1,246.890335988097,0,-246.890335988097,0
17,18,0.0011267681675957,0.0403837762767032,0,274.196691456832,1,-65.8983800425768,0,65.8983800425768,0
9,19,0.0076068795399645,0.0140397885764107,0,1503.25643621366,1,306.127564445416,0,-306.127564445416,0
17,19,0.0063220426694416,0.0028817963528377,0,1287.02844714443,1,-306.127564445415,0,306.127564445415,0
11,20,0.119349598930581,0.0163395277214054,0,530.069388555667,1,14.3888628810514,0,-14.3888628810514,0
12,20,0.0119020640114286,0.0716432597010133,0,1203.30294282929,1,-26.5004430149484,0,26.5004430149484,0
16,20,0.0100273786923135,0.100503712497066,0,147.027529772817,1,12.111580133897,0,-12.111580133897,0
4,24,0.0016133414742372,0.0077371739781556,0,406.555454945881,1,-125.076805756287,0,125.076805756287,0
14,24,2.84014071809633e-06,0.0001282756270239,0,5793.97506329792,1,2451.0939214431,0,-2451.0939214431,0
15,24,4.88246510088863e-05,0.0001260730259683,0,5466.76712318331,1,-1955.14718483122,0,1955.14718483122,0
17,25,0.0009452658253098,0.0297993967979994,0,3844.56737569032,1,372.025944487992,0,-372.025944487992,0
21,26,0.0003677363379462,0.0052634588328448,0,1059.03646887101,1,277.718770582561,0,-277.718770582561,0
22,26,0.0065627329103759,0.0258443293183996,0,115.371018589349,1,-39.3709457063682,0,39.3709457063682,0
3,29,0.0006035580284156,0.0059836467695803,0,793.31888928117,1,-277.093334186227,0,277.093334186227,0
22,30,0.0015368283967314,0.0108700229752129,0,601.139202762384,1,236.474432908604,0,-236.474432908604,0
23,30,0.0019033264747652,0.0031169212165708,0,495.348990488362,1,-403.566453138288,0,403.566453138288,0
27,30,0.0317252338383439,0.235018666688564,0,50.5911041732882,1,8.33567452144567,0,-8.33567452144567,0
21,31,0.0009971120096123,0.0060963038384367,0,1626.28573655408,1,323.256152679314,0,-323.256152679314,0
22,31,0.0020468994247292,0.0123919433772085,0,566.014941159452,1,-41.0435443919181,0,41.0435443919181,0
26,31,0.0686756583340221,0.773565824579473,0,92.9463250869015,1,0.657870852275914,0,-0.657870852275914,0
9,32,0.0001938962120517,0.001828402574051,0,1180.34653622512,1,-841.856446971644,0,841.856446971644,0
29,32,0.0013311953827924,0.0048686495194754,0,709.056352993575,1,-250.537433236346,0,250.537433236346,0
6,34,0.0211328668118743,0.182795527213662,0,92.9463250869015,1,0.0,0,0.0,0
6,35,0.0003630473496674,0.0018075139494997,0,3846.73244486759,1,-726.30538266137,0,726.30538266137,0
28,35,2.93254610134417e-05,0.0003980279665719,0,4257.47798990128,1,1578.55382816159,0,-1578.55382816159,0
32,35,0.0007678867669501,0.0012088770836185,0,1269.48972530769,1,-852.248445500223,0,852.248445500223,0
9,36,0.0002469291053972,0.0095769170951309,0,298.543067473685,1,-298.543067473685,0,298.543067473685,0
29,37,0.0317973396959351,0.0815338988090885,0,188.876511394389,1,-26.5559009498811,0,26.5559009498811,0
6,38,0.000707140392287,0.0058363231142001,0,1024.39234000359,1,282.767982353125,0,-282.767982353125,0
16,38,0.0293545252125321,0.132131828288556,0,248.975893693927,1,14.5351506150321,0,-14.5351506150321,0
37,39,0.007071080252354,0.016635756486888,0,868.84884430414,1,-31.9511258676051,0,31.9511258676051,0
33,41,0.001803583564534,0.0109447085716923,0,850.56166951949,1,-268.531836929379,0,268.531836929379,0
39,41,0.0002834142964404,0.0051247454632882,0,2330.41272284941,1,-321.568361895925,0,321.568361895925,0
39,42,0.0383737401389811,0.137834800041983,0,142.142940083599,1,25.7534863905938,0,-25.7534863905938,0
38,44,0.0739033642574938,0.203015678769867,0,2.21780509259556,1,-2.21780509259556,0,2.21780509259556,0
39,44,0.113265415366274,0.643160996376395,0,7.73513329149503,1,4.60161289869567,0,-4.60161289869567,0
40,44,0.0160496658153942,0.41208300401827,0,4.79735100821153,1,-2.38380780610012,0,2.38380780610012,0
36,46,0.0167653011717473,0.065003243765169,0,694.334167733389,1,24.6160530472213,0,-24.6160530472213,0
40,46,0.0586271291160435,0.621064881534948,0,80.644395291979,1,-3.51765614572497,0,3.51765614572497,0
43,46,0.0113810156641021,0.0302726434059314,0,1026.17023503043,1,5.70039245753366,0,-5.70039245753366,0
11,47,0.0275608941605038,0.0305132389271466,0,1493.77508673971,1,-42.0019181034211,0,42.0019181034211,0
27,47,0.0955598013042358,0.203789721179226,0,45.0228593680291,1,-8.33567452144567,0,8.33567452144567,0
39,47,0.000143110582278,0.0045892088760722,0,2739.37085584775,1,259.26213673903,0,-259.26213673903,0
43,47,0.0049263222191626,0.0527611755536352,0,2730.17864254217,1,-7.48349273385282,0,7.48349273385282,0
45,47,0.119851138675458,0.0311869042080933,0,375.317167739057,1,-48.4191491427588,0,48.4191491427588,0
40,48,0.0265704981480805,0.0682869163915043,0,1514.75758431291,1,18.5625038788707,0,-18.5625038788707,0
42,48,0.0003697835952604,0.0332856330666077,0,69.5974452271172,1,49.8639794125047,0,-49.8639794125047,0
5,49,0.0234100074823353,0.12626215858423,0,143.98304703287,1,-7.75221001903938,0,7.75221001903938,0
43,49,0.0109205201693939,0.545197646293248,0,14.431261447455,1,1.78310027631917,0,-1.78310027631917,0
45,49,0.000919484870161,0.006868248631216,0,234.984373488597,1,-20.8296796163097,0,20.8296796163097,0
46,49,0.0033843393508028,0.0298362778594643,0,311.666280962847,1,26.79878935903,0,-26.79878935903,0
40,50,0.0045748261962333,0.127971295269854,0,269.46952670162,1,-12.6610399270457,0,12.6610399270457,0
42,50,0.0083410727129493,0.0509351553383519,0,1234.51070024625,1,-24.1104930219108,0,24.1104930219108,0
1,51,0.005210028182889,0.0337770956759804,0,542.546577932738,1,-9.66378334337201,0,9.66378334337201,0
45,51,0.0049421354467297,0.0127913038242554,0,283.175713790698,1,125.94075754366,0,-125.94075754366,0
50,52,0.0138756917776882,0.0401347218950144,0,68.1834652843824,1,-36.7715329489565,0,36.7715329489565,0
45,53,0.001981656867685,0.0167950187298534,0,363.983378444028,1,-56.6919287845917,0,56.6919287845917,0
52,53,0.004947512592005,0.0159082569204241,0,363.377369182067,1,56.6919287845917,0,-56.6919287845917,0
24,55,2.18102416398434e-05,0.0022115682584053,0,2575.41799234421,1,370.869930855606,0,-370.869930855606,0
31,55,3.97648658165026e-05,0.0051412362462723,0,2184.75257556214,1,-71.4369163982969,0,71.4369163982969,0
54,55,0.0052114948855691,0.200252264914135,0,92.9463250869015,1,0.511589281926633,0,-0.511589281926633,0
55,57,0.0091405360186089,0.0111861276360061,0,1355.44122462144,1,311.045212892998,0,-311.045212892998,0
56,57,0.0010362915243322,0.00629636062464,0,1653.51914406401,1,-311.045212892998,0,311.045212892998,0
52,58,0.0023114487617467,0.0325186115059419,0,52.7301513764047,1,11.6121984356897,0,-11.6121984356897,0
54,58,0.133119758191513,0.147201996582657,0,92.9463250869015,1,-0.511589281926633,0,0.511589281926633,0
55,58,0.0254657585710291,0.0160129839434293,0,51.0796944645739,1,-11.100609153763,0,11.100609153763,0
47,59,0.0029917450042915,0.0048721156979494,0,1014.55339792163,1,298.347682121043,0,-298.347682121043,0
59,60,0.0031762055461814,0.0047670336587008,0,1219.29345923518,1,298.347682121043,0,-298.347682121043,0
61,65,0.0333579917952412,0.0550973529525581,0,555.971123049353,1,-19.3978530625944,0,19.3978530625944,0
63,66,0.0267594854228557,0.134401831449876,0,34.078772411364,1,0.700316445942178,0,-0.700316445942178,0
61,68,0.0099177093060679,0.0107302297797148,0,1019.70389468861,1,-79.1262368679307,0,79.1262368679307,0
64,69,0.0153379967792467,0.0401410613744122,0,1382.29849241527,1,-20.9579563165727,0,20.9579563165727,0
63,70,0.003398011270433,0.047714907646945,0,3825.93286775557,1,21.8183650981058,0,-21.8183650981058,0
67,70,0.001176974965403,0.0446894609801678,0,46.9178907158827,1,-24.9238603574347,0,24.9238603574347,0
63,71,0.0014445678963632,0.0343208192669016,0,2756.02674972562,1,-22.5186815440479,0,22.5186815440479,0
69,71,0.0004253293350533,0.0028926218034029,0,825.6781424717,1,-385.109824852107,0,385.109824852107,0
62,72,0.365386407340582,1.27056291506625,0,92.9463250869015,1,0.0,0,0.0,0
68,73,0.0122120845189759,0.0198483263226052,0,257.534528763253,1,-66.5226496829216,0,66.5226496829216,0
66,74,0.0608624702263784,0.124313428040498,0,33.0090076828861,1,0.700316445942173,0,-0.700316445942173,0
67,75,0.000233936803677,0.0308339094447394,0,269.684754452471,1,-41.4125141292116,0,41.4125141292116,0
69,75,0.0559064181269141,0.548299834373624,0,15.37641670511,1,0.979150347522334,0,-0.979150347522334,0
67,76,0.0157199647604015,0.0091260826444612,0,1260.86588261045,1,-209.313416913297,0,209.313416913297,0
74,76,0.0552474677387206,0.309784916707067,0,45.4166797984143,1,0.20498437714318,0,-0.20498437714318,0
75,76,0.207896302764917,0.364604528790926,0,18.0245054431416,1,-1.73695547037314,0,1.73695547037314,0
67,77,1.20630494948068e-05,0.0030017931379931,0,2351.55582656918,1,322.974200606259,0,-322.974200606259,0
70,78,0.0141799437458341,0.350827390541699,0,16.5484195763669,1,-0.289914871549676,0,0.289914871549676,0
75,78,0.213615088258621,0.177596303756052,0,37.2310522959332,1,0.345535050322088,0,-0.345535050322088,0
69,79,0.0053935478521827,0.0114917595971432,0,209.178229273219,1,-197.983861241389,0,197.983861241389,0
73,79,0.0011288042861722,0.0233849760500671,0,689.073611551509,1,-100.730026766626,0,100.730026766626,0
75,82,0.0427718734967505,0.171318119445771,0,61.2629740572928,1,-0.41309459420098,0,0.41309459420098,0
81,82,0.042068333936405,0.993571577682419,0,92.9463250869015,1,-0.27811772063733,0,0.27811772063733,0
70,83,0.121934628074312,0.535433983735618,0,18.8434556855813,1,-0.820017570141332,0,0.820017570141332,0
73,83,0.0227234352549238,0.130953309167461,0,41.1425447062664,1,1.37829429334213,0,-1.37829429334213,0
75,83,0.0427397472918996,0.368305779720104,0,24.8512844537101,1,-0.749348676806935,0,0.749348676806935,0
65,84,0.0008158350853843,0.0087905145713762,0,413.843852176809,1,-83.1557130042915,0,83.1557130042915,0
74,84,0.419606561194276,1.23144732270284,0,2.22295282023285,1,0.495332068798986,0,-0.495332068798986,0
82,84,0.312331468464516,0.0232301416771418,0,74.949531432365,1,-0.691212314838241,0,0.691212314838241,0
75,85,0.0082367304379445,0.0228949934295286,0,151.85353203161,1,-37.8795000906304,0,37.8795000906304,0
78,87,0.0093138043617545,0.0496299638199351,0,18781.5880604174,1,-29.2474906509278,0,29.2474906509278,0
79,87,0.0138306820132711,0.0486149315430034,0,894.495240220778,1,29.2474906509278,0,-29.2474906509278,0
80,87,0.0273600596759999,1.44535445986875,0,92.9463250869015,1,0.0,0,0.0,0
78,88,0.0327227158038425,0.0140005115170875,0,218.78003193164,1,-62.884459281816,0,62.884459281816,0
85,89,0.0021795531048823,0.0907604593455858,0,337.198797167408,1,-13.8066503301096,0,13.8066503301096,0
88,89,9.93672082479811e-05,0.005942409012854,0,336.912783016937,1,-218.985260050775,0,218.985260050775,0
81,91,0.41183744911354,0.896486646739129,0,92.9463250869015,1,0.278117720637332,0,-0.278117720637332,0
84,93,0.0011236634969903,0.0209948318740079,0,562.216900884057,1,-101.666912604546,0,101.666912604546,0
90,93,0.0043300023317377,0.0018370181233336,0,336.955744949185,1,220.110753826609,0,-220.110753826609,0
61,94,0.0028690869751693,0.0063027139566817,0,852.171600513338,1,-196.562531013742,0,196.562531013742,0
88,94,0.0005288804076547,0.0086763567145726,0,339.843331589573,1,149.036721075251,0,-149.036721075251,0
91,94,0.306359663662124,0.0320555700832,0,5.96984709121247,1,0.597674934111758,0,-0.597674934111758,0
93,94,0.0462455206568819,0.350141706170765,0,113.61971352775,1,7.69789529715545,0,-7.69789529715545,0
91,95,0.18080562113018,0.261807627127312,0,3.06212962511059,1,-0.319557213474364,0,0.319557213474364,0
73,96,0.0045415101704905,0.065926413705401,0,5134.4491445106,1,-8.19904121196877,0,8.19904121196877,0
92,96,0.0004929964944394,0.005073802037333,0,2086.7192310934,1,-812.026966347121,0,812.026966347121,0
61,98,0.0040823526293237,0.061178541197916,0,1097.27530425402,1,53.6804601872827,0,-53.6804601872827,0
86,98,0.0026480163585418,0.0279180227144941,0,1454.17838529472,1,-188.065724734803,0,188.065724734803,0
92,98,0.0010867819165962,0.0079619347951509,0,568.443176848121,1,235.365845357908,0,-235.365845357908,0
97,98,0.0065317004078008,0.0077030071168637,0,242.723378903606,1,-208.964125751742,0,208.964125751742,0
89,100,0.021271983202589,0.0321901711349053,0,1371.06503795615,1,150.002194283131,0,-150.002194283131,0
92,100,1.83816096715348e-05,0.0007354368240211,0,1660.62093509493,1,-564.020673727333,0,564.020673727333,0
68,101,0.0196188167698574,0.0341505895745845,0,612.500001894337,1,-12.603587185009,0,12.603587185009,0
90,101,0.0013291959286461,0.012547351580215,0,1909.40832865067,1,243.805745690186,0,-243.805745690186,0
92,101,0.0050046606681708,0.0092765430011864,0,520.188413252193,1,-289.934231676745,0,289.934231676745,0
96,101,0.0011113516541813,0.0243559716405278,0,409.95190056636,1,58.7320731715687,0,-58.7320731715687,0
92,102,0.0228667809361643,0.0679998177505935,0,755.128256948509,1,-42.0102261885565,0,42.0102261885565,0
95,102,0.0320885949538094,0.328154879959899,0,2.70355447346055,1,-0.319557213474361,0,0.319557213474361,0
99,102,0.0027810730970744,0.0356720119249029,0,187.816780064355,1,72.8557269834066,0,-72.8557269834066,0
99,104,0.0002567996883246,0.0021642882119238,0,3720.57501067086,1,811.703809332998,0,-811.703809332998,0
103,104,0.674901635182983,1.01291291913643,0,92.9463250869015,1,0.0,0,0.0,0
105,107,0.0031010232684169,0.0444842524929699,0,209.194925589949,1,-13.6547225247013,0,13.6547225247013,0
105,110,0.0014753546808467,0.0034953326865579,0,941.969534909248,1,-293.1533263965,0,293.1533263965,0
106,110,0.0002910704293713,0.0004775189304483,0,2400.85777463965,1,-1447.62430496379,0,1447.62430496379,0
107,110,0.0006234569211499,0.0305570676124556,0,191.378287265895,1,-13.6547225247013,0,13.6547225247013,0
94,111,0.0019916788353367,0.0689663002843792,0,108.663149666905,1,-25.4647910762459,0,25.4647910762459,0
108,111,0.0173372857348518,0.0478287592627567,0,94.517138125437,1,25.4647910762459,0,-25.4647910762459,0
109,111,0.173940485328554,1.55229674507574,0,92.9463250869015,1,0.0,0,0.0,0
105,113,9.55182122548021e-05,0.0005360644326907,0,1511.66558966192,1,847.974134778437,0,-847.974134778437,0
106,113,0.0001420946062534,0.0005443188297709,0,1960.71660189906,1,1447.62430496379,0,-1447.62430496379,0
104,114,0.0001760317740861,0.0012210363329084,0,2634.49838772219,1,1072.28843518414,0,-1072.28843518414,0
110,114,0.000281948558914,0.0019285135586048,0,1160.6948969828,1,-871.699460626954,0,871.699460626954,0
61,115,5.35031458274488e-05,0.0044851716879177,0,762.442576473214,1,241.406160756985,0,-241.406160756985,0
105,115,0.0019513727640699,0.001463491716855,0,1027.79565770302,1,-439.766974960952,0,439.766974960952,0
114,115,0.000837737500525,0.0103959913446025,0,1117.50446240975,1,198.360814203966,0,-198.360814203966,0
72,116,0.0095342474753418,1.26133213174363,0,92.9463250869015,1,0.0,0,0.0,0
93,116,0.0003343606001947,0.0187583978987413,0,162.379069700275,1,110.745945924908,0,-110.745945924908,0
67,117,0.0099587156214148,0.0638124256311471,0,47.6155627790944,1,0.0001914030629324,0,-0.0001914030629324,0
84,117,0.0124325735367585,0.0744594973799028,0,76.8895809993825,1,18.3153193542146,0,-18.3153193542146,0
96,117,0.0002078708364742,0.0049034210249066,0,1738.04813825816,1,463.744994203789,0,-463.744994203789,0
112,117,0.0021955469190622,0.12935553040523,0,6.56254536211496,1,5.54520511859629,0,-5.54520511859629,0
116,117,0.042595329607209,0.178049782440482,0,7.97986199108193,1,7.97986199108193,0,-7.97986199108193,0
67,118,0.0151774453655835,0.053894013040754,0,56.1277458777066,1,-47.3246006093785,0,47.3246006093785,0
108,118,0.002889601696339,0.024324261541248,0,4753.01367037987,1,50.423399255957,0,-50.423399255957,0
64,119,0.003286630875478,0.0472365016205981,0,458.868454245042,1,17.6237803076263,0,-17.6237803076263,0
69,119,6.20656578882385e-05,0.0029826975200931,0,2121.8039400744,1,561.156579429401,0,-561.156579429401,0
110,119,0.0002809834533772,0.0014474445878358,0,2068.54344370295,1,-882.732893258044,0,882.732893258044,0
112,119,0.0178078463619031,0.0448221814142323,0,2340.45830096293,1,12.8791899713381,0,-12.8791899713381,0
114,119,0.0257696456976279,0.181036018979964,0,11.1107814484273,1,2.22816035322383,0,-2.22816035322383,0
116,119,0.0024515367374996,0.0060881344295859,0,331.692369658919,1,210.37366146762,0,-210.37366146762,0
70,120,0.0243220510647325,0.234892747998613,0,80.4010784833534,1,-1.99556281763805,0,1.99556281763805,0
83,120,0.0012475685376244,0.155323474559007,0,7.86081938592896,1,-0.191071953606126,0,0.191071953606126,0
112,120,0.0139302356735062,0.0469641678495168,0,690.313217703441,1,-18.4243950899343,0,18.4243950899343,0
117,120,0.0246700576987545,0.0709803547614619,0,141.842137565397,1,-22.2961598060448,0,22.2961598060448,0
118,120,0.372161379401266,0.3123583148913,0,33.0810581593652,1,3.09879864657859,0,-3.09879864657859,0
123,126,0.0011248786440076,0.0085516984121845,0,443.898386227337,1,-231.010338168935,0,231.010338168935,0
122,128,8.42335746508336e-05,0.0077079153861714,0,844.876649146115,1,-285.37418026629,0,285.37418026629,0
126,130,0.0006067196792549,0.0005737865347183,0,4345.42443705092,1,-941.085247985706,0,941.085247985706,0
121,131,0.0018283245877232,0.0702024311386416,0,7093.4804572566,1,19.8778971679836,0,-19.8778971679836,0
123,131,0.0128330291568031,0.0069889288641643,0,888.884832597833,1,107.759937700881,0,-107.759937700881,0
129,132,0.0018445654298719,0.0190405249453413,0,1000.04596551281,1,-100.73265639321,0,100.73265639321,0
123,133,0.0016915886989044,0.0158979863292493,0,237.655511393574,1,130.420900897734,0,-130.420900897734,0
125,133,0.0033286560708862,0.0153664868039434,0,308.331966370303,1,-134.118721371275,0,134.118721371275,0
131,133,0.341685118863929,0.357049015756527,0,37.4475191660552,1,3.69782047354147,0,-3.69782047354147,0
129,136,0.0002950714183823,0.0050691520127575,0,449.593454001255,1,379.289547967668,0,-379.289547967668,0
135,136,0.0004230386894114,0.0287657835619943,0,248.826048745856,1,128.845058042741,0,-128.845058042741,0
128,137,0.0008517804047508,0.0076861447863281,0,679.69194263615,1,-285.37418026629,0,285.37418026629,0
129,139,0.0431963401974571,0.382008636018552,0,79.7032043940528,1,-7.88623673656913,0,7.88623673656913,0
134,139,0.002584621992938,0.0149082618990124,0,621.731336939919,1,88.8479695462765,0,-88.8479695462765,0
138,139,0.0090632966876795,0.0225386967524979,0,559.82878223467,1,-156.88461830039,0,156.88461830039,0
134,140,0.119835163218101,0.0975467026959592,0,202.457587378224,1,16.1767717978699,0,-16.1767717978699,0
138,141,0.0220821198352077,0.0260201608616177,0,156.892205923297,1,-53.5001875851982,0,53.5001875851982,0
135,144,0.0099270502822254,0.0155144016971683,0,410.832249519251,1,-87.469902964035,0,87.469902964035,0
135,145,0.0081331645018638,0.044588995757734,0,877.98420287252,1,-40.9242012767163,0,40.9242012767163,0
144,146,0.0759746253218474,0.0713375350724531,0,154.502231546151,1,-17.2686530470013,0,17.2686530470013,0
145,146,0.0109942892582925,0.0136973884043807,0,1101.70333062625,1,-55.7900012552972,0,55.7900012552972,0
139,147,0.013592099274095,0.181159584455457,0,7.41109997066439,1,1.81772164143402,0,-1.81772164143402,0
140,147,0.00703948653058,0.100074502823422,0,41.2787716068562,1,0.758192597728221,0,-0.758192597728221,0
141,147,0.0018821576745445,0.0339175194442581,0,149.679453930403,1,-53.5001875851983,0,53.5001875851983,0
138,148,0.0034652786793853,0.005817621113065,0,316.14939209287,1,210.384805885589,0,-210.384805885589,0
146,150,0.0003997433531714,0.0029201134956876,0,789.412650457833,1,-472.596520098502,0,472.596520098502,0
132,151,0.0006837998138518,0.0157692654162978,0,757.494096721238,1,-101.377467203535,0,101.377467203535,0
142,151,0.0001676782231178,0.000589074015552,0,2811.10954094141,1,950.040009606508,0,-950.040009606508,0
146,151,0.0406521588410541,0.155210680690477,0,7.31903580324221,1,5.5147505464503,0,-5.5147505464503,0
144,152,0.0342035276956585,0.0878518212911613,0,16.141422244457,1,-1.95224869966469,0,1.95224869966469,0
151,152,0.0122272828276393,0.104723518267941,0,21.6223796186744,1,1.95224869966469,0,-1.95224869966469,0
129,153,0.0014637359161882,0.0130483561614924,0,332.554535016588,1,-151.024335574276,0,151.024335574276,0
144,153,0.0069991775986647,0.074773794138574,0,213.661119345856,1,15.648217160064,0,-15.648217160064,0
145,153,0.0747651336554167,0.110172503130803,0,180.916761081828,1,14.865799978581,0,-14.865799978581,0
129,155,0.0086577597739343,0.0025719602556291,0,1345.7086681254,1,-314.503845458336,0,314.503845458336,0
146,155,0.0054135661198626,0.0459235852395837,0,162.944582125921,1,77.6008149457283,0,-77.6008149457283,0
151,155,0.0008045311383921,0.0114298219309798,0,407.537108099743,1,236.903030512608,0,-236.903030512608,0
134,156,0.0439754373713924,0.0009899272529991,0,410.947550574116,1,66.1305484674994,0,-66.1305484674994,0
146,156,0.002303332883488,0.0364839736886785,0,156.495037557477,1,2.76516273637769,0,-2.76516273637769,0
147,156,0.0246008860597548,0.0311914527170986,0,99.0316093440996,1,-50.924273346036,0,50.924273346036,0
149,156,0.0163472170557077,0.0728546381712553,0,2323.58028185527,1,-17.9714378578411,0,17.9714378578411,0
148,157,0.0022761179082356,0.0106835962175869,0,834.734897216845,1,-440.517452220423,0,440.517452220423,0
149,157,0.0040921764357487,7.45082731405352e-06,0,712.383518526103,1,457.010152392536,0,-457.010152392536,0
150,158,0.0001697244932601,0.0018227981811665,0,5974.8900171182,1,-838.901837700037,0,838.901837700037,0
149,159,0.000130607515848,0.0052985169989971,0,461.145049931737,1,-405.073229767058,0,405.073229767058,0
150,159,1.11802574072723e-05,0.0017579182685107,0,596.8946791458,1,366.305317601535,0,-366.305317601535,0
153,159,0.004421256518424,0.0915617840903216,0,995.093378309405,1,-34.2728181721702,0,34.2728181721702,0
154,159,0.180749934503324,0.224333582282492,0,92.9463250869015,1,-1.5739792123919,0,1.5739792123919,0
154,160,0.15797801711401,1.12345108371544,0,92.9463250869015,1,1.5739792123919,0,-1.5739792123919,0
153,161,0.0175564426945662,0.0098012318631757,0,667.124345584753,1,-86.2375002634608,0,86.2375002634608,0
158,162,0.0018443989060364,0.0056806918271553,0,913.520389796079,1,-838.901837700037,0,838.901837700037,0
157,163,0.005193857545153,0.088799818632328,0,335.698199186426,1,16.4927001721099,0,-16.4927001721099,0
161,164,0.0302537587303988,1.72271869248013,0,92.9463250869015,1,-2.16840434497101e-17,0,2.16840434497101e-17,0
135,165,0.0477874376748707,0.0410880743105838,0,79.3859628627268,1,-0.450953801989346,0,0.450953801989346,0
161,169,1.74960861813696,0.508075881160005,0,92.9463250869015,1,0.0,0,0.0,0
164,169,1.52421648319536,1.06331272428894,0,92.9463250869015,1,4.33680868994202e-17,0,-4.33680868994202e-17,0
160,170,0.008072363456447,0.0854012002204687,0,92.9463250869015,1,1.5739792123919,0,-1.5739792123919,0
161,170,0.0159227433629028,0.151425675637349,0,74.9247542355329,1,-0.24462087546708,0,0.24462087546708,0
132,171,0.0428548446501595,0.135164480108174,0,31.6558949109878,1,0.644810810325202,0,-0.644810810325202,0
151,171,0.0092652852853965,0.0389503461920037,0,1479.78385909123,1,43.2808401034543,0,-43.2808401034543,0
165,171,0.00090348520825,0.0635666852670453,0,81.6132021400722,1,-0.450953801989344,0,0.450953801989344,0
122,172,0.0002887264467874,0.0076845271986044,0,744.652731071921,1,285.37418026629,0,-285.37418026629,0
168,172,0.0032455842580989,0.0187152361577319,0,980.795396854886,1,-132.795360097162,0,132.795360097162,0
170,172,0.01759867801737,0.0328594641454659,0,222.861185065327,1,-87.2790378389895,0,87.2790378389895,0
143,173,6.49534629302839e-05,0.0010241613472707,0,3376.97774882922,1,940.837020311804,0,-940.837020311804,0
151,173,0.0112432196723107,0.33944346124341,0,7.88803167282331,1,7.88803167282331,0,-7.88803167282331,0
167,173,0.0042586700658881,0.0074733692989815,0,1777.60484445339,1,-237.167836715182,0,237.167836715182,0
121,174,8.21278545530835e-05,0.0027018765809049,0,1441.93875746008,1,-510.431016294408,0,510.431016294408,0
124,175,0.0002720882785021,0.0123853101150004,0,901.777593708199,1,191.900187728094,0,-191.900187728094,0
127,175,0.0436254734482157,1.88353061631696,0,92.9463250869015,1,0.0,0,0.0,0
166,175,0.0005449895187744,0.0009742734522618,0,2686.31119475362,1,1054.91940377635,0,-1054.91940377635,0
170,175,0.0068381663275554,0.180073409641199,0,294.181826146003,1,21.3007198538262,0,-21.3007198538262,0
171,175,0.0498124153803403,0.0707040707357228,0,380.786064176496,1,39.794674128108,0,-39.794674128108,0
173,175,0.0031685585391212,0.0074262448612144,0,559.087434507762,1,245.333734693249,0,-245.333734693249,0
174,175,0.0001035562885537,0.003312406654347,0,3494.22432309635,1,-333.738567072152,0,333.738567072152,0
168,176,0.0010577758783889,0.0257713702428832,0,172.794794142929,1,77.5977023764762,0,-77.5977023764762,0
171,176,0.038957547343648,0.161712422312777,0,92.9463250869015,1,3.68002298368214,0,-3.68002298368214,0
140,177,0.0235642179551928,0.153850104075571,0,81.1722424529782,1,15.4185792001417,0,-15.4185792001417,0
174,177,0.0006265256069445,0.0255988556298826,0,260.17660720349,1,-96.6963045603001,0,96.6963045603001,0
176,177,0.0051963700505895,0.0104420138462272,0,170.211368536309,1,81.2777253601584,0,-81.2777253601584,0
168,178,0.0092709564954772,0.074871586197145,0,820.163615730346,1,50.9006984355655,0,-50.9006984355655,0
170,178,0.0049543426830776,0.0509357970457323,0,71.3002776563873,1,67.3076763220881,0,-67.3076763220881,0
173,178,0.0003563844461296,0.003034135633133,0,1265.43926648699,1,466.223480576196,0,-466.223480576196,0
174,178,0.0007144171345906,0.0025884984668514,0,2209.54597277704,1,-584.43185533385,0,584.43185533385,0
134,179,0.0146152723074074,0.01160551918388,0,630.228519537522,1,-65.299782330139,0,65.299782330139,0
172,179,0.0070413335660157,0.0095838012587125,0,568.804038191128,1,65.2997823301389,0,-65.2997823301389,0
131,180,0.0153164778420094,0.0270554129224292,0,102.891633871595,1,-47.9705417886676,0,47.9705417886676,0
174,180,0.0001323299238228,0.002933201919212,0,1472.36434812285,1,503.455111744027,0,-503.455111744027,0
181,182,0.0193108936732832,0.169813526990192,0,13.024147542815,1,4.73787799506149,0,-4.73787799506149,0
181,183,0.0007435472709401,0.0143364871070667,0,462.685722387626,1,-155.424923272855,0,155.424923272855,0
181,186,0.0071666308495117,0.154966406410603,0,7.2084692625936,1,4.01436405487975,0,-4.01436405487975,0
181,187,0.0978403718414348,0.541002352020297,0,5.78018330934529,1,0.107207593437679,0,-0.107207593437679,0
182,187,0.0094170731472762,0.366181524372983,0,17.6428532694507,1,-2.03875991249074,0,2.03875991249074,0
185,187,0.203817768887272,0.495389970744387,0,2.47545678984284,1,-0.242138809820204,0,0.242138809820204,0
186,187,0.0044678636577192,0.095800358220944,0,89.6570084270325,1,-5.88820357125833,0,5.88820357125833,0
181,188,0.0088936497372494,0.0147823993030711,0,432.789094874776,1,138.552287174522,0,-138.552287174522,0
182,190,0.0290981722036067,0.203478904513072,0,44.4613959838175,1,4.93543668181082,0,-4.93543668181082,0
182,192,0.002990133210625,0.0323297679696741,0,387.308286434971,1,12.4712405844001,0,-12.4712405844001,0
189,192,0.0475661956846143,0.0129105911053829,0,753.603167010447,1,-17.5440046167846,0,17.5440046167846,0
189,193,0.009397303279873,0.0370696660856773,0,782.314040755479,1,25.0084576541717,0,-25.0084576541717,0
186,194,0.0134742287264402,0.0603553839581573,0,171.727270546844,1,9.90256762613808,0,-9.90256762613808,0
189,194,0.0874729482620014,0.170191624148358,0,17.379538158267,1,-1.26026598167805,0,1.26026598167805,0
193,195,0.0087514567490262,0.0187169832785791,0,883.069155386327,1,-190.429618059129,0,190.429618059129,0
195,196,0.0126504091679208,0.0343406406040815,0,124.624605238638,1,54.9998466564331,0,-54.9998466564331,0
190,197,0.0262431166878634,0.0087011540467845,0,351.450828912086,1,-73.3588474175628,0,73.3588474175628,0
188,198,0.0045827978897131,0.0089620461750252,0,438.922738252657,1,138.552287174522,0,-138.552287174522,0
191,198,0.0012001685428744,0.0070159656979686,0,1159.24736084916,1,-312.046827597518,0,312.046827597518,0
193,198,0.0049152938880444,0.0318079333623428,0,2346.67820885268,1,29.1921039449178,0,-29.1921039449178,0
191,200,0.0081218644533822,0.0099330496299276,0,397.238730927784,1,-133.532410423638,0,133.532410423638,0
199,200,0.0028247511636651,0.0124691272487891,0,429.675381385639,1,133.532410423638,0,-133.532410423638,0
194,201,0.0028278966497295,0.0083548145033608,0,546.576807723153,1,233.414252302088,0,-233.414252302088,0
198,201,0.02283349471692,0.0685757521711158,0,90.7103211322556,1,-1.74915479018412,0,1.74915479018412,0
193,202,0.0013936387302098,0.017256276606603,0,900.193092627202,1,186.245971768383,0,-186.245971768383,0
201,202,0.003229486044325,0.0103827513939222,0,553.888851934944,1,231.665097511904,0,-231.665097511904,0
194,203,0.0036569479229827,0.0074268129370045,0,1179.15293095381,1,-267.925481596315,0,267.925481596315,0
197,204,0.0023378888200896,0.0276464246075743,0,366.67304960201,1,-73.3588474175628,0,73.3588474175628,0
189,205,0.0024075129418392,0.047195655337422,0,87.6527681971918,1,-6.204187055709,0,6.204187055709,0
195,207,0.118282526320413,0.329720612427672,0,139.120772876839,1,9.33875498511896,0,-9.33875498511896,0
198,207,0.0017582426474026,0.0028026371340872,0,1122.45076225497,1,-504.392253904984,0,504.392253904984,0
206,208,0.0362250895167649,0.0677455463724428,0,1503.88964117563,1,-19.0640984086586,0,19.0640984086586,0
199,209,0.0014825581177917,0.0085976697726949,0,390.642062759965,1,-133.532410423638,0,133.532410423638,0
206,209,0.0015861331767408,0.0258227385313503,0,363.135522986121,1,71.071964321167,0,-71.071964321167,0
207,210,0.0006068049496064,0.0117858453771507,0,1345.15475410196,1,-172.176175219577,0,172.176175219577,0
203,211,0.0195350825430713,0.146445176466501,0,206.097032353763,1,-13.1405740166232,0,13.1405740166232,0
205,212,0.108484792212015,0.644933639977918,0,5.69327317927037,1,-1.25640796755677,0,1.25640796755677,0
206,212,0.123214194449573,0.65801958533931,0,6.54073591038088,1,1.25640796755677,0,-1.25640796755677,0
206,213,0.0103201110145272,0.0066289136952358,0,1627.79272440938,1,-191.641631173497,0,191.641631173497,0
210,213,0.0071051866659841,0.0759552976957866,0,14522.5791258677,1,-21.2355530398058,0,21.2355530398058,0
204,214,0.0323410860439265,0.14641888193594,0,15.2942787997513,1,-2.90190332156421,0,2.90190332156421,0
206,214,0.0006751153017263,0.0959440336677659,0,107.227196027054,1,-8.20162477765274,0,8.20162477765274,0
211,214,0.0183791209473912,0.127161778121538,0,182.970549682056,1,11.103528099217,0,-11.103528099217,0
206,215,0.0132909708938343,0.0853729626587525,0,194.816256475182,1,-12.0496197938495,0,12.0496197938495,0
210,215,0.0325659182236941,0.10212341469886,0,360.742865514008,1,-13.4277595805614,0,13.4277595805614,0
211,215,0.0410608640347374,0.0459281774003479,0,720.132426429594,1,25.4773793744109,0,-25.4773793744109,0
204,216,0.0903278599273175,0.450435013725289,0,17.2635984328328,1,-3.41301099613904,0,3.41301099613904,0
208,216,0.064257629789592,0.0318837745712469,0,657.51542918198,1,-19.0640984086586,0,19.0640984086586,0
210,218,0.0014013337366997,0.0330248544260726,0,239.248406486018,1,-102.719917428811,0,102.719917428811,0
216,218,0.0386544268797585,0.0594844577461497,0,1806.90468429919,1,-19.3393411500176,0,19.3393411500176,0
217,218,0.0128245585018943,0.0040298799929982,0,484.894173461181,1,131.935231675336,0,-131.935231675336,0
209,219,0.0003564151849446,0.0227796206736424,0,232.180478343349,1,-69.6309465321491,0,69.6309465321491,0
213,219,0.0001764694511158,0.0218219356703374,0,236.833653977785,1,69.6309465321491,0,-69.6309465321491,0
213,221,0.0013562618907052,0.0051655252531072,0,970.698834499554,1,-271.114222131416,0,271.114222131416,0
216,222,0.518574405360875,1.057894235066,0,92.9463250869015,1,-3.13776825478001,0,3.13776825478001,0
203,223,0.0058554586232265,0.0060672526108344,0,833.203261083824,1,-254.784907579692,0,254.784907579692,0
220,223,0.001467908149847,0.0070675031500591,0,1026.29744751822,1,299.308793327321,0,-299.308793327321,0
220,224,0.000657553263267,0.0269903310707534,0,118.076466675788,1,53.8707465985668,0,-53.8707465985668,0
217,225,0.0015103074058764,0.0243653557243741,0,605.784473807803,1,55.6651865441372,0,-55.6651865441372,0
207,226,0.0021048983448229,0.0272091426874115,0,181.55237385181,1,-84.8526714005205,0,84.8526714005205,0
222,226,0.0069125634469763,0.0622803447916739,0,131.256035918247,1,84.8071795180787,0,-84.8071795180787,0
217,227,0.0573672746493362,0.264066072307372,0,12.3008030307705,1,2.04107085661134,0,-2.04107085661134,0
220,227,0.0188698733197303,0.0135164645088251,0,281.685083996975,1,66.0852479555199,0,-66.0852479555199,0
223,227,0.0188046927580632,0.0442928165554224,0,8124.14469401933,1,-27.5919895408851,0,27.5919895408851,0
204,229,0.0030169955130829,0.0331200835514368,0,4434.07348370093,1,-40.7438524462692,0,40.7438524462692,0
227,229,0.0006980119918626,0.0328362572950477,0,2781.11959496243,1,40.5343292712461,0,-40.5343292712461,0
220,230,0.0006188129191869,0.003264002534144,0,648.020600434911,1,-419.264787881407,0,419.264787881407,0
207,231,0.0022716657630576,0.0097325196589987,0,238.024652299768,1,-238.024652299768,0,238.024652299768,0
222,231,0.0330542695904206,0.0469651769624384,0,232.235551281293,1,112.296164052023,0,-112.296164052023,0
225,231,0.0013761388215874,0.0180325347146778,0,316.97154309664,1,126.457739061517,0,-126.457739061517,0
226,231,0.0001550805453499,0.171704573866081,0,13.5586086540229,1,-0.0454918824418032,0,0.0454918824418032,0
192,232,0.0038661696913135,0.0762933084659398,0,53.6643445134601,1,-5.07276403238455,0,5.07276403238455,0
205,232,0.0616239859055367,0.0648191322635475,0,59.2061330634224,1,-4.94777908815228,0,4.94777908815228,0
225,233,0.008296475991212,0.024722917110721,0,221.794196536549,1,84.5449444845776,0,-84.5449444845776,0
232,233,0.0010223092238063,0.0346653291892362,0,753.391154016901,1,-41.8645062677755,0,41.8645062677755,0
181,234,0.0526750798442782,0.143870223698332,0,91.1404044510733,1,8.01318645495421,0,-8.01318645495421,0
232,234,0.0392888259738354,0.211709472870053,0,13.7062436452465,1,1.56879513810871,0,-1.56879513810871,0
184,235,0.0700813018391384,0.162859075163705,0,76.7637569193242,1,-7.05418555684261,0,7.05418555684261,0
185,235,0.0394424372312307,0.271455175588789,0,86.0215300052374,1,6.56139763445325,0,-6.56139763445325,0
232,235,0.242798061119569,0.391310782130616,0,2.90906348863376,1,2.90906348863376,0,-2.90906348863376,0
228,236,5.40216347654647e-05,0.0065750213263687,0,1316.36153185782,1,-305.21910481404,0,305.21910481404,0
232,236,0.0078182070614205,0.107825752936114,0,162.997157782749,1,9.59348177917057,0,-9.59348177917057,0
233,236,0.0027338554663004,0.0144509423645454,0,595.83954316022,1,172.00755663753,0,-172.00755663753,0
228,237,0.0092425365709965,0.0186563181597907,0,381.428863467743,1,-73.9274230415653,0,73.9274230415653,0
232,237,0.0026577872423814,0.0262295766607065,0,262.189321472229,1,63.364842520634,0,-63.364842520634,0
234,237,0.133248189487913,0.13879218926086,0,158.111009947925,1,9.58198159306292,0,-9.58198159306292,0
182,238,0.0047111159534647,0.101366032278556,0,379.250827496656,1,-10.6300393586587,0,10.6300393586587,0
185,238,0.0610070646862875,0.0713567604354028,0,76.3390132402398,1,-6.31925882463306,0,6.31925882463306,0
187,238,0.0281434388092495,0.0925145083795356,0,145.066290003695,1,-3.57747888372225,0,3.57747888372225,0
223,238,0.0016991792845136,0.0283286147134214,0,81.2383580275293,1,72.1158752885142,0,-72.1158752885142,0
231,238,0.0329615673127918,0.244810988875265,0,75.0402100225305,1,0.683758931330833,0,-0.683758931330833,0
232,238,0.0021610389565534,0.0487290333474554,0,6328.67915899612,1,-22.4445099955843,0,22.4445099955843,0
235,238,0.0042108402588595,0.0208912605644509,0,991.512296476894,1,-106.841192189481,0,106.841192189481,0
183,239,0.0052961267618716,0.0586511991557679,0,927.110453961349,1,27.6321256001332,0,-27.6321256001332,0
187,239,0.0264609212281972,0.148422825714828,0,12.4386706518591,1,-4.48441581640932,0,4.48441581640932,0
232,239,0.0195390593609154,0.0617046030200552,0,788.965498687858,1,-23.1477097837238,0,23.1477097837238,0
190,240,0.00458894634331,0.0310091457468817,0,186.827166511527,1,61.9443449635685,0,-61.9443449635685,0
244,245,0.0036857339915299,0.0373183862033247,0,188.873143615341,1,-36.393497369352,0,36.393497369352,0
243,247,0.014196286450231,0.0729354150150365,0,1178.56266360764,1,28.7425276450588,0,-28.7425276450588,0
246,247,0.0033271369333768,0.0391806210253412,0,640.296422598539,1,-28.7425276450588,0,28.7425276450588,0
248,249,0.038888012135938,0.299321075112673,0,92.9463250869015,1,0.0,0,0.0,0
248,250,0.0003854936281848,0.0194106039359282,0,1548.86273924432,1,-112.148120124285,0,112.148120124285,0
248,252,0.0077849535060562,0.0176148624553669,0,1279.9482995359,1,112.148120124285,0,-112.148120124285,0
244,253,0.0004109521294229,0.0155771035349939,0,402.44287671,1,-180.689590096819,0,180.689590096819,0
245,254,0.0262409423127471,0.0067531345099671,0,195.022474143419,1,-36.393497369352,0,36.393497369352,0
246,254,0.000878180701251,0.0706260957026797,0,4692.61819001824,1,29.0994231356972,0,-29.0994231356972,0
250,254,0.0049544539355382,0.0480085194786781,0,802.725447330261,1,7.29407423365479,0,-7.29407423365479,0
242,255,0.007295054881683,0.0180512709194188,0,168.712843129915,1,56.6304458993303,0,-56.6304458993303,0
251,255,0.0023012842465652,0.0163822308965444,0,674.432096022679,1,95.9550414359353,0,-95.9550414359353,0
253,255,0.0021601993282909,0.0098488954967941,0,544.910838702712,1,-100.638274248866,0,100.638274248866,0
253,256,0.039301570584448,0.0586009074792104,0,628.964040535085,1,-268.690524676891,0,268.690524676891,0
251,257,0.0083111354457009,0.0180041012770439,0,310.765354581175,1,134.473755361839,0,-134.473755361839,0
253,257,0.0002983441771068,0.0034699026659362,0,1376.37764423396,1,-40.9390099904906,0,40.9390099904906,0
255,257,0.351831107481289,0.954847282484545,0,4.58272397991192,1,0.889274632419279,0,-0.889274632419279,0
252,258,0.0004653098951253,0.0181981257143806,0,563.763864581144,1,-102.001717897967,0,102.001717897967,0
253,259,0.000870234543678,0.116740223703094,0,90.1050625520189,1,10.2943569319747,0,-10.2943569319747,0
255,259,0.0070051402614081,0.0667265909099104,0,1064.2474214733,1,32.8645798814113,0,-32.8645798814113,0
256,259,0.121580196794782,1.12878468032853,0,15.0137350405188,1,15.0137350405188,0,-15.0137350405188,0
257,259,0.0166335552895061,0.0172635298607399,0,478.112713139666,1,77.8415493161152,0,-77.8415493161152,0
258,260,0.0002732483731376,0.0361642057390293,0,2321.30982311987,1,-23.9621657235279,0,23.9621657235279,0
260,261,0.0040903411972987,0.071748739265019,0,267.776110906893,1,-17.1694301870074,0,17.1694301870074,0
261,262,0.0090320526630648,0.0290755043510458,0,351.268000251835,1,-76.3454513725581,0,76.3454513725581,0
257,263,0.0002867805920583,0.854869097867796,0,3.41012707626806,1,1.87544224761359,0,-1.87544224761359,0
260,263,0.0207153171016537,0.122019531547511,0,171.102635705187,1,-6.7927355365205,0,6.7927355365205,0
261,263,0.0942315760334698,0.382850598513953,0,92.9463250869015,1,1.05273065600153,0,-1.05273065600153,0
255,264,0.0136924219396535,0.116609601072124,0,42.3135417149951,1,18.1933585725693,0,-18.1933585725693,0
257,264,0.0051861001530929,0.0874093942987817,0,48.8075960489415,1,14.5567742388436,0,-14.5567742388436,0
258,264,0.0068420209226597,0.0259647556395585,0,244.415660045559,1,-78.0395521744393,0,78.0395521744393,0
261,264,0.0199236647366084,0.0007247809379747,0,250.10976555745,1,99.588378754434,0,-99.588378754434,0
257,266,0.0059897474378983,0.153966943810049,0,285.273929231767,1,5.54547911891911,0,-5.54547911891911,0
265,266,0.0027091946667899,0.0168034859127586,0,997.815684600612,1,86.6747349128584,0,-86.6747349128584,0
265,267,0.0212796905513019,0.0115341592911171,0,447.706811465698,1,233.621911338806,0,-233.621911338806,0
242,269,0.0015056568255654,0.0107991345973231,0,820.620943748503,1,244.973839637024,0,-244.973839637024,0
262,269,0.0005253642505223,0.0173998850520564,0,587.960197334071,1,103.08665357855,0,-103.08665357855,0
261,270,0.0713175305509198,0.0915560716900783,0,294.94562229962,1,4.31481844629885,0,-4.31481844629885,0
265,270,0.0015278955774058,0.0095697679898804,0,412.056133717287,1,229.669528573468,0,-229.669528573468,0
267,270,0.0145128801694526,0.087284419273815,0,44.6928778764657,1,-5.69114442894333,0,5.69114442894333,0
265,271,0.0013551002275891,0.0021319441588901,0,2423.88380182942,1,-593.778399314251,0,593.778399314251,0
265,272,0.0001879165867512,0.0118474094988688,0,419.158968742691,1,33.9191225227933,0,-33.9191225227933,0
269,272,0.0022481434752114,0.0287417800938656,0,376.728277912671,1,-33.9191225227933,0,33.9191225227933,0
267,273,0.0008873738167114,0.00868448545246,0,372.281495723209,1,202.136965716112,0,-202.136965716112,0
250,274,0.0006076790962588,0.0054446183253321,0,290.602379556725,1,-119.442194357939,0,119.442194357939,0
265,274,0.0201891583226344,0.0965198188294923,0,822.192833358065,1,9.89310196632568,0,-9.89310196632568,0
269,276,0.0036505794114183,0.0902359460746115,0,282.545993330497,1,24.8637608112189,0,-24.8637608112189,0
273,276,0.0047416908245447,0.19054834863589,0,37.4334317761179,1,-4.35444971689828,0,4.35444971689828,0
268,277,0.0203680270361098,0.617793450015243,0,92.9463250869015,1,-0.209523175023094,0,0.209523175023094,0
269,277,0.0977471132987608,0.575505968778519,0,2.59231669283452,1,0.916386714541412,0,-0.916386714541412,0
270,277,0.0082307657115545,0.415565901402557,0,3.48896932433007,1,-0.706863539518317,0,0.706863539518317,0
270,279,0.0447320930083626,0.0302347364260074,0,125.003890942385,1,64.4572856530714,0,-64.4572856530714,0
275,280,0.250625284120689,0.0548142078051318,0,15.7568129614406,1,4.09170955226591,0,-4.09170955226591,0
273,281,0.0270642041952515,0.0139001151486238,0,256.419134020133,1,50.8829385367878,0,-50.8829385367878,0
279,281,0.0028325910973798,0.0140386141170166,0,127.978087069309,1,71.9895445897271,0,-71.9895445897271,0
280,281,0.0184660063524032,0.26747893470534,0,15.396113533154,1,4.09170955226591,0,-4.09170955226591,0
275,283,0.0684714145932479,0.252422655823389,0,16.4208681178647,1,-4.09170955226592,0,4.09170955226592,0
278,283,0.0093134631424426,0.0690872854305658,0,187.85300946511,1,-59.6586046956378,0,59.6586046956378,0
283,285,0.0074967270613149,0.0476860502729424,0,2150.04652593989,1,-48.0713132608651,0,48.0713132608651,0
282,286,0.001010075564679,0.0156111164692939,0,453.820785315756,1,-80.1908879226465,0,80.1908879226465,0
284,286,0.0040172868245452,0.0151689759601165,0,362.526740128641,1,80.1908879226465,0,-80.1908879226465,0
279,287,0.245435848543399,0.108928754262314,0,33.0631673729749,1,-7.53225893665579,0,7.53225893665579,0
283,290,0.0108682761845567,0.0272856096599317,0,1125.96917688099,1,-66.9911322171046,0,66.9911322171046,0
284,290,0.0012466823106986,0.040305885989288,0,1407.16005501261,1,-36.9531311500338,0,36.9531311500338,0
282,291,0.0020522760660179,0.0075636813525721,0,522.733731909744,1,-249.085759394191,0,249.085759394191,0
289,291,0.0035357604023663,0.0067392303884401,0,584.489944701454,1,249.085759394191,0,-249.085759394191,0
263,292,0.0961326432573682,0.0601594777452177,0,171.936240909174,1,-3.86456263290538,0,3.86456263290538,0
266,292,0.001896100621801,0.0535400616898755,0,319.568890708003,1,9.65533218290344,0,-9.65533218290344,0
276,292,0.028603641598823,0.0986162330664601,0,336.660039179651,1,-16.7007992056532,0,16.7007992056532,0
284,292,0.0034964789297238,0.0493418808118565,0,267.122866095014,1,-10.0106945887585,0,10.0106945887585,0
285,292,0.03045815888113,0.0513098875797515,0,717.958536943642,1,28.4529831810695,0,-28.4529831810695,0
287,292,0.13996037192873,0.179609969076574,0,28.6119190304394,1,-7.53225893665579,0,7.53225893665579,0
243,293,0.014995419644561,0.0332901202218639,0,112.80115730335,1,76.9831160044009,0,-76.9831160044009,0
289,293,0.0035956763439605,0.0279771362042608,0,138.592595926699,1,-76.2224914073806,0,76.2224914073806,0
241,294,0.0113332451412576,0.0617869459807022,0,890.43877191972,1,21.1286876077516,0,-21.1286876077516,0
269,294,0.133931580689928,1.02697293015224,0,2.33386364419425,1,-0.209983058931387,0,0.209983058931387,0
284,294,0.0009110977062129,0.0393121872237801,0,1195.5264785595,1,-33.2270621838542,0,33.2270621838542,0
290,294,0.0182367838989592,0.0928758879576021,0,32.6563265277095,1,1.97252705348283,0,-1.97252705348283,0
293,294,0.026005297625632,0.306833589774176,0,31.7225364686246,1,6.25950772267359,0,-6.25950772267359,0
289,295,0.0021837192299021,0.0128716792610952,0,622.428814760507,1,-154.855552185363,0,154.855552185363,0
243,296,0.266177416999275,0.446142564241842,0,17.0497709667222,1,5.12113022888184,0,-5.12113022888184,0
241,297,0.0012193412017857,0.0629117507764493,0,585.220979741864,1,-21.1286876077516,0,21.1286876077516,0
288,297,4.56965690507355e-06,0.0002573410248083,0,811.799518159258,1,433.363099192457,0,-433.363099192457,0
290,297,0.0013255721018942,0.0136698001090964,0,599.930911561766,1,-179.338365425815,0,179.338365425815,0
295,297,0.0119457218191847,0.0037222636588349,0,399.064599269016,1,-229.249909926633,0,229.249909926633,0
296,297,0.0015055489297023,0.119597717040932,0,84.816735834599,1,-3.64613623225591,0,3.64613623225591,0
289,298,0.0169804701002447,0.0332729227984452,0,485.510723009316,1,-18.0077158014482,0,18.0077158014482,0
294,298,0.0747528388411909,0.0950144411719381,0,21.1955508983772,1,-4.07632285887761,0,4.07632285887761,0
295,298,0.0205555037468986,0.0631262099896763,0,1319.35279864908,1,22.0840386603258,0,-22.0840386603258,0
246,299,0.0671827013935116,0.130383073948852,0,68.6203691023937,1,-0.356895490638418,0,0.356895490638418,0
290,299,0.32922139166377,0.110734547595503,0,41.7992973107966,1,-10.1525594334331,0,10.1525594334331,0
293,299,0.0821525169925324,0.351964187803344,0,4.69389115775848,1,1.74218846293376,0,-1.74218846293376,0
296,299,0.0001320612421643,0.101652090308617,0,133.48904644734,1,8.76726646113774,0,-8.76726646113774,0
295,300,0.059091984314563,0.0084669183760222,0,82.6216894180122,1,52.3103190809448,0,-52.3103190809448,0
15,96,0.000176564381371,0.003285526593394,0,10137.9301954266,1,1802.57143002674,0,-1802.57143002674,0
13,104,0.0020313908601893,0.0088299381677981,0,693.13681296549,1,260.584625851146,0,-260.584625851146,0
12,71,0.0010869573825531,0.0036576235771437,0,1095.5948003295,1,407.628506396155,0,-407.628506396155,0
8,85,0.0006114389296206,0.0358647576613535,0,4250.89683994417,1,24.0728497605207,0,-24.0728497605207,0
90,167,0.0003010349144801,0.0029983912400153,0,552.655862245233,1,-463.916499516795,0,463.916499516795,0
99,175,0.0004155827096237,0.0018479743127361,0,1157.89696244172,1,-884.559536316405,0,884.559536316405,0
89,175,6.73279648834548e-05,0.0048246393749938,0,3012.20395191237,1,-382.794104664015,0,382.794104664015,0
108,129,0.0001260629641601,0.012572651525351,0,615.80914283431,1,-194.857526194723,0,194.857526194723,0
123,209,0.0071125470430524,0.18242438828449,0,92.9463250869015,1,-7.17050042967867,0,7.17050042967867,0
124,221,0.0287205056178003,0.135502424715556,0,93.6590822899312,1,-2.29130318096832,0,2.29130318096832,0
149,210,0.0098521620516264,0.175801577166209,0,6551.39424857495,1,24.2966549490334,0,-24.2966549490334,0
174,237,0.168579540513626,1.8932183987795,0,8.46373671176395,1,0.980598927868397,0,-0.980598927868397,0
211,285,0.0229183306509524,0.0211471449699223,0,105.759744320894,1,-49.721481490251,0,49.721481490251,0
195,269,0.0028046946884516,0.0065929067182635,0,406.768238689632,1,-254.768219700681,0,254.768219700681,0
229,268,0.0833031018875196,0.0895033774271952,0,92.9463250869015,1,-0.209523175023096,0,0.209523175023096,0
238,267,0.0049319783927045,0.0167734689926955,0,312.880595458488,1,-77.0128450322341,0,77.0128450322341,0
257,37,0.0017064987788772,0.0130906536042013,0,229.855984970918,1,-5.39522491772398,0,5.39522491772398,0
274,30,0.0107808974597067,0.214901695969753,0,104.519040928216,1,18.1159604904315,0,-18.1159604904315,0
267,31,0.0001739250511847,0.0026126835195658,0,1602.39922967246,1,-354.307395537969,0,354.307395537969,0
283,13,0.0011798207004443,0.0402406417214376,0,6797.58109047609,1,51.3121312300659,0,-51.3121312300659,0
