from_bus,to_bus,resistance,reactance,susceptance,line_rating,line_status,P_from,Q_from,P_to,Q_to
4,6,0.064338331205552,0.118656036603873,0,524.015823537287,1,33.6721510436031,0,-33.6721510436031,0
4,7,0.0021774211713881,0.0175184774003593,0,383.97309134714,1,110.588629622949,0,-110.588629622949,0
6,8,0.0001670581579977,0.136979994988941,0,659.996697200078,1,33.6721510436032,0,-33.6721510436032,0
4,9,0.0002038083594722,0.0069443614360274,0,987.525941686768,1,-79.285674620254,0,79.285674620254,0
5,11,0.0101461932316759,0.0905316732565234,0,90.2515833750973,1,48.8405235731068,0,-48.8405235731068,0
4,13,0.0549005456097436,0.122816212408998,0,85.4052088431687,1,-0.362341762053497,0,0.362341762053497,0
5,13,0.0109177077142382,0.0230288171776593,0,94.052438298392,1,-48.8405235731068,0,48.8405235731068,0
7,14,0.0123683407873477,0.0326741350301809,0,395.923314980669,1,110.588629622949,0,-110.588629622949,0
12,14,0.197420191441304,0.275240147483616,0,72.8198329971364,1,-9.65909725000073,0,9.65909725000073,0
11,15,0.0009284915228214,0.0456520398879137,0,47.9027576518571,1,33.4389910825033,0,-33.4389910825033,0
14,15,0.0019958811471089,0.0071876158252319,0,293.023508728907,1,205.58671080398,0,-205.58671080398,0
11,16,0.0203416867921612,0.0515274352276843,0,7.24853505170055,1,0.587704473214234,0,-0.587704473214234,0
14,16,0.0497276707587602,0.0316433774949696,0,6.08640608741212,1,-0.587704473214234,0,0.587704473214234,0
9,17,0.0009002177867325,0.0045036907729674,0,992.993518740462,1,468.968523434883,0,-468.968523434883,0
14,18,0.0020513325441963,0.0256579095645704,0,5348.63641870451,1,8.04064706302912,0,-8.04064706302912,0
11,19,0.0143495448788073,0.042622193022073,0,62.4279132260732,1,14.8138280173895,0,-14.8138280173895,0
12,20,0.0102970298259415,0.007713743977337,0,798.886162415379,1,-166.480065384522,0,166.480065384522,0
12,22,0.0243687070506707,0.0786021085475533,0,227.513676613389,1,-10.6510436012894,0,10.6510436012894,0
18,22,0.002176656024923,0.16292230781047,0,190.602290551813,1,9.91313401385482,0,-9.91313401385482,0
20,22,0.116299464382553,0.605751875330998,0,2.78212172764564,1,0.73790958743464,0,-0.73790958743464,0
18,24,0.0091410168100438,0.0237436027126737,0,452.74514423799,1,118.826337224071,0,-118.826337224071,0
17,25,0.0031705982236862,0.0325850349803205,0,255.599067386189,1,129.282727924269,0,-129.282727924269,0
21,25,0.0020209321144273,0.0093246839253211,0,660.851390785926,1,118.941901531234,0,-118.941901531234,0
17,26,0.167544528948397,0.414411362633041,0,40.4993486942975,1,14.2212074449338,0,-14.2212074449338,0
20,26,0.0304188395677654,0.125327241573651,0,57.503472713977,1,4.22742736217377,0,-4.22742736217377,0
21,26,0.0280272640951395,0.0357936527222583,0,77.9424051153558,1,77.9424051152833,0,-77.9424051152833,0
24,26,0.0011906027129393,0.0099093101853897,0,473.067026644873,1,-113.375498073955,0,113.375498073955,0
21,27,0.000552192396468,0.0079801298447682,0,244.359278491671,1,-201.1998409794,0,201.1998409794,0
18,28,0.0009279133045511,0.0124087264295109,0,285.876481878162,1,-131.484772928886,0,131.484772928886,0
20,28,0.008851539558671,0.0165738245390961,0,687.237680220821,1,-168.919317630958,0,168.919317630958,0
26,28,0.0418115488191755,0.0540694921760405,0,78.2568872848704,1,-61.5772556378643,0,61.5772556378643,0
27,28,0.0057186098440332,0.0029448846081714,0,1765.30251581464,1,361.981346197707,0,-361.981346197707,0
20,29,0.01131576727242,0.0368067249921253,0,2.52608470322027,1,-2.52608470317246,0,2.52608470317246,0
21,29,0.0916245457039232,0.502152108787708,0,40.5581181864503,1,4.31553433288374,0,-4.31553433288374,0
2,30,0.0008919437457039,0.0027957226670023,0,953.362943152394,1,-505.822048520936,0,505.822048520936,0
23,30,0.0390307616845274,0.287511578445967,0,19.2297254632295,1,-3.29922363773273,0,3.29922363773273,0
24,32,0.0012608671413217,0.0441279097860202,0,436.248528535519,1,56.8208263645736,0,-56.8208263645736,0
3,33,0.0253857242511394,0.123419302549328,0,1829.09011224718,1,13.534166780856,0,-13.534166780856,0
23,33,0.0428182705246642,0.303153480073182,0,20.7843169074932,1,3.29922363773273,0,-3.29922363773273,0
32,33,0.0004611582197799,0.0124729569607889,0,555.941374635164,1,-170.344484714282,0,170.344484714282,0
3,34,0.0016932056769198,0.004831826097094,0,741.684834845334,1,34.7674184966273,0,-34.7674184966273,0
25,34,0.0060144901835967,0.0242274029297291,0,137.327291933498,1,69.5294619599739,0,-69.5294619599739,0
18,35,0.042788444848485,0.0903324652663478,0,234.848786749194,1,10.7859487539887,0,-10.7859487539887,0
34,35,0.0091923617876811,0.0674341763558201,0,235.703134159508,1,-10.7859487539887,0,10.7859487539887,0
2,36,0.0068616680991006,0.0736992007681718,0,270.44486049967,1,11.9296832844921,0,-11.9296832844921,0
31,38,0.0001876318093274,5.00405586624606e-05,0,4053.37218786509,1,2683.17168155417,0,-2683.17168155417,0
37,38,0.0021294154388562,0.0213507340757699,0,595.359657956624,1,-297.499637888635,0,297.499637888635,0
29,39,0.0022514049855088,0.0444417694363856,0,28.5026656802946,1,1.78944962971128,0,-1.78944962971128,0
33,39,0.0038161592421906,0.0133503071425792,0,275.69143335303,1,-153.511094295693,0,153.511094295693,0
34,39,0.0016484251770598,0.0006950075133691,0,1004.27553991397,1,-787.089266604059,0,787.089266604059,0
37,39,0.001697906974056,0.0055547924318693,0,4164.78923766065,1,938.810911270038,0,-938.810911270038,0
34,40,0.0103000580192324,0.0034388943985967,0,825.188411872167,1,175.116591744254,0,-175.116591744254,0
36,40,0.0008706033025425,0.185915972496971,0,46.4529921503123,1,-6.69544412158265,0,6.69544412158265,0
4,41,0.0021190010018985,0.010249330493468,0,823.160173805803,1,-234.678734337773,0,234.678734337773,0
13,41,0.0063512774967534,0.0479809143049355,0,153.149101752302,1,-49.2028653351603,0,49.2028653351603,0
38,41,0.0002117820118309,0.0079250191521253,0,1806.71441656973,1,283.881599672933,0,-283.881599672933,0
32,42,0.031175892672931,0.0426488368040949,0,438.521890967762,1,-18.7567617448029,0,18.7567617448029,0
36,42,0.011370321957218,0.052255032190634,0,634.589548892648,1,18.7567617448029,0,-18.7567617448029,0
34,43,0.0030242661818494,0.0095700633993462,0,1499.98614816363,1,188.286145250836,0,-188.286145250836,0
36,43,0.111153443612125,0.342517953753459,0,33.5014565067532,1,-0.131634338728037,0,0.131634338728037,0
44,45,0.0001711686708651,0.002146068505298,0,2039.72936846795,1,593.420127559378,0,-593.420127559378,0
19,46,0.000159570299989,0.0064770965743003,0,1321.96983539901,1,325.632120040521,0,-325.632120040521,0
44,46,0.0268026969889433,0.0198940239616801,0,16.3262971547298,1,5.87697007038317,0,-5.87697007038317,0
43,47,0.0057389010058265,0.0532959774382486,0,67.2547565348415,1,-44.417809816111,0,44.417809816111,0
44,48,0.0036985780959126,0.0047487238897437,0,1294.69108264718,1,350.310187505327,0,-350.310187505327,0
46,48,0.0005895798171756,0.0046653615812086,0,1265.55336935704,1,331.509090110906,0,-331.509090110906,0
47,48,0.0003979551505178,0.0066344658756803,0,470.179404246845,1,436.461597737431,0,-436.461597737431,0
47,49,0.0004872599536994,0.00230492489539,0,947.206081255054,1,-509.997679992541,0,509.997679992541,0
45,50,0.0017329788737587,0.0013566084016978,0,2009.46178048639,1,593.420127559376,0,-593.420127559376,0
1,51,0.216242990128478,1.11902935272795,0,33.5014565067532,1,0.0,0,0.0,0
44,52,0.0263921330863001,1.20558042177536,0,33.5014565067532,1,0.0,0,0.0,0
47,53,0.123634719502919,0.839226427705055,0,2.69440290388981,1,0.759763881605352,0,-0.759763881605352,0
44,54,0.0001449273539106,0.0009398722387119,0,903.943446884149,1,-893.671867440327,0,893.671867440327,0
47,54,0.0028048013066751,0.0138309756483807,0,46.9395602261559,1,28.3585085573943,0,-28.3585085573943,0
2,55,0.57171271778725,1.70082797388187,0,2.32817927517776,1,-0.768822989317378,0,0.768822989317378,0
10,55,0.0044290286325465,0.0272776301173814,0,144.985821085275,1,9.21902917340045,0,-9.21902917340045,0
48,56,4.55410910823612e-05,0.0007988708325007,0,2124.70920049906,1,-1364.35854442326,0,1364.35854442326,0
55,56,0.0022845182672119,0.0011582068313334,0,1869.32568344067,1,1364.35854442325,0,-1364.35854442325,0
2,57,1.95662980491982e-05,0.0006336136670084,0,1282.55299936625,1,597.084635840179,0,-597.084635840179,0
34,57,0.0002859068678909,0.0024984908880263,0,1291.4454505256,1,538.769358819561,0,-538.769358819561,0
48,57,0.0009806877782747,0.0016105093111843,0,1960.1034652199,1,-611.110406561256,0,611.110406561256,0
53,57,0.592554041621554,1.67667439699119,0,2.38954157972592,1,0.759763881605349,0,-0.759763881605349,0
1,58,0.0013161027910493,0.0459633499458603,0,632.799425629107,1,-96.7808833930646,0,96.7808833930646,0
10,59,0.005998811202226,0.0281691587097326,0,145.380222152033,1,-9.21902917340027,0,9.21902917340027,0
38,59,0.0115013566070128,0.0053586486342714,0,5190.01023077288,1,2101.7904439926,0,-2101.7904439926,0
49,59,0.0143075867342282,0.144142349568049,0,113.416096796574,1,6.17358279219002,0,-6.17358279219002,0
54,59,2.08909463746249e-05,0.000912525590944,0,5026.2300451399,1,-742.836659372242,0,742.836659372242,0
55,59,0.0007691925977943,0.0003769912385319,0,3712.39616730764,1,-1355.90833823915,0,1355.90833823915,0
2,60,0.0649126281137643,0.825001907272279,0,19.1111646789727,1,-2.88633868421462,0,2.88633868421462,0
19,60,0.0052570916846338,0.0002831057415387,0,1150.10278913832,1,-310.818292023134,0,310.818292023134,0
54,60,0.110843717209358,0.093211651649839,0,380.557332397899,1,-13.3061816646661,0,13.3061816646661,0
58,60,4.24753554920029e-05,0.0008358872327757,0,1306.66511858396,1,327.010812372006,0,-327.010812372006,0
61,64,0.280980204141657,0.418603748116072,0,33.5014565067532,1,0.806441474037739,0,-0.806441474037739,0
66,67,0.0040084927599363,0.000946311207462,0,4140.34620849229,1,403.660928343783,0,-403.660928343783,0
61,69,0.0038081054996425,0.370125728283546,0,33.5014565067532,1,-4.30543895386739,0,4.30543895386739,0
68,70,0.0001729692262554,0.0043603905850031,0,2917.46403621307,1,-399.321633459136,0,399.321633459136,0
62,71,0.0026738646177161,0.0066566634307251,0,672.633795974536,1,200.591959574429,0,-200.591959574429,0
65,71,0.355132244519364,0.767297301936174,0,33.5014565067532,1,0.457396700166107,0,-0.457396700166107,0
63,72,0.0008571963208862,0.0139078010458682,0,594.649657394763,1,289.90203726948,0,-289.90203726948,0
65,72,0.0101152264183855,0.0214877690574552,0,591.955411604807,1,-136.818039420959,0,136.818039420959,0
71,72,0.0019145452285678,0.0214971762834394,0,525.640898621773,1,-153.083997848522,0,153.083997848522,0
66,74,0.0005226348973649,0.0052720900577502,0,1215.87744680779,1,-315.735088872606,0,315.735088872606,0
70,74,0.0114881230442507,0.0138719265979216,0,1481.03224384049,1,-128.598352730762,0,128.598352730762,0
75,77,0.0004203015994717,0.0029221275850321,0,951.697436214713,1,-235.656631468506,0,235.656631468506,0
63,80,0.000934637790529,0.0017019751031122,0,2712.88125381362,1,-637.10589280318,0,637.10589280318,0
76,80,0.290529949947366,1.25727580243879,0,33.5014565067532,1,0.0,0,0.0,0
78,81,0.0008812938492502,0.004315670131907,0,565.10971945526,1,171.386902652644,0,-171.386902652644,0
79,81,6.29385063778201e-05,0.0024463090876592,0,3001.21307046476,1,-653.812648320534,0,653.812648320534,0
73,82,3.2063273224436e-05,0.0003423482759207,0,9037.63397633591,1,847.716924245606,0,-847.716924245606,0
77,82,0.0002844470577395,0.0030152566130758,0,1389.46398439898,1,-235.656631468505,0,235.656631468505,0
78,82,0.000121930290609,0.0003544301464554,0,3276.05765739436,1,-841.578740842402,0,841.578740842402,0
78,84,0.0038309845488437,0.0028846728321993,0,2535.36641464858,1,189.999693080343,0,-189.999693080343,0
79,84,0.0093404364312531,0.0115296469880216,0,228.781264896211,1,-155.337818156687,0,155.337818156687,0
83,84,0.0053587651657711,0.0258710710363937,0,699.41138684214,1,-91.936250657402,0,91.936250657402,0
75,85,0.0031219343200674,0.0023366936259573,0,257.22388334218,1,143.364421214142,0,-143.364421214142,0
78,85,0.0004982303568649,0.0029902650998234,0,1648.30732440101,1,480.192145109413,0,-480.192145109413,0
83,85,0.0018303552856678,0.0119214884406429,0,338.369212557186,1,-125.040964391689,0,125.040964391689,0
83,86,0.0136429732976439,0.172428111556756,0,19.1148022866813,1,-8.48332182553469,0,8.48332182553469,0
80,87,0.0023581448080258,0.0782576000227341,0,121.904530896739,1,41.6879925295169,0,-41.6879925295169,0
86,87,0.0430652583569023,0.0411569806656684,0,847.767990014227,1,-7.31326288538741,0,7.31326288538741,0
83,90,0.0034041940941354,0.0019799147892516,0,874.589387706017,1,304.191044899098,0,-304.191044899098,0
89,90,0.0004774032509237,0.0060051241323663,0,1021.96831112467,1,-304.191044899097,0,304.191044899097,0
83,91,0.359721869943373,0.184963390869764,0,343.688857047465,1,-8.3035098475237,0,8.3035098475237,0
62,92,3.50944915423275e-05,0.0021448220255736,0,2005.70181148046,1,-491.461101315757,0,491.461101315757,0
85,92,0.0017105366890906,0.006543051952806,0,1381.04653958844,1,379.373319842748,0,-379.373319842748,0
86,92,0.0042401987380383,0.0119149930442641,0,925.489979904757,1,205.988210200754,0,-205.988210200754,0
63,93,0.0122123122642253,0.0364417658558369,0,169.854904430843,1,60.2490100754321,0,-60.2490100754321,0
91,93,0.0570024575618475,0.0253378639804942,0,608.093654668577,1,-8.30350984752366,0,8.30350984752366,0
85,95,0.0063609552587018,0.0353876483090419,0,166.722005088674,1,38.9722148257474,0,-38.9722148257474,0
88,96,0.0311361397426968,0.102581768160621,0,297.492914475608,1,23.7931427605005,0,-23.7931427605005,0
93,96,0.014764009481389,0.161517015079074,0,299.291430804298,1,-23.7931427605005,0,23.7931427605005,0
64,97,0.0353020500762612,0.445187975254272,0,33.5014565067532,1,0.0,0,0.0,0
88,98,0.0243159659062459,0.199208187734422,0,291.593239187465,1,-23.7931427605005,0,23.7931427605005,0
94,98,0.60450392408489,1.40885506694165,0,33.5014565067532,1,3.4694469519536098e-16,0,-3.4694469519536098e-16,0
94,99,0.222250095830389,1.06760996489531,0,33.5014565067532,1,0.0,0,0.0,0
98,99,0.0670392403505368,1.11191983441154,0,33.5014565067532,1,-6.93889390390723e-16,0,6.93889390390723e-16,0
70,100,0.0001144121108194,0.0115236750615535,0,671.884627448764,1,-267.604251161646,0,267.604251161646,0
79,100,0.0024483968492922,0.0043147064373212,0,482.152900293389,1,247.315064631479,0,-247.315064631479,0
95,101,0.0164083717302457,0.007402780232268,0,2403.06988083081,1,20.2891865301666,0,-20.2891865301666,0
100,101,0.0058908701945007,0.0217325532970573,0,1545.25617638469,1,-20.2891865301667,0,20.2891865301667,0
79,103,0.0008071108512649,0.0066329272612633,0,645.620951277598,1,289.205640543692,0,-289.205640543692,0
103,104,0.006038048363217,0.0019984979504988,0,767.489795448553,1,286.753791621389,0,-286.753791621389,0
103,105,0.0184212199762586,0.180203060272007,0,41.6952143772128,1,2.451848922302,0,-2.451848922302,0
80,106,0.0005783921610687,0.0014367496392906,0,2533.83635207951,1,-678.793885332698,0,678.793885332698,0
62,107,0.013519065129442,0.0729423884171159,0,980.043601545057,1,-85.0227355728982,0,85.0227355728982,0
69,107,0.033229622997944,0.367647135400452,0,33.5014565067532,1,-4.30543895386738,0,4.30543895386738,0
102,107,0.237914426710516,0.726476639154111,0,33.5014565067532,1,-0.426745699999684,0,0.426745699999684,0
70,108,0.0169295842074563,0.693024032245964,0,3.97745609360414,1,-1.78537209807804,0,1.78537209807804,0
87,109,0.0007371013168233,0.0505513436584019,0,620.253061246007,1,16.9685283845944,0,-16.9685283845944,0
102,110,0.0438855771431581,0.266590219107484,0,33.5014565067532,1,0.0,0,0.0,0
79,111,0.0032862687315445,0.0063899501541086,0,1253.18028290643,1,127.027928392148,0,-127.027928392148,0
108,112,0.0063432411898885,0.0154076474172997,0,328.255416409362,1,-133.61905684004,0,133.61905684004,0
105,113,0.0263195783953905,0.309770662003483,0,21.4494432310508,1,1.54247672263633,0,-1.54247672263633,0
112,113,0.0058449059234242,0.0262477592418536,0,395.560627737388,1,75.5534757547785,0,-75.5534757547785,0
62,114,0.173687724981689,0.505157565232743,0,33.5014565067532,1,0.0252810748308463,0,-0.0252810748308463,0
105,114,0.0304303023420142,0.314327685308034,0,7.32305618468824,1,0.909372199665692,0,-0.909372199665692,0
108,114,0.0240632238981031,0.28632976390372,0,8.94207245086395,1,-0.934653274496533,0,0.934653274496533,0
64,115,0.0414066332856478,0.437745886874749,0,33.5014565067532,1,0.806441474037733,0,-0.806441474037733,0
111,115,0.0795664379567975,0.165790145808531,0,33.5014565067532,1,-3.09578746920265,0,3.09578746920265,0
65,116,0.0050259676826728,0.015438169544769,0,351.61740785031,1,-85.7051765631327,0,85.7051765631327,0
66,116,0.0183031358896206,0.0197574434384578,0,381.794876287726,1,-87.9258394711775,0,87.9258394711775,0
70,116,0.0184763346050252,1.39204625665702,0,3.32403037887973,1,-1.33365746865029,0,1.33365746865029,0
111,116,0.0039864158214295,0.0084740610187303,0,1768.37521639173,1,174.964673502961,0,-174.964673502961,0
65,117,0.0024693497401551,0.0096248029385927,0,293.091902368296,1,222.065819283925,0,-222.065819283925,0
61,118,0.0288367033145205,0.21329280167185,0,66.6980379304301,1,7.4247981449542,0,-7.4247981449542,0
62,118,0.000732102462826,0.0366977962076482,0,1859.27875787376,1,-39.2849033683118,0,39.2849033683118,0
109,118,0.0057955661813291,0.0540979563815459,0,586.618750473708,1,27.9120565569943,0,-27.9120565569943,0
115,118,0.0510628561387889,0.226202919903274,0,38.35287755861,1,3.94804866636311,0,-3.94804866636311,0
61,119,0.0552353649493659,0.144030590263788,0,93.7852142252987,1,-3.92580066512453,0,3.92580066512453,0
112,119,0.0009303575259065,0.0086645956914538,0,1934.70114095627,1,-209.172532594819,0,209.172532594819,0
87,120,0.0004440262128182,0.0324538036309349,0,138.843694650686,1,17.406201259535,0,-17.406201259535,0
111,120,0.0008080002223971,0.0317357319012353,0,1083.88938225134,1,-44.84095764161,0,44.84095764161,0
115,120,0.0425387213616419,0.145863714478278,0,42.4109812029532,1,-6.23739466152802,0,6.23739466152802,0
123,126,0.0512369980568842,0.0796231061049627,0,991.638432466456,1,-16.0600905490035,0,16.0600905490035,0
124,126,0.0134998773200318,0.133192508030674,0,527.447799698682,1,16.0600905490035,0,-16.0600905490035,0
125,128,0.0010908019968476,0.0604210696131008,0,726.384638334339,1,-17.4723041494611,0,17.4723041494611,0
127,128,0.0049661118101351,0.0521623016567896,0,1211.26619124286,1,27.3295841517029,0,-27.3295841517029,0
125,129,0.0037549360743326,0.0985666414490867,0,642.377515920835,1,24.573665817642,0,-24.573665817642,0
127,131,0.0115837417094185,0.022259578942192,0,233.710557286035,1,67.135312532485,0,-67.135312532485,0
122,132,0.0304036628197397,0.209082878665032,0,1502.60591288361,1,-13.8917612206804,0,13.8917612206804,0
124,132,0.0002962751531519,0.0112130544068022,0,500.110553519775,1,168.540826753233,0,-168.540826753233,0
125,132,0.0152456968754808,0.0124712490587616,0,158.753524993573,1,-5.81640361416524,0,5.81640361416524,0
123,133,0.100714031292999,0.145002254982133,0,4011.18328959135,1,16.0600905490035,0,-16.0600905490035,0
129,133,0.0820521678774563,0.0554271553216073,0,1689.06609543046,1,24.573665817642,0,-24.573665817642,0
130,134,0.0028332350821139,0.0759348458792787,0,156.770478184911,1,9.44873066249847,0,-9.44873066249847,0
127,137,3.37891159790831e-05,0.0141767946164925,0,604.082835285054,1,-94.4648966841879,0,94.4648966841879,0
130,137,0.0005811130724151,0.20167668637218,0,163.843003756797,1,-9.44873066249847,0,9.44873066249847,0
135,138,0.0156915354696618,0.130141216870426,0,42.0573191792275,1,-5.95384338230683,0,5.95384338230683,0
131,139,0.0008661886362049,0.0113476797131606,0,203.70874477923,1,130.261262933256,0,-130.261262933256,0
134,140,0.0060333187381046,0.0316969387848704,0,229.8606377839,1,-56.8717794277668,0,56.8717794277668,0
134,141,0.039186423577442,0.39058303353302,0,34.3617216206743,1,-4.20746962588969,0,4.20746962588969,0
138,142,0.0036033231269247,0.130689794492983,0,70.2667027836091,1,-5.95384338230682,0,5.95384338230682,0
137,143,0.001534992413833,0.0137305348464985,0,865.78312892214,1,-103.913627346686,0,103.913627346686,0
140,143,0.005737833195973,0.0103990161941799,0,312.555296599129,1,-216.097842842712,0,216.097842842712,0
135,144,0.0041974036327602,0.132012033174473,0,47.8535356475786,1,5.9538433823068,0,-5.9538433823068,0
128,145,0.0154976012925962,0.0579127920362963,0,270.61363655997,1,9.85728000224176,0,-9.85728000224176,0
139,145,0.0005135874143479,0.0010691455486067,0,3120.90396228475,1,-913.000350332929,0,913.000350332929,0
140,145,0.0165518675718373,0.0177829253262398,0,359.384038423538,1,141.440776821948,0,-141.440776821948,0
136,146,5.98553355417195e-05,0.0014495739852268,0,3557.47722424038,1,682.98467186299,0,-682.98467186299,0
140,146,0.0159192228772801,0.042907422432959,0,95.8418250055825,1,-45.1361599393188,0,45.1361599393188,0
145,146,0.002694485246524,0.0109472426281357,0,2838.16700814643,1,-406.669259561862,0,406.669259561862,0
144,147,0.0453647893913453,0.0669342963244451,0,872.154238998557,1,-31.6003018729321,0,31.6003018729321,0
147,148,0.0142255741659697,0.0097742813270811,0,205.63063368481,1,119.597200710058,0,-119.597200710058,0
131,149,0.016671037840652,0.178212716282765,0,20.0966561908112,1,1.24327652838555,0,-1.24327652838555,0
142,150,0.0392512948993743,0.12547361947436,0,56.2861129390523,1,-5.95384338230683,0,5.95384338230683,0
145,150,0.0043030839219415,0.133554580813048,0,70.2012638423895,1,5.95384338230683,0,-5.95384338230683,0
149,151,0.018172149106887,0.0960230052182472,0,40.6239782416275,1,-4.2157680724669,0,4.2157680724669,0
145,152,0.0024636899012262,0.0080244494937241,0,426.89626404008,1,-227.25037235427,0,227.25037235427,0
146,152,0.0342124445612655,0.347132141971956,0,80.0054410732355,1,7.57160631542297,0,-7.57160631542297,0
149,153,0.0002504718686352,0.0025487890995494,0,846.12639282618,1,301.119518903482,0,-301.119518903482,0
147,154,0.0010000398061264,0.0906641858787421,0,31.7717095853851,1,-9.1642092912033,0,9.1642092912033,0
145,155,0.021517935361893,0.0457765900157334,0,264.505841044125,1,-115.669065670805,0,115.669065670805,0
141,157,0.00143255142925,0.392321813177766,0,29.8330083653309,1,-4.20746962588969,0,4.20746962588969,0
154,160,0.0017658465969497,0.231665659466489,0,24.5069740800018,1,-9.16420929120329,0,9.16420929120329,0
156,160,0.0259796447303442,0.0782200841290588,0,651.989787279875,1,5.97755924741852,0,-5.97755924741852,0
159,160,0.0001319658322676,0.007264902421379,0,454.58205634837,1,-252.312755811126,0,252.312755811126,0
148,162,0.0001256784692781,0.0106953555126788,0,994.214944098216,1,-189.495246836968,0,189.495246836968,0
131,163,0.084572392998449,0.222996810719132,0,30.9214584739996,1,-5.41036360444836,0,5.41036360444836,0
149,163,0.0115013993050426,0.0454058977692656,0,2796.15264435155,1,-31.4510137668432,0,31.4510137668432,0
157,163,0.0160672193543024,0.0625995494349968,0,1942.40714403978,1,36.7109857092324,0,-36.7109857092324,0
146,164,0.0007021429891269,0.0069991578087205,0,725.413318366503,1,276.407534638706,0,-276.407534638706,0
149,164,0.0003436867233922,0.0089678361682469,0,408.350491787274,1,-249.427165512128,0,249.427165512128,0
155,165,0.0008027434135078,0.0158803595145542,0,510.996660145872,1,107.140024506331,0,-107.140024506331,0
156,165,0.0641139869934598,0.121881492557812,0,134.960303746592,1,-15.9010627892289,0,15.9010627892289,0
160,165,0.0009198626801752,0.0095085317573275,0,2218.80073576788,1,-252.994943343633,0,252.994943343633,0
156,166,0.0656060996617567,0.0185586063780884,0,60.2317440408548,1,9.92350354181033,0,-9.92350354181033,0
157,167,0.008497696622437,0.0125738745667403,0,2392.12165480401,1,204.690514867947,0,-204.690514867947,0
158,167,0.0001776628432512,0.0009568510862337,0,360.775165752339,1,-230.632934630583,0,230.632934630583,0
160,167,0.0077684118742831,0.0978102597720497,0,1901.76592609463,1,-2.50446251127742,0,2.50446251127742,0
164,167,0.0094966856729577,0.0371310767903452,0,102.434593609699,1,29.2052433800253,0,-29.2052433800253,0
161,168,0.0093034413204527,0.243992668482254,0,38.0642971752654,1,6.63436002610641,0,-6.63436002610641,0
162,168,0.0211844655559511,0.312232278434659,0,11.9834064019999,1,-3.64788901941184,0,3.64788901941184,0
161,169,0.0138009537491426,0.227088331134742,0,62.6131175241496,1,-6.27490392817204,0,6.27490392817204,0
164,169,0.0021778942650713,0.340307451794958,0,11.4691135088547,1,-2.22487425344716,0,2.22487425344716,0
161,170,0.172280107312041,0.463200896977228,0,33.5014565067532,1,0.150391662059115,0,-0.150391662059115,0
163,170,0.258965828608242,0.473980494142238,0,33.5014565067532,1,-0.150391662059117,0,0.150391662059117,0
161,171,0.210361071242405,0.930882027463102,0,2.55955004900657,1,-0.509847759993483,0,0.509847759993483,0
166,171,0.0244597951243603,0.271541979238758,0,135.100238000615,1,-3.14049937299816,0,3.14049937299816,0
169,171,0.11868205488595,0.260344923355361,0,90.3631958492091,1,3.65034713299164,0,-3.65034713299164,0
121,173,0.337005798574578,0.491728112464637,0,16.4556538371699,1,-10.9435281723999,0,10.9435281723999,0
122,173,0.0017789236234534,0.0292450141626115,0,425.831431599131,1,-94.2158333791603,0,94.2158333791603,0
166,173,0.0302306715936353,0.230170425644989,0,8.83164092857652,1,8.83164092852045,0,-8.83164092852045,0
168,173,0.05906667315019,0.197427654866304,0,67.3333862454238,1,4.01269338268635,0,-4.01269338268635,0
169,173,0.0003564913335193,0.0610002383898962,0,246.672643728609,1,62.8835134584947,0,-62.8835134584947,0
172,173,0.0053470527401628,0.0474379671122717,0,1302.29937108,1,29.4315137818588,0,-29.4315137818588,0
122,174,0.0040786499525282,0.0868004911518485,0,2090.52364544709,1,-22.9493966475809,0,22.9493966475809,0
169,175,0.009247160050261,0.0219194407995002,0,417.632134253738,1,-64.1144502652319,0,64.1144502652319,0
172,176,0.0123736232034637,0.0535419199593329,0,2385.0357731138,1,-33.3499981015483,0,33.3499981015483,0
175,176,0.0081920246912613,0.0241647081617618,0,419.313235044352,1,85.2262763991242,0,-85.2262763991242,0
168,177,0.0085942299119828,0.624454798001399,0,33.5014565067532,1,-0.829084486565257,0,0.829084486565257,0
172,177,0.407817152108307,0.0220056394227233,0,21.4861819537489,1,3.91848431968957,0,-3.91848431968957,0
124,178,0.0002315843355807,0.0050774660278372,0,671.259586942133,1,-184.600917302236,0,184.600917302236,0
175,178,0.0059880330434614,0.0111017003834815,0,950.359937644556,1,204.015037319981,0,-204.015037319981,0
176,178,0.0798714115186723,0.118697471954879,0,9.94645068052459,1,1.73083485072743,0,-1.73083485072743,0
177,178,0.0027541334297045,0.0788086790079461,0,729.534636689227,1,-21.1449548684723,0,21.1449548684723,0
125,179,0.457204541289551,0.554052590677548,0,6.01794899760944,1,-1.28495805401563,0,1.28495805401563,0
174,179,0.0560343977600246,0.0676229998361592,0,613.176411596418,1,-22.9493966475809,0,22.9493966475809,0
177,179,0.0025517009417555,0.0215132555156924,0,1237.21557215563,1,24.2343547015966,0,-24.2343547015966,0
145,180,0.0013252086724287,0.0702536777489859,0,1494.35662534118,1,-18.0674393041104,0,18.0674393041104,0
149,180,0.0166849330247765,0.066893463693451,0,460.6084011892,1,-14.7822950236588,0,14.7822950236588,0
151,180,0.127479265907474,0.138534232863489,0,36.8303234147668,1,-4.2157680724669,0,4.2157680724669,0
167,180,0.0364683726809504,0.215676812549315,0,9.65662002867591,1,0.75836110611172,0,-0.75836110611172,0
176,180,0.0415943170012485,0.0516536310280044,0,963.257818880516,1,26.1551627969214,0,-26.1551627969214,0
185,186,0.0007162877423121,0.0084845221307456,0,735.513186320803,1,-174.749116174763,0,174.749116174763,0
183,187,0.0034224224715945,0.371451160120041,0,40.0425480356021,1,7.59034065630526,0,-7.59034065630526,0
184,187,0.0099027505593445,0.107052941728175,0,39.3643919068004,1,7.1302429509569,0,-7.1302429509569,0
181,188,0.008442082127696,0.0943750797763545,0,14297.036173337,1,38.8993500829962,0,-38.8993500829962,0
183,189,0.0549287702898497,0.0981224397017493,0,66.1515535657693,1,-2.91836123585891,0,2.91836123585891,0
188,190,0.0067759324097666,0.0887643005887176,0,219.17268355055,1,-8.92630655141788,0,8.92630655141788,0
188,191,9.33460963070011e-05,0.0339245002945303,0,259.073082287111,1,-62.8666201759049,0,62.8666201759049,0
189,191,0.0042175826543869,0.0406513111529556,0,141.284422831064,1,51.8964314862552,0,-51.8964314862552,0
190,193,0.0175488979209984,0.0879000455584911,0,244.163720918168,1,-8.92630655141793,0,8.92630655141793,0
192,194,0.0018816584278536,0.0652418348153606,0,5939.17197369724,1,-19.2154815926598,0,19.2154815926598,0
187,195,0.0001663303685135,0.0159765858504174,0,879.534294002031,1,91.938593871274,0,-91.938593871274,0
188,195,0.0302480500101005,0.0548529065146579,0,6.057760057579,1,6.05776005683945,0,-6.05776005683945,0
187,197,0.0009580977644485,0.0244074131229734,0,1030.75509613982,1,-15.8055792493528,0,15.8055792493528,0
189,199,0.0130516947176441,0.103798296672513,0,17.3626944357828,1,-4.71824286981797,0,4.71824286981797,0
198,199,0.028157052620213,0.0977156813613246,0,17.2950668148281,1,4.71824286981801,0,-4.71824286981801,0
192,200,0.0029591001302196,0.0075132216782104,0,1284.48959156554,1,-270.17321309094,0,270.17321309094,0
194,200,0.0044341064261651,0.0403954468566237,0,3941.34102725617,1,-19.2154815926597,0,19.2154815926597,0
196,200,0.0582606332475379,0.487169332350289,0,33.5014565067532,1,0.784245850405174,0,-0.784245850405174,0
197,200,0.0001684374770271,0.0002136767179637,0,1847.49515733008,1,273.446992848619,0,-273.446992848619,0
193,201,0.0170039096077439,0.0410999407043204,0,988.64724670739,1,4.7884547240578,0,-4.7884547240578,0
193,203,0.0001297990921625,0.0308158431321375,0,55.6525380900978,1,-13.7147612754756,0,13.7147612754756,0
196,203,0.0182234640259754,0.163488698302745,0,33.7754712181104,1,-0.939565721954816,0,0.939565721954816,0
195,205,0.0006253760204379,0.0690511522232119,0,889.809259399398,1,-31.1355370682141,0,31.1355370682141,0
196,205,0.010686620013225,0.182363671679803,0,24.9318051967976,1,0.155319871549631,0,-0.155319871549631,0
201,205,0.021087347213519,0.0295949520319171,0,42.0006351697921,1,-14.7830636082511,0,14.7830636082511,0
197,207,0.0019941558307972,0.0033028884585856,0,5481.75981858853,1,-330.963708542101,0,330.963708542101,0
203,207,0.0005029685706841,0.0010849368837913,0,4172.65334797363,1,-567.679626466777,0,567.679626466777,0
204,207,0.0024977501571125,0.0017882106483177,0,2940.89128640172,1,898.643335008876,0,-898.643335008876,0
198,208,0.0830656128036449,0.0211546337432302,0,17.0667200276743,1,-4.71824286981795,0,4.71824286981795,0
203,209,0.008470338244083,0.0880244196741998,0,19774.9298545161,1,-57.2855701395205,0,57.2855701395205,0
202,210,5.5866821567773e-05,0.0010042551323535,0,2276.94749711792,1,-686.689261384082,0,686.689261384082,0
203,210,0.0008050511722993,0.0011441928570426,0,1052.81343452026,1,646.167174073348,0,-646.167174073348,0
208,210,0.0010000292660297,0.0995192829093218,0,661.139431318479,1,40.5220873107362,0,-40.5220873107362,0
201,211,0.013047012901804,0.0193530044701118,0,217.283321509872,1,19.5715183323089,0,-19.5715183323089,0
203,212,0.0161860837248071,0.0704094573370646,0,1762.03651600149,1,-35.8563044644791,0,35.8563044644791,0
206,212,0.0001082386147736,0.0052629600216068,0,1995.21901274493,1,-338.835541821553,0,338.835541821553,0
208,213,4.74325508790862e-05,0.0125515865102396,0,1097.18218988996,1,-126.833217774122,0,126.833217774122,0
209,213,0.0009677702884329,0.0002089816843668,0,1233.20813298809,1,752.131730232588,0,-752.131730232588,0
202,215,0.0016997776390535,0.0029454052094215,0,4076.75024649725,1,-462.984586323157,0,462.984586323157,0
206,215,0.0046755466326352,0.0023805616503007,0,2134.19064775807,1,338.835541821553,0,-338.835541821553,0
208,215,0.0020167869009657,0.0331032997175033,0,193.099663189834,1,101.460069009871,0,-101.460069009871,0
208,216,0.001909100706223,0.0307683089503394,0,71.2140564401084,1,13.9011223717877,0,-13.9011223717877,0
209,216,0.0182922571801336,0.0151076623248152,0,749.287494163997,1,144.089392667304,0,-144.089392667304,0
211,216,0.0014090992919006,0.0051823137862494,0,2788.42324839319,1,-745.589741697963,0,745.589741697963,0
214,216,7.31380275258257e-06,0.0023579188457743,0,593.065862184916,1,593.065862184773,0,-593.065862184773,0
211,217,0.0002343079585946,0.0014294684238927,0,1677.83540444378,1,765.161260030273,0,-765.161260030273,0
181,218,0.0004343613111527,0.074607496869347,0,20.9479686085731,1,9.65365520220642,0,-9.65365520220642,0
208,218,0.0161660029667053,0.197196494864865,0,95.1624389380552,1,11.8769201914521,0,-11.8769201914521,0
215,218,0.0413285043240317,0.0445484297888966,0,179.283920494489,1,-22.8195706799433,0,22.8195706799433,0
186,219,0.0068192745319352,0.109661198278939,0,6.14215985177613,1,-4.87600579635574,0,4.87600579635574,0
185,222,0.0097974778695391,0.073195379298045,0,162.801927251684,1,-15.515180385947,0,15.515180385947,0
221,222,0.0010588350630936,0.0730220084488526,0,181.190856303112,1,15.515180385947,0,-15.515180385947,0
215,224,0.0034020424571645,0.644835550308638,0,8.69398338115474,1,0.130595188209745,0,-0.130595188209745,0
220,224,0.0024133705856192,0.134411905779306,0,149.900727111821,1,-7.59093095159557,0,7.59093095159557,0
223,224,0.0064342885122875,0.123247998212059,0,133.968928825297,1,7.46033576338582,0,-7.46033576338582,0
217,225,0.0005773008346395,0.0076649217287437,0,937.051475422695,1,-154.408988046953,0,154.408988046953,0
219,225,0.0018606997230351,0.0103985731819452,0,941.443432600125,1,161.432887985009,0,-161.432887985009,0
220,225,0.0194053427195398,0.0372089457442579,0,45.038160316129,1,-7.02389993805617,0,7.02389993805617,0
223,226,0.100405837957742,0.0896278095502809,0,22.6502741398378,1,-4.28527691170701,0,4.28527691170701,0
183,227,0.010027035757104,0.116743875453764,0,77.7436970481207,1,-1.49233751774805,0,1.49233751774805,0
192,227,0.0201727427131156,0.193901796703152,0,1467.36167951648,1,-24.219421287963,0,24.219421287963,0
216,227,0.0356168640612675,0.134456745389659,0,39.3921854388013,1,5.46663552590231,0,-5.46663552590231,0
218,227,0.142853274169027,0.914935062336259,0,33.5014565067532,1,-1.28899528628482,0,1.28899528628482,0
221,227,0.0031920656582563,0.0544417987074162,0,282.910746143943,1,-20.3741535217407,0,20.3741535217407,0
191,229,0.0601985884407956,0.226196183504326,0,146.205283101762,1,-10.9701886896497,0,10.9701886896497,0
219,229,0.0054583862217031,0.0123843489539281,0,448.606848450161,1,-148.923098433048,0,148.923098433048,0
226,229,0.167590995239453,0.525370651440938,0,15.474090962353,1,-2.77989700814003,0,2.77989700814003,0
220,230,0.0074583047454501,0.0081583411825453,0,1596.42716902056,1,-101.386174056193,0,101.386174056193,0
223,230,0.0592321271159208,0.32832925537559,0,33.6440706004219,1,3.38879319253497,0,-3.38879319253497,0
226,230,0.0279307645095488,0.183646188695714,0,147.516671652438,1,8.15001900703478,0,-8.15001900703478,0
221,231,0.0219907749748726,0.177438687559512,0,15.5250152541994,1,4.85897313579375,0,-4.85897313579375,0
189,233,0.0013694464103188,0.007526401612975,0,180.979932772701,1,120.799853260307,0,-120.799853260307,0
219,233,0.0083280821079726,0.0324040727926083,0,12443.4705033986,1,-17.3857953483167,0,17.3857953483167,0
223,233,0.0299707555004554,0.0094516600102081,0,219.034250476283,1,-59.630926645522,0,59.630926645522,0
230,233,0.0107607368544258,0.0651781075767869,0,5526.83378245636,1,-25.7180095064773,0,25.7180095064773,0
232,233,0.0026350899334108,0.0269429317437156,0,18.0651217600912,1,-18.0651217599903,0,18.0651217599903,0
181,234,0.0035151191746039,0.0135033698293805,0,281.114924843955,1,-75.0619167277085,0,75.0619167277085,0
182,234,0.0006788278822037,0.0177011714655744,0,538.148575597978,1,102.599711231684,0,-102.599711231684,0
183,234,0.0257570003607001,0.229176170446491,0,31.5473724753687,1,-3.17964190269828,0,3.17964190269828,0
226,234,0.0046269718628848,0.158570445063325,0,151.784884485674,1,-9.65539891060175,0,9.65539891060175,0
185,235,0.0003067424229198,0.0138460256947391,0,140.497940832714,1,-65.8838776564611,0,65.8838776564611,0
228,235,0.0021989407516661,0.011269508342686,0,2168.3415665046,1,131.056991247422,0,-131.056991247422,0
231,235,0.164522695819107,0.101706565078952,0,16.6267181880921,1,4.85897313579378,0,-4.85897313579378,0
232,236,0.0006127120681366,0.009046745989795,0,631.340025281083,1,303.062418499037,0,-303.062418499037,0
185,237,0.0002551253943257,0.0131231212261625,0,314.03514425057,1,250.613434244641,0,-250.613434244641,0
228,238,0.0039197617168429,0.0110496048667954,0,136.857067421488,1,-131.056991247422,0,131.056991247422,0
185,239,0.0725683351641335,0.529430503583788,0,51.802877866798,1,5.53473997253064,0,-5.53473997253064,0
192,239,0.0017064102958545,0.0051397444684801,0,2148.10775790439,1,313.608115971562,0,-313.608115971562,0
236,239,0.0051202384183688,0.0075316038207987,0,748.302045205331,1,303.062418499037,0,-303.062418499037,0
237,239,0.0025087408476342,0.0005762894053831,0,1819.6334797069,1,-622.205274443127,0,622.205274443127,0
184,240,0.0026404456214305,0.0880779100944207,0,37.8247186780358,1,-7.1302429509569,0,7.1302429509569,0
186,240,0.0012523762000821,0.0386662034291084,0,133.167321781773,1,-7.5725107397187,0,7.5725107397187,0
234,240,0.0721206311066783,0.146694194964855,0,289.944992205096,1,14.7027536906756,0,-14.7027536906756,0
241,243,0.0059803084681283,0.0171934500436905,0,727.866496496072,1,-96.8720861171138,0,96.8720861171138,0
241,245,0.0001746972409451,0.0054442860805574,0,1701.37945264521,1,-340.587863886713,0,340.587863886713,0
243,245,0.0422353545250629,0.0071805810655397,0,891.692610607364,1,-26.278150968604,0,26.278150968604,0
244,246,0.0009878031004772,0.0142029760372846,0,467.571713064478,1,-132.793158279543,0,132.793158279543,0
243,247,0.0021985185296184,0.0143845343511816,0,780.978511139724,1,48.9863721804782,0,-48.9863721804782,0
246,247,0.0009908539900189,0.0109189874567672,0,436.598353629585,1,-122.228660073978,0,122.228660073978,0
244,248,0.0106343133062381,0.0140978659950055,0,233.222430079363,1,115.034592329,0,-115.034592329,0
250,253,0.0006733089534639,0.003304761290655,0,1806.25260350818,1,-585.113085591134,0,585.113085591134,0
248,255,0.000572133629716,0.0176864534722952,0,213.674101445828,1,115.034592329,0,-115.034592329,0
252,255,0.0029977595777808,0.0220599266485746,0,992.808563622959,1,107.687350610624,0,-107.687350610624,0
253,255,0.0083093574420487,0.0420680105548302,0,369.321827480538,1,72.5265178492828,0,-72.5265178492828,0
254,255,0.000428807404674,0.0060009201345716,0,887.999164708801,1,-295.248460788906,0,295.248460788906,0
246,256,0.0031889220843887,0.0109880338099726,0,284.842803103711,1,117.456538715929,0,-117.456538715929,0
251,256,8.79978828905177e-05,0.100680951315675,0,4298.32705033982,1,-27.9220612781937,0,27.9220612781937,0
253,256,0.0007279485023196,0.0134103819522331,0,1243.63275074283,1,-89.5344774377347,0,89.5344774377347,0
251,257,0.0288442005875637,0.509859924317317,0,32.4937629625457,1,-5.83477406614059,0,5.83477406614059,0
253,258,0.0051840534079079,0.0480848380474854,0,166.181882261672,1,60.0301244937733,0,-60.0301244937733,0
249,259,2.47050831961006e-05,0.0011070954722412,0,774.339418595138,1,704.175805282378,0,-704.175805282378,0
252,259,0.0017038470712426,0.0091855317174142,0,423.740584936663,1,-160.23623769463,0,160.23623769463,0
253,259,0.0032646319161208,0.0013612653918062,0,1272.94670554026,1,-585.031975012168,0,585.031975012168,0
257,259,0.104227110841052,0.0138226394324104,0,1945.7447220963,1,41.09240742442,0,-41.09240742442,0
258,260,0.0098380513481332,0.028657912575489,0,235.014218309543,1,60.1547762199389,0,-60.1547762199389,0
251,261,0.0099919274568652,0.0289483087548776,0,1017.48763541654,1,33.7568353443343,0,-33.7568353443343,0
252,261,0.0273621661281522,0.0363901176058933,0,135.319949043416,1,52.5488870840067,0,-52.5488870840067,0
257,262,0.0017703364997916,0.0211319121377946,0,798.531426939243,1,100.464967582557,0,-100.464967582557,0
258,263,0.0021991717525298,0.0354995994637689,0,38.8955519855243,1,-28.5261377828684,0,28.5261377828684,0
254,264,0.0046436991105122,0.0196051923960688,0,891.446316962832,1,295.248460788906,0,-295.248460788906,0
257,265,0.0203560185373788,0.113659224320079,0,583.10336916695,1,24.2652081305632,0,-24.2652081305632,0
263,267,0.0693551829050034,0.127516814850774,0,141.312704454832,1,-8.1660453386864,0,8.1660453386864,0
264,268,0.0132724918715017,0.0672396852964507,0,454.756447982803,1,-83.2020640008209,0,83.2020640008209,0
263,269,0.0004883006378295,0.0078127719030477,0,707.59618917701,1,101.191708790176,0,-101.191708790176,0
267,269,0.0015436793353277,0.0060829396461057,0,1129.70437443064,1,301.153050556129,0,-301.153050556129,0
262,270,0.0039249005435095,0.0323705990931262,0,275.805662486477,1,59.0350687158753,0,-59.0350687158753,0
262,271,0.831392171766054,0.662546549301238,0,33.5014565067532,1,0.0,0,0.0,0
242,272,0.0009852553981907,0.0356530609476249,0,216.131447443651,1,65.3625568999298,0,-65.3625568999298,0
265,272,0.0126454271279966,0.0137757876652336,0,611.08222341497,1,-83.6989302632246,0,83.6989302632246,0
265,275,0.0008340390716434,0.0071562252360741,0,436.090596077396,1,251.02235146787,0,-251.02235146787,0
266,275,0.025769169648172,0.251503698260357,0,60.0111017361423,1,4.37391984381171,0,-4.37391984381171,0
268,275,0.0003151822150675,0.003738309872987,0,922.637510189783,1,-488.665515681628,0,488.665515681628,0
261,276,0.0026364656542344,0.0348615743005318,0,103.725893487385,1,-32.2710294679697,0,32.2710294679697,0
266,276,0.202613622716649,0.143390451107217,0,60.1886159701319,1,-4.3739198438117,0,4.3739198438117,0
267,276,0.010355182112789,0.0192152702212096,0,89.3935454254928,1,32.7941417414959,0,-32.7941417414959,0
250,279,0.002017203102191,0.0086873413341254,0,1317.45888022634,1,-183.063290415901,0,183.063290415901,0
257,279,0.0011452688103704,0.0289102737563276,0,726.356780938831,1,59.0694890211502,0,-59.0694890211502,0
278,279,0.0015959973567919,0.0033469484864215,0,316.275398764495,1,170.933381557236,0,-170.933381557236,0
257,280,0.0366022284652743,0.923916806274698,0,6.40776628705779,1,2.51840433958934,0,-2.51840433958934,0
275,280,0.0017577020447435,0.0095492276838849,0,444.578127512754,1,-233.269244369947,0,233.269244369947,0
273,281,0.212275553110656,0.277315894523066,0,2036.79722209672,1,8.86260240001434,0,-8.86260240001434,0
277,281,0.0012348312935974,0.0292762859199954,0,1447.01252819099,1,34.8330970871824,0,-34.8330970871824,0
280,281,0.0638210096083628,0.0303152155403451,0,109.184937638133,1,-41.6511125744662,0,41.6511125744662,0
279,282,0.0294420559242343,0.0792359144736762,0,64.6783473369546,1,-3.93047988071984,0,3.93047988071984,0
280,282,0.0526761707983153,0.6358226761886,0,8.69039451154897,1,-1.46348376459459,0,1.46348376459459,0
281,282,0.0522826467773438,0.0615774063875176,0,90.1836638420116,1,5.39396364531437,0,-5.39396364531437,0
258,283,0.0056169104917108,0.0261558789804423,0,502.577478124543,1,-71.8899559236166,0,71.8899559236166,0
273,283,0.0012781652927098,0.0224024595256561,0,1435.52316647799,1,168.025747709862,0,-168.025747709862,0
274,283,0.0136038740362834,0.0316694096103829,0,955.033900178583,1,-101.016880618507,0,101.016880618507,0
276,283,0.0452952426686783,0.118551425095666,0,60.2680673850276,1,-3.85080757028549,0,3.85080757028549,0
278,283,0.0037737112710296,0.0178353118379758,0,86.230338375078,1,69.2431550836216,0,-69.2431550836216,0
278,284,0.0022824072921174,0.0390551252346455,0,231.241128221015,1,-51.7212690572156,0,51.7212690572156,0
278,285,0.017214778842216,0.0746182225769569,0,180.907826056577,1,-8.6105967651352,0,8.6105967651352,0
280,285,0.0027781182685751,0.017304762711085,0,1101.87400439147,1,-105.964680090207,0,105.964680090207,0
281,285,0.0209395709110393,0.170488790935879,0,24.1953251145488,1,-3.34937673258366,0,3.34937673258366,0
277,286,0.0130772144541701,0.0238198391527677,0,138.159484827654,1,50.7482122545317,0,-50.7482122545317,0
280,286,0.0362346583611448,0.156742038465618,0,122.06345476395,1,-6.84967429484771,0,6.84967429484771,0
284,286,3.84480009318835e-05,0.0223908566130143,0,876.342216066689,1,95.4646347053006,0,-95.4646347053006,0
278,288,0.0021865481141393,0.013664375213053,0,986.399955797022,1,-179.844670818507,0,179.844670818507,0
287,288,0.0094122863048359,0.127477124359652,0,33.5014565067532,1,-5.72504735854266,0,5.72504735854266,0
284,289,0.0042883658896316,0.0130414790099699,0,211.663345890903,1,-69.1856801673002,0,69.1856801673002,0
283,290,0.0209805658182129,0.0499708755212782,0,136.232255015869,1,-37.3524911963286,0,37.3524911963286,0
287,290,0.0039328822098255,0.0819408969965512,0,233.171642944397,1,13.3765812164433,0,-13.3765812164433,0
267,291,6.36259426888236e-05,0.0032045748770661,0,481.952423945664,1,-405.302903103987,0,405.302903103987,0
272,291,0.0196269423771409,0.0385472067315632,0,868.171984036199,1,-18.3363733632948,0,18.3363733632948,0
273,291,0.0195140210394166,0.117016725361671,0,5630.91238974275,1,19.5846955583237,0,-19.5846955583237,0
241,292,0.0032237288735697,0.0012203746009383,0,517.099056127437,1,437.459950003827,0,-437.459950003827,0
289,294,0.10311569321807,0.2248516178738,0,33.5014565067532,1,0.0,0,0.0,0
273,295,0.0103112424228426,0.0010911783719698,0,787.958692769062,1,-256.741784843,0,256.741784843,0
287,295,0.047979527985635,0.141372352736704,0,228.444940771128,1,-7.65153385790063,0,7.65153385790063,0
289,295,0.0022633163595794,0.0002918100756828,0,604.761600473512,1,386.883160817177,0,-386.883160817177,0
290,295,0.0064640186559494,0.0153115126134592,0,417.362838000426,1,-142.233132815644,0,142.233132815644,0
291,295,0.0795131983307242,0.58889542317967,0,59.8934439405251,1,-4.36730856279258,0,4.36730856279258,0
242,296,0.0018617791855812,0.0180902889897421,0,279.583612352674,1,-65.3625568999297,0,65.3625568999297,0
277,296,0.0027383632629013,0.022811133291449,0,490.095493851964,1,-85.5813093417141,0,85.5813093417141,0
267,297,0.0584860825513158,0.355356466424555,0,106.560078473017,1,-4.64489120099424,0,4.64489120099424,0
292,297,0.0001770335960213,0.0034588516420727,0,661.338838051242,1,437.459950003829,0,-437.459950003829,0
291,298,0.0223560722449544,0.0105773862983114,0,2911.16115626174,1,-512.100965820755,0,512.100965820755,0
293,298,0.0012343838077051,0.0026161386956811,0,875.176919009103,1,655.206062236196,0,-655.206062236196,0
296,298,4.70636748464451e-05,0.0182432562577197,0,1326.58724769351,1,-143.10509641544,0,143.10509641544,0
247,299,0.0050543053786931,0.0370249728913178,0,138.547586035413,1,44.7500596451577,0,-44.7500596451577,0
296,299,0.467253019869209,0.853208563663036,0,2.04450886996915,1,1.29299524676898,0,-1.29299524676898,0
243,300,0.0011005610934665,0.0175748268406878,0,521.795190443295,1,50.4856627245408,0,-50.4856627245408,0
296,300,0.0121244749085434,0.0406322871878066,0,1326.88125442944,1,-9.13176507297266,0,9.13176507297266,0
299,300,0.0114887117501654,0.0356493390469954,0,147.973465217519,1,-41.3538976515682,0,41.3538976515682,0
26,84,0.0039558915814782,0.031990744059632,0,236.830062337908,1,57.2743757337464,0,-57.2743757337464,0
3,81,0.0001762361235619,0.0124367743491653,0,626.646580305879,1,175.932423575006,0,-175.932423575006,0
57,63,0.0011408072942843,0.0028285712869666,0,1338.24226201461,1,-382.15779722858,0,382.15779722858,0
8,120,0.0018429384318288,0.055208749179825,0,646.190542253836,1,33.6721510436031,0,-33.6721510436031,0
107,139,0.0110626670369697,0.0821416378483702,0,1541.3402646406,1,-89.7549202267652,0,89.7549202267652,0
98,168,4.32832313552949e-05,0.173510189280106,0,19.8351249029367,1,0.19713788942653,0,-0.19713788942653,0
98,176,0.0008723143343378,0.0981802618095829,0,2023.39713214181,1,-23.9902806499271,0,23.9902806499271,0
109,121,0.0851238242444029,0.516847195311306,0,19.7611668037109,1,-10.9435281723999,0,10.9435281723999,0
122,238,0.0001719113355137,0.0070048016559879,0,155.050098833349,1,131.056991247422,0,-131.056991247422,0
132,182,0.0004066660072041,0.0128429918297428,0,290.649197468775,1,148.832661918387,0,-148.832661918387,0
139,209,0.0005037327538133,0.0008456714011528,0,1246.66217126695,1,953.506693039419,0,-953.506693039419,0
148,189,0.0026790883830183,0.0074696145985705,0,331.365621540153,1,220.52758110687,0,-220.52758110687,0
200,284,0.0417997512375839,0.204078401853614,0,309.43085074841,1,-15.1574559845797,0,15.1574559845797,0
205,299,0.0164642762183592,0.0304342981538287,0,809.714023854408,1,-87.396952543495,0,87.396952543495,0
188,258,0.0025269779164563,0.0055246239681404,0,693.550870864391,1,104.63451675348,0,-104.63451675348,0
230,244,0.0031363371154921,0.0707706418716193,0,1052.255997372,1,-17.7585659505433,0,17.7585659505433,0
289,15,0.063437457892374,0.208714572022927,0,251.371668520133,1,21.572419368541,0,-21.572419368541,0
243,4,3.15901188695116e-05,0.0067409641059113,0,498.456407005867,1,-170.065970053529,0,170.065970053529,0
291,40,0.0058936983940168,0.0252505216528069,0,530.90693115283,1,112.876564046547,0,-112.876564046547,0
289,17,1.65650579031246e-05,0.0020191543223481,0,1698.03674233919,1,-477.641260353008,0,477.641260353008,0
